-0.00465216	0.00504524
-0.0108707	0.0093491
-0.01801	0.0132755
-0.0254449	0.0166295
-0.0327688	0.0199454
-0.0400929	0.0229744
-0.0476354	0.0258614
-0.0552259	0.0291047
-0.0625175	0.03135
-0.0699811	0.0332167
-0.077577	0.0349993
-0.0854337	0.0362833
-0.0937395	0.0372019
-0.102606	0.037386
-0.111442	0.037846
-0.119282	0.0379184
-0.126651	0.0376093
-0.13411	0.0373074
-0.141628	0.0367191
-0.149224	0.0358163
-0.157437	0.0343529
-0.166302	0.0325506
-0.174279	0.0302022
-0.182075	0.0271533
-0.190148	0.0236829
-0.198081	0.0199631
-0.205887	0.0160478
-0.213378	0.0120141
-0.220583	0.00768574
-0.22783	0.00311719
-0.235016	-0.00193381
-0.241905	-0.00714322
-0.248681	-0.0124134
-0.255166	-0.017413
-0.262134	-0.0225538
-0.269135	-0.028146
-0.275739	-0.0339497
-0.282184	-0.0396267
-0.288436	-0.04526
-0.294482	-0.050804
-0.300476	-0.0563631
-0.306473	-0.0620087
-0.312284	-0.0677297
-0.317957	-0.0733988
-0.323714	-0.0789261
-0.329505	-0.0842934
-0.335858	-0.0900467
-0.34168	-0.0958037
-0.347664	-0.101536
-0.353534	-0.107138
-0.359936	-0.112224
-0.365875	-0.117874
-0.371459	-0.123504
-0.377028	-0.129134
-0.382436	-0.134875
-0.388008	-0.140778
-0.393631	-0.146752
-0.398716	-0.153071
-0.403448	-0.159604
-0.408221	-0.166039
-0.413858	-0.173009
-0.419218	-0.180092
-0.424057	-0.18727
-0.4296	-0.194516
-0.435565	-0.201476
-0.441114	-0.208341
-0.446361	-0.215176
-0.451669	-0.221903
-0.456737	-0.228451
-0.461197	-0.234858
-0.465794	-0.24133
-0.470698	-0.247853
-0.475569	-0.254334
-0.480494	-0.260824
-0.485634	-0.267362
-0.491355	-0.273654
-0.49673	-0.279797
-0.502615	-0.285536
-0.508579	-0.291278
-0.514141	-0.296218
-0.519475	-0.301804
-0.524894	-0.307466
-0.530331	-0.313561
-0.5362	-0.320124
-0.541544	-0.327391
-0.546844	-0.334263
-0.552035	-0.340632
-0.557104	-0.347456
-0.561967	-0.354266
-0.566847	-0.361286
-0.57157	-0.36866
-0.57685	-0.375565
-0.58216	-0.381818
-0.587479	-0.387856
-0.592156	-0.394555
-0.596189	-0.40125
-0.600514	-0.407895
-0.604908	-0.414689
-0.608989	-0.420906
-0.612881	-0.427618
-0.616966	-0.43425
-0.621046	-0.440904
-0.625311	-0.44768
-0.630215	-0.453992
-0.635495	-0.461011
-0.641085	-0.467845
-0.645597	-0.474562
-0.650415	-0.480845
-0.655187	-0.487563
-0.660065	-0.494446
-0.664938	-0.501142
-0.669866	-0.50781
-0.674793	-0.514569
-0.679907	-0.520956
-0.68448	-0.52733
-0.689006	-0.533768
-0.693223	-0.540062
-0.697752	-0.546983
-0.702289	-0.553817
-0.706765	-0.560616
-0.711117	-0.567199
-0.715117	-0.573197
-0.719025	-0.579369
-0.723021	-0.58594
-0.727512	-0.592497
-0.732	-0.599066
-0.735967	-0.606429
-0.740281	-0.613389
-0.744577	-0.620322
-0.748919	-0.6272
-0.753642	-0.634287
-0.758568	-0.641138
-0.763624	-0.647822
-0.769003	-0.654859
-0.773994	-0.661429
-0.778285	-0.6678
-0.783388	-0.673282
-0.788513	-0.678884
-0.793056	-0.685127
-0.797412	-0.691256
-0.801207	-0.698056
-0.806223	-0.704912
-0.811258	-0.711827
-0.815339	-0.719465
-0.819238	-0.727102
-0.822991	-0.734197
-0.826689	-0.741282
-0.830361	-0.748163
-0.834202	-0.755071
-0.838184	-0.762103
-0.842102	-0.769227
-0.84595	-0.776411
-0.850247	-0.78317
-0.854701	-0.789946
-0.8594	-0.796989
-0.863871	-0.80362
-0.868471	-0.810674
-0.872846	-0.817609
-0.877338	-0.824574
-0.881857	-0.831464
-0.886099	-0.838423
-0.89034	-0.84525
-0.894162	-0.851927
-0.897626	-0.858598
-0.901306	-0.864896
-0.905508	-0.872432
-0.909568	-0.880008
-0.913326	-0.888117
-0.917037	-0.896024
-0.920624	-0.903964
-0.925441	-0.911422
-0.930274	-0.919014
-0.934858	-0.926517
-0.93936	-0.933838
-0.943346	-0.940786
-0.947483	-0.947476
-0.95151	-0.95438
-0.954923	-0.961208
-0.958268	-0.968095
-0.961529	-0.974498
-0.965965	-0.980691
-0.970503	-0.987191
-0.97538	-0.994389
-0.980462	-1.00105
-0.985523	-1.00759
-0.991115	-1.01441
-0.996297	-1.02204
-1.00189	-1.02958
-1.00749	-1.03711
-1.01293	-1.04438
-1.01805	-1.05161
-1.02296	-1.05984
-1.02854	-1.06784
-1.03494	-1.07498
-1.04108	-1.0815
-1.04679	-1.08805
-1.05191	-1.09462
-1.05699	-1.10087
-1.06134	-1.106
-1.06568	-1.11157
-1.06988	-1.11738
-1.07427	-1.12334
-1.0787	-1.12876
-1.08321	-1.13466
-1.08775	-1.14072
-1.09236	-1.14691
-1.09733	-1.153
-1.10225	-1.15886
-1.10694	-1.16491
-1.11164	-1.17112
-1.11648	-1.17761
-1.1216	-1.18423
-1.12628	-1.19144
-1.13168	-1.19882
-1.13705	-1.20538
-1.14266	-1.21206
-1.14896	-1.21922
-1.15514	-1.22578
-1.16055	-1.232
-1.16614	-1.23826
-1.17166	-1.24441
-1.17726	-1.25058
-1.18195	-1.25648
-1.18614	-1.26226
-1.1904	-1.26817
-1.19495	-1.27447
-1.20026	-1.28147
-1.20555	-1.28826
-1.21062	-1.29497
-1.21552	-1.30122
-1.22015	-1.30737
-1.22499	-1.31238
-1.22973	-1.31783
-1.23452	-1.32336
-1.23931	-1.32894
-1.24363	-1.33484
-1.24789	-1.3408
-1.2523	-1.34669
-1.25668	-1.35326
-1.26088	-1.36043
-1.26514	-1.36778
-1.26933	-1.37566
-1.27336	-1.38317
-1.27798	-1.38963
-1.28225	-1.39608
-1.2865	-1.40249
-1.29114	-1.40893
-1.29559	-1.4157
-1.30004	-1.42243
-1.30478	-1.42886
-1.31019	-1.43398
-1.31527	-1.43932
-1.32038	-1.4447
-1.3256	-1.45007
-1.33107	-1.4552
-1.33652	-1.46063
-1.3419	-1.46638
-1.34646	-1.47261
-1.35117	-1.47841
-1.35601	-1.48417
-1.36101	-1.48951
-1.36587	-1.49526
-1.37071	-1.50087
-1.37566	-1.50709
-1.38056	-1.51341
-1.38554	-1.51982
-1.39063	-1.52602
-1.39572	-1.53211
-1.40074	-1.53822
-1.40573	-1.54416
-1.41087	-1.55036
-1.41542	-1.55674
-1.42025	-1.56312
-1.42508	-1.57011
-1.4303	-1.57762
-1.43537	-1.58525
-1.44034	-1.59288
-1.44511	-1.6
-1.44998	-1.60755
-1.45457	-1.61411
-1.45947	-1.62092
-1.46367	-1.62794
-1.46755	-1.63442
-1.47147	-1.64092
-1.47543	-1.64742
-1.47922	-1.65436
-1.48307	-1.66131
-1.48757	-1.66876
-1.492	-1.6761
-1.49639	-1.68311
-1.50073	-1.69006
-1.50508	-1.69685
-1.5095	-1.70363
-1.51392	-1.71031
-1.51823	-1.71697
-1.52264	-1.72328
-1.5269	-1.72982
-1.53118	-1.73635
-1.5352	-1.74322
-1.53941	-1.74947
-1.54366	-1.75573
-1.54804	-1.76182
-1.55243	-1.76772
-1.55699	-1.77373
-1.56123	-1.78009
-1.56549	-1.78656
-1.56986	-1.79218
-1.57432	-1.79843
-1.57896	-1.80472
-1.58344	-1.81088
-1.58842	-1.81747
-1.59344	-1.82411
-1.5984	-1.83063
-1.60333	-1.8371
-1.60874	-1.84415
-1.61388	-1.85126
-1.61876	-1.85824
-1.62417	-1.86538
-1.62944	-1.8724
-1.63466	-1.87936
-1.63958	-1.88619
-1.64419	-1.89361
-1.64815	-1.90138
-1.65209	-1.90893
-1.65605	-1.91622
-1.66011	-1.92352
-1.66418	-1.93068
-1.66831	-1.93798
-1.67307	-1.94491
-1.67787	-1.95177
-1.68261	-1.9584
-1.68754	-1.96432
-1.69135	-1.97015
-1.6951	-1.97652
-1.69892	-1.98296
-1.70267	-1.98955
-1.70641	-1.99554
-1.71045	-2.00179
-1.71446	-2.00811
-1.71843	-2.0144
-1.72241	-2.02077
-1.72645	-2.02718
-1.73118	-2.03339
-1.73586	-2.0401
-1.74079	-2.04661
-1.74551	-2.05319
-1.75006	-2.05946
-1.75446	-2.06615
-1.75907	-2.0722
-1.76371	-2.07832
-1.76891	-2.08409
-1.7748	-2.09013
-1.781	-2.0957
-1.78696	-2.10087
-1.79286	-2.10587
-1.79872	-2.11096
-1.80455	-2.11608
-1.80991	-2.12156
-1.8157	-2.1271
-1.82144	-2.1321
-1.8277	-2.13739
-1.83392	-2.14283
-1.84011	-2.14802
-1.84575	-2.15333
-1.85107	-2.15916
-1.85682	-2.16499
-1.86275	-2.1707
-1.86829	-2.17629
-1.8733	-2.18143
-1.8784	-2.18669
-1.88352	-2.19208
-1.8892	-2.19745
-1.89561	-2.20289
-1.90191	-2.20812
-1.90787	-2.21372
-1.91405	-2.21908
-1.91908	-2.22441
-1.92441	-2.22963
-1.92982	-2.23484
-1.93488	-2.2401
-1.94019	-2.24545
-1.94583	-2.25112
-1.95225	-2.2567
-1.95802	-2.26205
-1.96384	-2.26733
-1.9694	-2.27206
-1.97448	-2.27695
-1.98019	-2.28236
-1.98539	-2.28816
-1.99057	-2.29391
-1.99523	-2.30027
-1.99966	-2.30597
-2.00388	-2.31111
-2.00837	-2.3164
-2.01313	-2.3218
-2.01847	-2.32764
-2.02339	-2.33419
-2.02817	-2.34047
-2.03357	-2.34698
-2.03922	-2.35379
-2.04452	-2.36049
-2.04981	-2.367
-2.05522	-2.3735
-2.06037	-2.38013
-2.06599	-2.38703
-2.0714	-2.39321
-2.07674	-2.39936
-2.0828	-2.40507
-2.08942	-2.41167
-2.09601	-2.418
-2.10239	-2.42419
-2.10752	-2.43012
-2.11232	-2.43653
-2.11635	-2.44301
-2.12014	-2.44934
-2.12366	-2.45582
-2.12718	-2.46259
-2.13033	-2.46989
-2.13355	-2.47754
-2.1366	-2.48563
-2.13975	-2.49421
-2.14332	-2.50248
-2.14683	-2.51049
-2.15065	-2.5185
-2.15473	-2.52656
-2.15967	-2.53534
-2.16472	-2.54393
-2.16988	-2.55177
-2.17422	-2.55984
-2.17838	-2.56787
-2.18303	-2.57567
-2.18762	-2.58312
-2.19218	-2.59148
-2.1961	-2.59939
-2.19999	-2.60711
-2.20371	-2.61443
-2.20787	-2.62221
-2.21189	-2.62992
-2.21591	-2.63742
-2.21944	-2.64477
-2.22304	-2.65233
-2.22659	-2.65985
-2.22992	-2.66734
-2.23325	-2.67482
-2.23677	-2.68153
-2.24088	-2.68843
-2.24513	-2.69527
-2.24941	-2.70205
-2.25343	-2.70899
-2.25702	-2.71573
-2.26069	-2.72246
-2.26431	-2.72877
-2.26806	-2.73517
-2.27175	-2.74162
-2.27576	-2.74786
-2.2797	-2.75422
-2.28383	-2.75966
-2.28737	-2.76532
-2.29099	-2.77142
-2.29482	-2.778
-2.2989	-2.78503
-2.30298	-2.79167
-2.30717	-2.79817
-2.31139	-2.80479
-2.31584	-2.81119
-2.32047	-2.81681
-2.32489	-2.82261
-2.32942	-2.8281
-2.33372	-2.83366
-2.33888	-2.83891
-2.34332	-2.84481
-2.34806	-2.84984
-2.35304	-2.85588
-2.35749	-2.86137
-2.3621	-2.86694
-2.36643	-2.87243
-2.37145	-2.87745
-2.37648	-2.88229
-2.38121	-2.88682
-2.38612	-2.89161
-2.39117	-2.89682
-2.39638	-2.90218
-2.40132	-2.90675
-2.40628	-2.91177
-2.4104	-2.9172
-2.41477	-2.92287
-2.41946	-2.92889
-2.42408	-2.93532
-2.42866	-2.94193
-2.43294	-2.94838
-2.43776	-2.95522
-2.44305	-2.96194
-2.44795	-2.96869
-2.45278	-2.97561
-2.45737	-2.98324
-2.4615	-2.99121
-2.4656	-2.99878
-2.4698	-3.00602
-2.47445	-3.01332
-2.47889	-3.02066
-2.4832	-3.02805
-2.48732	-3.03523
-2.49076	-3.04291
-2.49424	-3.05045
-2.49787	-3.05836
-2.50154	-3.06608
-2.50572	-3.07325
-2.5099	-3.08103
-2.51389	-3.08806
-2.51823	-3.09462
-2.52236	-3.10101
-2.52699	-3.10748
-2.53173	-3.11385
-2.53718	-3.12019
-2.54278	-3.12717
-2.54829	-3.13393
-2.55369	-3.14056
-2.55912	-3.14717
-2.56423	-3.15371
-2.56927	-3.15963
-2.57433	-3.16503
-2.57889	-3.17145
-2.58354	-3.17746
-2.5882	-3.18354
-2.59254	-3.19037
-2.59668	-3.1982
-2.60063	-3.20586
-2.60511	-3.21346
-2.60928	-3.22064
-2.61345	-3.22774
-2.61783	-3.23465
-2.62286	-3.2412
-2.62781	-3.24764
-2.63373	-3.25376
-2.63946	-3.2598
-2.64504	-3.26544
-2.65039	-3.27115
-2.65561	-3.27689
-2.66039	-3.28309
-2.66571	-3.28888
-2.67101	-3.29486
-2.67646	-3.30093
-2.68185	-3.30706
-2.6876	-3.31281
-2.69279	-3.31856
-2.69797	-3.32437
-2.70344	-3.33014
-2.70968	-3.33527
-2.71604	-3.34004
-2.72204	-3.34514
-2.72759	-3.35003
-2.73315	-3.35467
-2.73881	-3.35987
-2.74433	-3.36547
-2.74917	-3.37065
-2.75411	-3.37575
-2.75913	-3.38101
-2.76433	-3.38611
-2.77007	-3.39174
-2.77567	-3.39726
-2.78178	-3.40285
-2.78766	-3.40843
-2.79426	-3.41409
-2.80064	-3.41964
-2.80645	-3.42539
-2.81187	-3.43114
-2.81818	-3.43812
-2.82426	-3.44488
-2.82992	-3.45122
-2.83495	-3.45741
-2.83995	-3.46281
-2.84509	-3.46835
-2.85017	-3.47389
-2.85538	-3.47954
-2.86014	-3.48463
-2.86514	-3.48975
-2.87083	-3.49436
-2.87629	-3.49807
-2.8819	-3.50202
-2.88792	-3.50668
-2.89342	-3.51159
-2.8992	-3.51684
-2.90496	-3.52255
-2.91134	-3.5278
-2.9176	-3.53307
-2.92375	-3.53835
-2.92981	-3.54364
-2.93573	-3.54897
-2.94173	-3.55449
-2.94766	-3.56005
-2.95286	-3.56562
-2.95852	-3.57119
-2.96429	-3.57753
-2.96949	-3.58434
-2.97549	-3.59033
-2.98147	-3.59629
-2.98748	-3.60198
-2.99283	-3.60817
-2.99816	-3.61435
-3.00354	-3.62043
-3.00867	-3.62647
-3.01382	-3.6324
-3.01875	-3.6383
-3.02385	-3.64461
-3.02911	-3.65084
-3.03432	-3.6572
-3.03978	-3.66349
-3.0451	-3.67007
-3.05035	-3.67656
-3.05573	-3.68271
-3.06148	-3.68906
-3.06726	-3.69583
-3.07302	-3.70227
-3.0787	-3.70858
-3.08441	-3.71505
-3.08992	-3.72139
-3.09561	-3.72779
-3.10118	-3.7341
-3.10703	-3.73959
-3.11283	-3.74501
-3.11853	-3.75046
-3.1245	-3.75604
-3.12979	-3.76147
-3.135	-3.76702
-3.13985	-3.77162
-3.14489	-3.77652
-3.15094	-3.78107
-3.15637	-3.7862
-3.16128	-3.79138
-3.16652	-3.79706
-3.17199	-3.80273
-3.17743	-3.8084
-3.18299	-3.81423
-3.18895	-3.8203
-3.19501	-3.82649
-3.20111	-3.83239
-3.20791	-3.83815
-3.21502	-3.84325
-3.22196	-3.84807
-3.22913	-3.85267
-3.23598	-3.85706
-3.24286	-3.8611
-3.24988	-3.86536
-3.2569	-3.86914
-3.26334	-3.87324
-3.27004	-3.87724
-3.27671	-3.88138
-3.28234	-3.88522
-3.28858	-3.88908
-3.29488	-3.89312
-3.30174	-3.89678
-3.30892	-3.90022
-3.31548	-3.90403
-3.32205	-3.90793
-3.32884	-3.91233
-3.33545	-3.91678
-3.34267	-3.92147
-3.34977	-3.92611
-3.35685	-3.93093
-3.36355	-3.93546
-3.37031	-3.93993
-3.37606	-3.94399
-3.38124	-3.94754
-3.38655	-3.95144
-3.39185	-3.95588
-3.39753	-3.96026
-3.40351	-3.96527
-3.40929	-3.97034
-3.41441	-3.97542
-3.41963	-3.98053
-3.4249	-3.98575
-3.43016	-3.99125
-3.4348	-3.99695
-3.43919	-4.00228
-3.44376	-4.00747
-3.44735	-4.0127
-3.4512	-4.01835
-3.45534	-4.02484
-3.45995	-4.03147
-3.46462	-4.03805
-3.46906	-4.04438
-3.4732	-4.05067
-3.47832	-4.05679
-3.48341	-4.06287
-3.48859	-4.06898
-3.49524	-4.0751
-3.50155	-4.08126
-3.50799	-4.08807
-3.51446	-4.09411
-3.52091	-4.10017
-3.52788	-4.10581
-3.5346	-4.11134
-3.54118	-4.11689
-3.5477	-4.12236
-3.55356	-4.12786
-3.55884	-4.13388
-3.56449	-4.13956
-3.57014	-4.14529
-3.57636	-4.15168
-3.58241	-4.15764
-3.58858	-4.16419
-3.59507	-4.17121
-3.60163	-4.17805
-3.60802	-4.18473
-3.61429	-4.19128
-3.61997	-4.19755
-3.62513	-4.20345
-3.63035	-4.20934
-3.63626	-4.21518
-3.6417	-4.22155
-3.64759	-4.22849
-3.65334	-4.23522
-3.65887	-4.24221
-3.66423	-4.24909
-3.66924	-4.25622
-3.67411	-4.26344
-3.6789	-4.27054
-3.6836	-4.27756
-3.68738	-4.28388
-3.69051	-4.29089
-3.69354	-4.29795
-3.69681	-4.30519
-3.70011	-4.3124
-3.70364	-4.32005
-3.70714	-4.3273
-3.71092	-4.33488
-3.71433	-4.3416
-3.71729	-4.3484
-3.7205	-4.35539
-3.72435	-4.36304
-3.72819	-4.37053
-3.73249	-4.3778
-3.73644	-4.38507
-3.74062	-4.39216
-3.74572	-4.3993
-3.75055	-4.40613
-3.75599	-4.41251
-3.76163	-4.41951
-3.76691	-4.4263
-3.77207	-4.43288
-3.77714	-4.43942
-3.78185	-4.44563
-3.78646	-4.45174
-3.79109	-4.45755
-3.79626	-4.46286
-3.80151	-4.46805
-3.80696	-4.47385
-3.81264	-4.47949
-3.81837	-4.48522
-3.82403	-4.49095
-3.82908	-4.49713
-3.8346	-4.50331
-3.83967	-4.50944
-3.84498	-4.5152
-3.84988	-4.52068
-3.85556	-4.52659
-3.86114	-4.53236
-3.86644	-4.53833
-3.87172	-4.54398
-3.87673	-4.54918
-3.88219	-4.55425
-3.88779	-4.55952
-3.89412	-4.56384
-3.89987	-4.56869
-3.90631	-4.57407
-3.9126	-4.57967
-3.91823	-4.58536
-3.92378	-4.59047
-3.92866	-4.59565
-3.93367	-4.60112
-3.94002	-4.60701
-3.94642	-4.61308
-3.95283	-4.61912
-3.95876	-4.62591
-3.96471	-4.63228
-3.96992	-4.63844
-3.97594	-4.64498
-3.98204	-4.6513
-3.98712	-4.65697
-3.99184	-4.66256
-3.99659	-4.66824
-4.00165	-4.67371
-4.00668	-4.67951
-4.01164	-4.68588
-4.01655	-4.69222
-4.02181	-4.69852
-4.02695	-4.70497
-4.03231	-4.71142
-4.03777	-4.71829
-4.04292	-4.72581
-4.04784	-4.73306
-4.05285	-4.74009
-4.05796	-4.7467
-4.06334	-4.75336
-4.06887	-4.7606
-4.074	-4.76761
-4.0789	-4.77458
-4.08348	-4.78188
-4.08806	-4.78909
-4.09236	-4.79619
-4.09722	-4.80404
-4.10114	-4.81164
-4.10503	-4.81911
-4.10865	-4.82657
-4.11231	-4.83389
-4.11616	-4.84107
-4.11955	-4.84793
-4.12342	-4.85415
-4.12737	-4.86045
-4.1317	-4.86693
-4.13547	-4.87311
-4.13962	-4.87888
-4.14272	-4.88525
-4.1459	-4.89141
-4.14936	-4.89763
-4.15303	-4.90419
-4.15627	-4.91046
-4.1594	-4.91698
-4.16271	-4.92366
-4.16624	-4.93023
-4.16993	-4.93725
-4.17382	-4.94462
-4.17802	-4.95196
-4.18173	-4.9587
-4.18563	-4.96559
-4.18924	-4.97264
-4.19291	-4.97873
-4.19623	-4.98485
-4.19961	-4.9911
-4.20381	-4.99726
-4.20802	-5.00344
-4.21276	-5.00993
-4.21662	-5.01672
-4.22046	-5.02283
-4.22433	-5.02932
-4.22803	-5.03594
-4.23189	-5.04262
-4.23595	-5.0494
-4.24008	-5.05616
-4.24442	-5.06259
-4.24913	-5.0686
-4.25433	-5.07382
-4.25911	-5.07929
-4.26415	-5.08446
-4.2694	-5.08927
-4.27465	-5.09475
-4.28052	-5.10065
-4.28627	-5.10672
-4.29193	-5.11277
-4.29767	-5.11851
-4.30336	-5.124
-4.30883	-5.12944
-4.31422	-5.13532
-4.31949	-5.14131
-4.32437	-5.14692
-4.32937	-5.15254
-4.3346	-5.15879
-4.34037	-5.16542
-4.34634	-5.17173
-4.35194	-5.17816
-4.35694	-5.18379
-4.36172	-5.1902
-4.36614	-5.19643
-4.371	-5.20252
-4.37581	-5.20872
-4.38049	-5.21465
-4.38524	-5.22062
-4.38998	-5.22664
-4.39526	-5.23236
-4.40015	-5.23807
-4.40501	-5.24305
-4.41073	-5.24846
-4.41661	-5.25369
-4.42269	-5.25894
-4.42883	-5.26398
-4.43482	-5.26889
-4.44068	-5.27378
-4.44655	-5.27902
-4.45249	-5.28418
-4.45898	-5.28926
-4.46526	-5.2944
-4.47167	-5.2997
-4.47807	-5.30574
-4.48429	-5.31122
-4.49091	-5.31694
-4.49731	-5.32281
-4.50345	-5.32891
-4.50961	-5.33436
-4.51566	-5.3399
-4.52162	-5.34546
-4.52744	-5.35075
-4.5332	-5.35585
-4.53873	-5.36113
-4.54468	-5.36644
-4.55058	-5.3718
-4.55626	-5.37725
-4.56092	-5.38199
-4.56537	-5.38729
-4.57001	-5.39285
-4.5748	-5.3988
-4.5794	-5.40482
-4.58317	-5.41069
-4.58716	-5.41678
-4.59099	-5.42286
-4.59468	-5.42924
-4.59808	-5.43564
-4.60161	-5.44192
-4.60524	-5.44831
-4.60867	-5.45462
-4.61135	-5.46076
-4.61423	-5.467
-4.61745	-5.47299
-4.6199	-5.47931
-4.62311	-5.48515
-4.62635	-5.49113
-4.62978	-5.49716
-4.63278	-5.50311
-4.6359	-5.50903
-4.63936	-5.51471
-4.64341	-5.52078
-4.64754	-5.52684
-4.65177	-5.53298
-4.65656	-5.54009
-4.66099	-5.54698
-4.66545	-5.55385
-4.66964	-5.5611
-4.67379	-5.5688
-4.67793	-5.5764
-4.68225	-5.58415
-4.68573	-5.59185
-4.68946	-5.59868
-4.69283	-5.6044
-4.69651	-5.61015
-4.70103	-5.61724
-4.70558	-5.62399
-4.71024	-5.63125
-4.71488	-5.63841
-4.72035	-5.64491
-4.72551	-5.65135
-4.73098	-5.65783
-4.73632	-5.66466
-4.74199	-5.67158
-4.74802	-5.67813
-4.75393	-5.68492
-4.75975	-5.69168
-4.76555	-5.69778
-4.77166	-5.70439
-4.77709	-5.71126
-4.78331	-5.71811
-4.79015	-5.72449
-4.79753	-5.73046
-4.80499	-5.73662
-4.81258	-5.74291
-4.81982	-5.74938
-4.82682	-5.75579
-4.83316	-5.76181
-4.83875	-5.76811
-4.84451	-5.77466
-4.84958	-5.78158
-4.85453	-5.78811
-4.85943	-5.79428
-4.86441	-5.80064
-4.86928	-5.807
-4.87381	-5.81335
-4.87822	-5.81925
-4.88276	-5.82485
-4.88763	-5.83075
-4.89219	-5.83651
-4.89742	-5.84282
-4.90248	-5.84946
-4.90726	-5.85608
-4.91244	-5.86253
-4.91747	-5.86887
-4.92261	-5.87491
-4.92737	-5.8812
-4.93207	-5.88749
-4.9367	-5.89417
-4.94157	-5.90061
-4.94651	-5.90648
-4.95159	-5.91254
-4.9569	-5.91793
-4.96172	-5.92357
-4.96678	-5.92912
-4.97173	-5.93468
-4.977	-5.93905
-4.98261	-5.94346
-4.98786	-5.94806
-4.99405	-5.95293
-4.99988	-5.9576
-5.00564	-5.96261
-5.01095	-5.96797
-5.01616	-5.97295
-5.02096	-5.97781
-5.02507	-5.98268
-5.02927	-5.98791
-5.03401	-5.99349
-5.03851	-5.99928
-5.04367	-6.00551
-5.04857	-6.01161
-5.05304	-6.01805
