###  Units are X_hat = 1.73cm.
0	0
-0.00498157	0.00498104
-0.00944763	0.0102859
-0.0134954	0.0161831
-0.0172682	0.0226394
-0.0206165	0.0294229
-0.0235262	0.036578
-0.0259187	0.0439729
-0.0275461	0.0514546
-0.0291967	0.058364
-0.0304235	0.0655436
-0.03051	0.07309
-0.0307446	0.0806977
-0.030539	0.0883476
-0.0290739	0.0965063
-0.027844	0.104482
-0.026417	0.11206
-0.0244335	0.11974
-0.0220813	0.127328
-0.0196963	0.135407
-0.0176523	0.14337
-0.0155787	0.151322
-0.0132442	0.159136
-0.0112295	0.167041
-0.00844703	0.1745
-0.00583009	0.181542
-0.0029821	0.18856
0.0001462	0.195542
0.00448382	0.201063
0.00889536	0.206517
0.0138841	0.211997
0.0190504	0.217295
0.024477	0.222936
0.0302048	0.22873
0.0360611	0.234856
0.0413486	0.240857
0.0463249	0.246891
0.0512062	0.252978
0.0562411	0.258994
0.0617062	0.264734
0.0672608	0.270379
0.0726875	0.27566
0.0780752	0.280201
0.0834003	0.285043
0.0890615	0.28975
0.094783	0.294295
0.100702	0.299007
0.106972	0.303522
0.113307	0.308058
0.119246	0.312682
0.125678	0.316998
0.131692	0.321304
0.13822	0.325363
0.144748	0.329674
0.151246	0.33395
0.157132	0.337919
0.163231	0.342697
0.169177	0.347192
0.174805	0.351749
0.180699	0.356285
0.187231	0.360803
0.193769	0.36529
0.200395	0.369738
0.207204	0.374018
0.213339	0.377434
0.219593	0.380492
0.226013	0.383621
0.232444	0.386679
0.239094	0.389844
0.245676	0.393692
0.25225	0.396835
0.258914	0.400265
0.265674	0.403771
0.273454	0.407435
0.28105	0.41097
0.289005	0.414786
0.297437	0.418053
0.305756	0.420778
0.313597	0.423873
0.320406	0.426826
0.326794	0.430266
0.333593	0.433748
0.34057	0.437242
0.347721	0.440746
0.355738	0.443721
0.363469	0.446312
0.371256	0.448799
0.379061	0.45198
0.386861	0.454848
0.395025	0.458103
0.402939	0.461166
0.410932	0.464335
0.418882	0.467383
0.426051	0.469875
0.433207	0.472314
0.440298	0.474698
0.44751	0.476991
0.455161	0.479394
0.462736	0.481786
0.470306	0.484233
0.477805	0.485715
0.485988	0.487703
0.494191	0.489837
0.502508	0.492361
0.510665	0.494856
0.518688	0.497623
0.526661	0.5007
0.534414	0.503682
0.542382	0.506905
0.549912	0.510771
0.557221	0.514574
0.564463	0.518344
0.572033	0.521997
0.579699	0.524612
0.587338	0.526964
0.594686	0.528538
0.60198	0.529934
0.609329	0.531999
0.616784	0.534282
0.62418	0.537015
0.631648	0.539704
0.639177	0.54268
0.647299	0.545753
0.655411	0.547872
0.66321	0.550501
0.671066	0.552846
0.678911	0.555141
0.686513	0.557587
0.693378	0.560371
0.701207	0.562656
0.708899	0.564623
0.716723	0.566429
0.725798	0.567688
0.734177	0.568647
0.742702	0.569245
0.750371	0.570058
0.758431	0.571035
0.766555	0.572336
0.77447	0.573833
0.782608	0.57549
0.790125	0.577066
0.798481	0.578422
0.806652	0.578947
0.815058	0.579601
0.823279	0.580268
0.831261	0.580734
0.839341	0.580872
0.84733	0.580946
0.855189	0.581354
0.863142	0.582084
0.870774	0.582851
0.879054	0.583446
0.887756	0.584047
0.896256	0.584741
0.904311	0.585599
0.912326	0.586519
0.92034	0.587428
0.92826	0.588334
0.935946	0.589415
0.943211	0.590499
0.950965	0.591497
0.958415	0.592635
0.966072	0.593628
0.973972	0.594031
0.981738	0.594245
0.989885	0.593855
0.998517	0.59374
1.00673	0.593528
1.01523	0.593606
1.02405	0.594299
1.03304	0.595119
1.04198	0.595672
1.05113	0.596856
1.05945	0.598206
1.06771	0.599737
1.07592	0.601516
1.0841	0.603493
1.09203	0.605687
1.09992	0.607936
1.10799	0.609901
1.11612	0.611755
1.12416	0.613995
1.13199	0.615573
1.13954	0.616882
1.14711	0.618104
1.15468	0.619404
1.16273	0.620286
1.17061	0.622003
1.17861	0.623929
1.18707	0.626383
1.19477	0.628236
1.20247	0.63008
1.20985	0.631388
1.21754	0.633261
1.22526	0.635261
1.23312	0.636848
1.24035	0.63865
1.24708	0.640223
1.25403	0.64183
1.26112	0.643446
1.26824	0.644982
1.27521	0.64648
1.28211	0.648675
1.28895	0.651719
1.29593	0.65485
1.30334	0.657442
1.31109	0.66036
1.31886	0.663036
1.32635	0.665167
1.33335	0.666819
1.34038	0.668416
1.34832	0.6697
1.35596	0.671185
1.36436	0.673455
1.37219	0.675677
1.3798	0.677521
1.38762	0.678987
1.395	0.680211
1.40237	0.681024
1.41027	0.681894
1.41792	0.682699
1.42586	0.683294
1.43379	0.683272
1.44209	0.683445
1.4498	0.683082
1.45799	0.682969
1.46618	0.683134
1.47341	0.682897
1.48087	0.682397
1.48818	0.681501
1.4958	0.680058
1.5033	0.678104
1.51146	0.676142
1.52013	0.673821
1.52827	0.671757
1.53603	0.669905
1.54384	0.668213
1.55128	0.666381
1.5585	0.66512
1.56603	0.663751
1.57381	0.662355
1.5821	0.661186
1.59031	0.660131
1.59826	0.659402
1.60618	0.658888
1.61412	0.658365
1.62193	0.657797
1.62967	0.657343
1.63666	0.657715
1.64384	0.658067
1.65067	0.658771
1.65771	0.658814
1.66469	0.658982
1.67148	0.658408
1.67851	0.658066
1.68577	0.657717
1.6935	0.65765
1.70134	0.657498
1.70975	0.657762
1.71834	0.657739
1.72667	0.657577
1.7351	0.657368
1.74342	0.657138
1.75184	0.656932
1.76011	0.656758
1.76872	0.656657
1.77714	0.656476
1.78534	0.656518
1.79309	0.656678
1.80144	0.656486
1.81019	0.655952
1.81876	0.65548
1.82719	0.655011
1.83541	0.654606
1.84368	0.653987
1.85217	0.653096
1.86046	0.652189
1.86811	0.651609
1.87586	0.650979
1.88386	0.64993
1.8916	0.648698
1.89941	0.647401
1.90715	0.646199
1.91484	0.64491
1.92265	0.643619
1.93118	0.64258
1.93962	0.64117
1.94789	0.639697
1.95573	0.638734
1.9636	0.638187
1.97216	0.637509
1.98056	0.63738
1.98795	0.637569
1.99546	0.637889
2.003	0.638142
2.01082	0.638218
2.01861	0.638324
2.02633	0.637875
2.03478	0.636793
2.04313	0.635663
2.05181	0.634829
2.05937	0.633825
2.06705	0.6327
2.07474	0.631601
2.08227	0.63059
2.08989	0.629745
2.09724	0.628878
2.10448	0.628064
2.11161	0.627208
2.119	0.625883
2.12641	0.624626
2.13457	0.623716
2.14234	0.622361
2.15043	0.621071
2.15873	0.620043
2.16679	0.618855
2.17479	0.617771
2.18294	0.617376
2.19103	0.61702
2.19869	0.616822
2.20597	0.616229
2.21312	0.614718
2.22094	0.613357
2.22899	0.612017
2.23714	0.610733
2.24587	0.609546
2.25417	0.608354
2.26211	0.607499
2.27	0.606786
2.27758	0.606069
2.28539	0.605636
2.29285	0.604842
2.30071	0.603573
2.30897	0.602342
2.31722	0.60121
2.32555	0.599999
2.33412	0.598995
2.34278	0.597897
2.3507	0.596648
2.35871	0.595428
2.36722	0.593824
2.37609	0.591969
2.38451	0.590622
2.39347	0.589239
2.40192	0.587882
2.41028	0.587129
2.41843	0.586375
2.42643	0.586143
2.43457	0.586005
2.44261	0.585877
2.45051	0.58528
2.45786	0.584649
2.46577	0.583542
2.47471	0.582881
2.48322	0.581501
2.49195	0.580527
2.50029	0.579471
2.50816	0.577874
2.51628	0.575801
2.5245	0.573988
2.5325	0.572289
2.54003	0.570739
2.54759	0.569329
2.55523	0.567461
2.56265	0.565723
2.57005	0.563948
2.57749	0.562227
2.58513	0.560261
2.59283	0.558264
2.60039	0.556038
2.60788	0.553917
2.61531	0.551866
2.62247	0.549691
2.62983	0.547242
2.63726	0.544899
2.64472	0.542875
2.65248	0.540977
2.66028	0.53922
2.66822	0.538234
2.67634	0.537013
2.68491	0.535428
2.69375	0.534361
2.70213	0.532886
2.71075	0.531984
2.71922	0.530596
2.72622	0.529288
2.73343	0.527893
2.74073	0.526581
2.74797	0.525399
2.75564	0.52456
2.76331	0.523672
2.77121	0.522798
2.7798	0.520772
2.78829	0.518894
2.79649	0.51709
2.8049	0.515229
2.8131	0.513541
2.82093	0.511628
2.82874	0.509792
2.83649	0.50838
2.8447	0.507359
2.85294	0.506602
2.86083	0.505375
2.86857	0.504133
2.87646	0.502444
2.88442	0.500834
2.89254	0.499714
2.89991	0.498936
2.90749	0.498709
2.91545	0.49884
2.92347	0.498908
2.9316	0.498978
2.93908	0.498935
2.94697	0.499161
2.95482	0.499241
2.96297	0.500241
2.97016	0.501827
2.97755	0.502707
2.98511	0.50325
2.99317	0.503389
3.00101	0.503598
3.00868	0.503936
3.01674	0.504194
3.02464	0.504142
3.03238	0.503674
3.04034	0.502654
3.04827	0.501719
3.0562	0.500967
3.06416	0.499974
3.07175	0.49882
3.07927	0.499457
3.08616	0.501092
3.09322	0.502634
3.10057	0.504124
3.10844	0.505034
3.1165	0.50575
3.12449	0.507209
3.13231	0.508419
3.14031	0.5094
3.14827	0.510281
3.15617	0.511143
3.16345	0.511225
3.17099	0.511249
3.17857	0.511183
3.1863	0.511542
3.19373	0.512104
3.20141	0.513045
3.20931	0.513624
3.2171	0.514168
3.22469	0.514364
3.23233	0.514589
3.24002	0.514897
3.24826	0.515891
3.25607	0.517331
3.26387	0.518693
3.27166	0.519985
3.27944	0.521291
3.28705	0.522732
3.29499	0.523799
3.3029	0.524693
3.30999	0.525516
3.31756	0.526465
3.32518	0.527388
3.33201	0.528419
3.33891	0.529099
3.34595	0.530031
3.35251	0.531189
3.35894	0.532025
3.36569	0.532483
3.37301	0.532076
3.38028	0.532491
3.38766	0.532629
3.39463	0.532431
3.40141	0.531525
3.40827	0.530632
3.41495	0.530506
3.42157	0.530635
3.4283	0.53008
3.43489	0.529337
3.44099	0.528557
3.44738	0.527496
3.45437	0.526249
3.46146	0.524849
3.46922	0.523312
3.47646	0.522587
3.48393	0.521946
3.49147	0.521313
3.49909	0.52073
3.50664	0.52016
3.51533	0.520293
3.52434	0.520431
3.53326	0.521679
3.54111	0.5232
3.54918	0.52455
3.55724	0.526378
3.5654	0.528258
3.57345	0.530015
3.58158	0.53167
3.58904	0.533159
3.59665	0.535048
3.60475	0.537326
3.61285	0.539597
3.62101	0.541748
3.62907	0.543769
3.63748	0.546659
3.64488	0.549699
3.65138	0.55209
3.65833	0.554223
3.66546	0.556288
3.67272	0.558271
3.67958	0.560785
3.68656	0.563569
3.69289	0.565796
3.69944	0.568057
3.70599	0.569803
3.71251	0.571405
3.71917	0.572738
3.7255	0.574123
3.73222	0.575234
3.73924	0.576112
3.74647	0.576397
3.75378	0.576927
3.76084	0.577544
3.7683	0.577885
3.77583	0.578217
3.78401	0.578012
3.79175	0.577527
3.79933	0.577238
3.80685	0.577029
3.81471	0.576682
3.82281	0.575801
3.83035	0.575023
3.83799	0.574232
3.84618	0.573378
3.85432	0.57255
3.8625	0.57159
3.87073	0.570015
3.87885	0.568538
3.88676	0.567969
3.89484	0.567522
3.90288	0.566847
3.91087	0.566205
3.9183	0.564506
3.92576	0.56274
3.93349	0.561122
3.94087	0.559255
3.94809	0.55756
3.95598	0.556511
3.96411	0.556668
3.97185	0.556601
3.97967	0.556634
3.98747	0.557111
3.99531	0.557495
4.00436	0.55822
4.01336	0.559656
4.0221	0.560653
4.03036	0.561784
4.03846	0.56274
4.04595	0.563887
4.05276	0.565107
4.05957	0.566423
4.06658	0.567483
4.0735	0.568562
4.08037	0.569588
4.08741	0.570627
4.095	0.570988
4.10258	0.571435
4.10976	0.57224
4.11677	0.572744
4.12292	0.573345
4.12886	0.573829
4.13574	0.574115
4.14317	0.575077
4.15087	0.5754
4.15901	0.575723
4.16822	0.575514
4.17718	0.575279
4.18604	0.575029
4.19495	0.575466
4.20388	0.575577
4.21263	0.575853
4.22082	0.575933
4.22921	0.575734
4.23764	0.575392
4.24548	0.575038
4.25315	0.574236
4.26096	0.573963
4.26884	0.573547
4.27625	0.573025
4.2832	0.571985
4.29006	0.570985
4.29697	0.570035
4.30441	0.569858
4.31213	0.56919
4.31933	0.568747
4.32672	0.568326
4.33502	0.567489
4.34309	0.566579
4.35119	0.565709
4.35899	0.565565
4.36701	0.565384
4.37474	0.564579
4.38218	0.564197
4.38996	0.563826
4.39755	0.563456
4.4052	0.562986
4.4142	0.562584
4.42331	0.562443
4.43268	0.562055
4.442	0.561498
4.45099	0.560883
4.45938	0.559741
4.46749	0.558373
4.4756	0.557003
4.48368	0.55584
4.49188	0.553969
4.5	0.551904
4.50807	0.549919
4.51584	0.547868
4.52357	0.545916
4.53145	0.54378
4.53936	0.541617
4.54745	0.539824
4.55551	0.537254
4.56351	0.534768
4.57179	0.532169
4.58009	0.530015
4.58843	0.527904
4.59757	0.526031
4.60607	0.52403
4.61454	0.522249
4.62317	0.520066
4.63138	0.517522
4.64	0.514764
4.64831	0.511964
4.65624	0.50915
4.66388	0.506589
4.67159	0.504333
4.67963	0.502366
4.68716	0.500549
4.69461	0.498559
4.70186	0.496138
4.70927	0.493695
4.71595	0.491295
4.72249	0.489073
4.72938	0.486958
4.7362	0.484875
4.74359	0.483478
4.75097	0.482375
4.75844	0.481291
4.76572	0.480321
4.77313	0.479402
4.78027	0.479068
4.78747	0.478619
4.7948	0.478198
4.80256	0.477961
4.8101	0.478109
4.81763	0.478165
4.82508	0.477975
4.83205	0.478645
4.83918	0.47924
4.84673	0.479956
4.85379	0.481202
4.86125	0.482398
4.86885	0.483956
4.87642	0.485423
4.88413	0.486244
4.89163	0.486971
4.89923	0.487669
4.90655	0.488095
4.91427	0.488474
4.92215	0.487754
4.92997	0.486804
4.93693	0.485736
4.9443	0.485037
4.95181	0.4845
4.96014	0.484374
4.96834	0.484553
4.97577	0.484785
4.98364	0.484911
4.99093	0.485442
4.99856	0.486839
5.00576	0.48843
5.01326	0.490799
5.02191	0.492923
5.03028	0.494975
5.03839	0.496733
5.04522	0.498143
5.05173	0.499621
5.05865	0.500823
5.06557	0.501586
5.07357	0.502599
5.0815	0.503513
5.08944	0.504294
5.09758	0.504781
5.10596	0.505151
5.1142	0.505936
5.122	0.506957
5.12953	0.508155
5.13699	0.508607
5.14369	0.508728
5.15098	0.508879
5.15838	0.50881
5.16587	0.508917
5.17277	0.509263
5.18	0.509589
5.1872	0.510118
5.1938	0.510845
5.20067	0.51157
5.20774	0.512259
5.21443	0.512706
5.2214	0.512936
5.2286	0.513716
5.23584	0.514542
5.24339	0.515519
5.25052	0.516667
5.25849	0.518085
5.26609	0.518638
5.27332	0.519613
5.28084	0.520438
5.28832	0.52114
5.2958	0.521971
5.30326	0.523048
5.31077	0.523995
5.31835	0.524883
5.326	0.525714
5.33375	0.526411
5.34122	0.526088
5.34899	0.524816
5.35682	0.523624
5.3649	0.521805
5.37288	0.520005
5.38044	0.517968
5.38826	0.516478
5.39624	0.514784
5.40412	0.513197
5.41204	0.511621
5.41964	0.50974
5.42711	0.508439
5.43455	0.507061
5.44224	0.505605
5.44991	0.504137
5.45757	0.502694
5.46556	0.500805
5.47336	0.498848
5.48112	0.49697
5.48851	0.49483
5.49613	0.491706
5.50381	0.488765
5.5115	0.485894
5.51977	0.482825
5.5271	0.480382
5.53473	0.47743
5.54243	0.474487
5.54977	0.471796
5.55721	0.46919
5.56441	0.466833
5.57133	0.464583
5.57855	0.462442
5.58587	0.459764
5.59298	0.457512
5.60051	0.454526
5.60804	0.451814
5.61556	0.449112
5.62363	0.446073
5.63115	0.443688
5.63873	0.44127
5.64672	0.439375
5.65464	0.43759
5.6628	0.435727
5.67095	0.434013
5.67929	0.432524
5.68678	0.430959
5.69408	0.430407
5.70167	0.429615
5.70976	0.42902
5.71792	0.428397
5.72641	0.428069
5.73481	0.427641
5.74339	0.427269
5.75147	0.426888
5.7601	0.427617
5.76883	0.42801
5.77724	0.428395
5.78537	0.429001
5.7936	0.429619
5.80168	0.429718
5.80968	0.429875
5.81784	0.430211
5.82607	0.43011
5.83419	0.430023
5.84226	0.429788
5.85032	0.429518
5.85845	0.429176
5.86675	0.428563
5.87479	0.429049
5.88293	0.429743
5.891	0.430348
5.8989	0.430673
5.90616	0.431073
5.91381	0.431565
5.92118	0.432635
5.92924	0.434028
5.93707	0.43512
5.945	0.436054
5.9531	0.436943
5.96089	0.437745
5.96861	0.438806
5.97638	0.439989
5.98416	0.441088
5.99156	0.442153
5.99904	0.443153
6.00652	0.444349
6.01396	0.445548
6.02127	0.446621
6.02817	0.448752
6.03496	0.450425
6.04182	0.451697
6.04837	0.452597
6.05499	0.453404
6.06187	0.454155
6.06892	0.455013
6.0763	0.455651
6.08405	0.4566
6.09177	0.457313
6.09972	0.457878
6.10774	0.458358
6.1158	0.45884
6.12429	0.459446
6.13247	0.460295
6.14071	0.461086
6.14894	0.462564
6.15703	0.464626
6.16473	0.46593
6.17254	0.46693
6.18054	0.467587
6.18852	0.467625
6.1967	0.466707
6.20491	0.466128
6.21322	0.465724
6.222	0.465199
6.22984	0.465322
6.23664	0.465668
6.24402	0.465816
6.25211	0.466306
6.26009	0.466578
6.26807	0.466806
6.27609	0.466989
6.28382	0.46753
6.29169	0.468001
6.29964	0.468451
6.30717	0.46807
6.31463	0.467526
6.32206	0.467586
6.32952	0.467376
6.337	0.466833
6.3445	0.465798
6.35159	0.465288
6.35804	0.464822
6.36491	0.46416
6.37192	0.463335
6.37845	0.462254
6.38489	0.460671
6.3912	0.459605
6.39792	0.457975
6.4049	0.456597
6.41198	0.455421
6.41897	0.453428
6.42599	0.45191
6.4337	0.450443
6.44145	0.449036
6.44918	0.447745
6.45761	0.446187
6.46622	0.444596
6.47525	0.44357
6.48402	0.442481
6.49254	0.441334
6.50099	0.440023
6.50913	0.438429
6.51721	0.436394
6.52531	0.434786
6.53344	0.433202
6.5418	0.431239
6.54945	0.429433
6.55659	0.428037
6.56386	0.426534
6.57113	0.4246
6.57858	0.422771
6.58611	0.421113
6.59332	0.419679
6.60051	0.418044
6.60813	0.416576
6.61584	0.415067
6.62413	0.413615
6.63217	0.413605
6.63991	0.413481
6.64778	0.413256
6.6556	0.412446
6.6632	0.411689
6.67115	0.411427
6.67947	0.410817
6.68788	0.410321
6.69618	0.409594
6.705	0.408011
6.71416	0.406749
6.72308	0.405282
6.73178	0.403793
6.74041	0.402347
6.74973	0.400667
6.75877	0.398849
6.76731	0.397213
6.77587	0.395157
6.7846	0.393279
6.79388	0.391389
6.8031	0.389463
6.81214	0.38748
6.82091	0.385605
6.82903	0.384277
6.83717	0.382927
6.84497	0.381707
6.85302	0.379796
6.86109	0.377747
6.86896	0.375653
6.87575	0.373053
6.88279	0.370539
6.89008	0.367859
6.89718	0.364523
6.90411	0.360564
6.91129	0.355615
6.91844	0.350908
6.92553	0.346404
6.93272	0.341991
6.9396	0.337546
6.94657	0.333557
6.95337	0.330421
6.96031	0.327315
6.96729	0.32452
6.97439	0.321794
6.9819	0.319296
6.98935	0.316924
6.99615	0.314071
7.00338	0.311103
7.01085	0.30808
7.01893	0.305027
7.02711	0.301312
7.03514	0.298057
7.04426	0.295393
7.05341	0.292973
7.06259	0.291181
7.07084	0.289503
7.07896	0.288023
7.08683	0.286262
7.09471	0.284536
7.10268	0.282946
7.11065	0.281195
7.11832	0.279568
7.12655	0.277478
7.13458	0.275459
7.1424	0.273469
7.15094	0.272134
7.1593	0.270827
7.16714	0.269715
7.17465	0.268521
7.1822	0.267585
7.18974	0.266585
7.19738	0.265866
7.20499	0.264826
7.21287	0.26405
7.22112	0.263187
7.22935	0.262241
7.2376	0.261358
7.24561	0.260292
7.25379	0.259681
7.26188	0.25906
7.26986	0.258411
7.27783	0.25799
7.28592	0.257877
7.29409	0.25776
7.30235	0.257191
7.31055	0.256662
7.3184	0.2565
7.32607	0.256189
7.3337	0.255618
7.34192	0.254941
7.35006	0.254236
7.35821	0.253506
7.36629	0.252754
7.37403	0.252115
7.38159	0.25156
7.38931	0.2511
7.39667	0.249347
7.40474	0.247546
7.41171	0.244938
7.41852	0.242088
7.4259	0.239258
7.43323	0.236531
7.44065	0.233629
7.44782	0.230879
7.45506	0.228686
7.46239	0.226481
7.46977	0.224316
