0.995066	0.00421272
0.990406	0.00860028
0.985848	0.0130312
0.980143	0.0179991
0.974566	0.0229012
0.968859	0.0278373
0.962767	0.0326189
0.956327	0.0376352
0.949473	0.0421729
0.942345	0.0468893
0.935133	0.0516004
0.927999	0.0561274
0.921246	0.0609571
0.91484	0.0654877
0.908793	0.0699898
0.90256	0.0745322
0.896075	0.0790159
0.889364	0.0834842
0.882762	0.0879038
0.876199	0.0922448
0.86894	0.0963496
0.861564	0.100262
0.854201	0.104024
0.846902	0.108269
0.839523	0.111888
0.832262	0.115433
0.82539	0.118712
0.818352	0.122135
0.810921	0.125193
0.802627	0.128229
0.794392	0.131115
0.786504	0.134236
0.778745	0.136926
0.771111	0.139259
0.763769	0.14125
0.756311	0.143345
0.748707	0.145042
0.741175	0.146191
0.733544	0.147238
0.725963	0.148344
0.717866	0.149451
0.709171	0.150272
0.700355	0.151699
0.691728	0.152947
0.683263	0.154034
0.674806	0.154999
0.666609	0.155778
0.658583	0.156172
0.650696	0.156807
0.643008	0.157019
0.635507	0.157081
0.627977	0.156962
0.620408	0.156859
0.612915	0.156595
0.605367	0.156298
0.597354	0.156088
0.590271	0.155717
0.583211	0.155067
0.576008	0.154317
0.568975	0.153197
0.56253	0.151897
0.555392	0.150142
0.548642	0.148391
0.541165	0.146285
0.533938	0.144214
0.526891	0.142131
0.519801	0.139923
0.51264	0.137552
0.50508	0.135153
0.498278	0.133016
0.491521	0.130353
0.48461	0.127622
0.47756	0.124928
0.469868	0.122563
0.462158	0.120531
0.454087	0.11863
0.446433	0.116566
0.438526	0.114674
0.430435	0.111721
0.42255	0.108802
0.414799	0.105597
0.406975	0.102338
0.399302	0.0989719
0.392158	0.0964381
0.384882	0.0941362
0.377141	0.091689
0.369459	0.0887422
0.361756	0.0858954
0.353198	0.0824432
0.344323	0.079189
0.335958	0.0756258
0.327725	0.0720123
0.319548	0.0686752
0.311699	0.0651355
0.303537	0.0614863
0.295654	0.057862
0.286828	0.0541444
0.278345	0.0507792
0.270033	0.0479656
0.262002	0.0452593
0.253843	0.0426698
0.245816	0.0400923
0.238035	0.0375136
0.230328	0.0355091
0.222705	0.033427
0.213968	0.0309487
0.205732	0.0286764
0.197657	0.0264783
0.189392	0.0242198
0.181258	0.021609
0.172919	0.01895
0.164746	0.0167078
0.156793	0.0145984
0.148524	0.0131451
0.140418	0.0115548
0.132381	0.010217
0.124312	0.00904062
0.116193	0.00777342
0.108111	0.00608473
0.100475	0.00479712
0.0928715	0.00234379
0.0851248	-0.000496545
0.077779	-0.00406814
0.0698685	-0.00798923
0.0620122	-0.0121236
0.053714	-0.0162916
0.0459273	-0.0203266
0.038341	-0.0245637
0.0308287	-0.0282433
0.0236989	-0.031655
0.0161111	-0.035087
0.00821084	-0.0384847
0.000563099	-0.0415742
-0.00687245	-0.0444478
-0.014044	-0.047155
-0.0213525	-0.0494844
-0.0294272	-0.052283
-0.0373009	-0.054982
-0.0450944	-0.0575012
-0.0529328	-0.0601549
-0.0607766	-0.0628697
-0.0689702	-0.0654861
-0.077097	-0.0678432
-0.0851743	-0.0700187
-0.0934055	-0.0726458
-0.100747	-0.0748949
-0.108699	-0.0770645
-0.117312	-0.0796453
-0.126906	-0.0823323
-0.136367	-0.0849527
-0.144796	-0.0871118
-0.15284	-0.0892828
-0.160355	-0.092195
-0.167569	-0.0953218
-0.174865	-0.0976255
-0.182407	-0.0999661
-0.189792	-0.101958
-0.197229	-0.104017
-0.204667	-0.106116
-0.212798	-0.108424
-0.219664	-0.110752
-0.226824	-0.112933
-0.234387	-0.115464
-0.241959	-0.118212
-0.249476	-0.120677
-0.256881	-0.123667
-0.264694	-0.126674
-0.272443	-0.130454
-0.280228	-0.134324
-0.28788	-0.138106
-0.295448	-0.142523
-0.302922	-0.146849
-0.310072	-0.150882
-0.317491	-0.154525
-0.324839	-0.158095
-0.332659	-0.16222
-0.340706	-0.166692
-0.348145	-0.171423
-0.35571	-0.175419
-0.362968	-0.179576
-0.370132	-0.18303
-0.377137	-0.186386
-0.384214	-0.189346
-0.391373	-0.192013
-0.398307	-0.195415
-0.405897	-0.199793
-0.413249	-0.203464
-0.420449	-0.20646
-0.427334	-0.210051
-0.434432	-0.214077
-0.440622	-0.218276
-0.446702	-0.221513
-0.45263	-0.225
-0.458653	-0.229297
-0.464944	-0.2337
-0.471695	-0.23771
-0.478722	-0.241922
-0.485717	-0.24603
-0.492529	-0.250633
-0.499077	-0.255
-0.505879	-0.259293
-0.513821	-0.263189
-0.521998	-0.266741
-0.529973	-0.270423
-0.537581	-0.274231
-0.544929	-0.278196
-0.551742	-0.282616
-0.55893	-0.286804
-0.566016	-0.291035
-0.573157	-0.295246
-0.580258	-0.299386
-0.587321	-0.303454
-0.594347	-0.307719
-0.601474	-0.311884
-0.608021	-0.316328
-0.614567	-0.320687
-0.621239	-0.325126
-0.627992	-0.329231
-0.635199	-0.334048
-0.6425	-0.338324
-0.649758	-0.342188
-0.656973	-0.345978
-0.66408	-0.349961
-0.670971	-0.354271
-0.677733	-0.358403
-0.684778	-0.36236
-0.691647	-0.366155
-0.698598	-0.369996
-0.704902	-0.374745
-0.711603	-0.379505
-0.718221	-0.383728
-0.724884	-0.387932
-0.731712	-0.391592
-0.738341	-0.394201
-0.745244	-0.39651
-0.751368	-0.398228
-0.757658	-0.400208
-0.764121	-0.402173
-0.770924	-0.405076
-0.777994	-0.407858
-0.784396	-0.410331
-0.791081	-0.413087
-0.797763	-0.415797
-0.805118	-0.418037
-0.812257	-0.420564
-0.819078	-0.424531
-0.825669	-0.428541
-0.83175	-0.433118
-0.837975	-0.437299
-0.844383	-0.441115
-0.850883	-0.444934
-0.857268	-0.448846
-0.864224	-0.452647
-0.871733	-0.456121
-0.879152	-0.459704
-0.887037	-0.463688
-0.894722	-0.467821
-0.90168	-0.471643
-0.908576	-0.476012
-0.91583	-0.480491
-0.922776	-0.485236
-0.929662	-0.489883
-0.937061	-0.494657
-0.944569	-0.499847
-0.951217	-0.505046
-0.957812	-0.510147
-0.964106	-0.515076
-0.970715	-0.519629
-0.977534	-0.524377
-0.984113	-0.528944
-0.990714	-0.533002
-0.997439	-0.537259
-1.00447	-0.542257
-1.01173	-0.547918
-1.01873	-0.552737
-1.02564	-0.557421
-1.03236	-0.561743
-1.03946	-0.566365
-1.04635	-0.570896
-1.05306	-0.575251
-1.0595	-0.57975
-1.06604	-0.584203
-1.07263	-0.58855
-1.07871	-0.593132
-1.08467	-0.597646
-1.09056	-0.602374
-1.09581	-0.606766
-1.10115	-0.611206
-1.10656	-0.615718
-1.11241	-0.620015
-1.11831	-0.625337
-1.12438	-0.630668
-1.13047	-0.635903
-1.13629	-0.641162
-1.14244	-0.646046
-1.14862	-0.650882
-1.15492	-0.655965
-1.16131	-0.661372
-1.16852	-0.665474
-1.1754	-0.670013
-1.18226	-0.674467
-1.18958	-0.678403
-1.19651	-0.682052
-1.20325	-0.684923
-1.21036	-0.686774
-1.21838	-0.689153
-1.22647	-0.69101
-1.23448	-0.692881
-1.24234	-0.694572
-1.24998	-0.696293
-1.25743	-0.698169
-1.26489	-0.700364
-1.27256	-0.703017
-1.28029	-0.706292
-1.28782	-0.709898
-1.29495	-0.714141
-1.30182	-0.718646
-1.30852	-0.72353
-1.31478	-0.728702
-1.32072	-0.734104
-1.32646	-0.739897
-1.33197	-0.745911
-1.33725	-0.752072
-1.34198	-0.758251
-1.34663	-0.764061
-1.35106	-0.770065
-1.3553	-0.776347
-1.35833	-0.782684
-1.36119	-0.788974
-1.3635	-0.795626
-1.3653	-0.803168
-1.36698	-0.810702
-1.3677	-0.818783
-1.36785	-0.826425
-1.36792	-0.83418
-1.36776	-0.841513
-1.368	-0.849101
-1.36763	-0.856657
-1.3675	-0.864282
-1.36704	-0.872063
-1.36649	-0.880041
-1.36615	-0.887821
-1.36596	-0.895221
-1.36568	-0.903006
-1.36547	-0.910898
-1.3651	-0.918701
-1.36456	-0.92656
-1.36381	-0.934321
-1.36269	-0.942088
-1.36152	-0.949828
-1.36086	-0.95752
-1.36053	-0.964987
-1.36003	-0.972602
-1.35932	-0.980259
-1.35867	-0.987816
-1.35782	-0.995172
-1.35723	-1.00275
-1.35657	-1.01096
-1.35573	-1.01907
-1.35446	-1.02762
-1.35304	-1.03586
-1.35155	-1.0439
-1.35038	-1.05174
-1.34917	-1.05963
-1.34791	-1.0675
-1.34599	-1.07626
-1.34485	-1.08511
-1.34367	-1.09373
-1.34174	-1.10247
-1.33891	-1.11079
-1.33595	-1.11911
-1.33345	-1.12795
-1.3311	-1.13648
-1.32935	-1.14555
-1.32705	-1.1544
-1.32437	-1.16406
-1.32184	-1.17343
-1.31921	-1.18197
-1.31693	-1.18956
-1.31487	-1.19704
-1.31285	-1.20453
-1.30977	-1.21152
-1.30666	-1.21855
-1.30309	-1.22537
-1.29948	-1.23225
-1.29579	-1.23951
-1.29202	-1.24692
-1.28869	-1.25427
-1.28567	-1.26119
-1.28286	-1.26807
-1.27984	-1.27506
-1.27683	-1.28205
-1.27359	-1.28892
-1.27065	-1.29623
-1.26749	-1.30356
-1.26386	-1.31113
-1.25981	-1.31841
-1.25552	-1.32575
-1.25148	-1.33273
-1.24746	-1.33963
-1.24426	-1.34644
-1.2415	-1.35315
-1.23908	-1.3597
-1.23668	-1.36639
-1.23372	-1.3727
-1.23067	-1.37952
-1.22741	-1.38627
-1.22434	-1.39349
-1.22175	-1.40075
-1.21911	-1.40803
-1.21681	-1.41549
-1.21467	-1.42323
-1.21216	-1.43078
-1.20926	-1.43815
-1.20633	-1.44555
-1.20315	-1.45311
-1.19876	-1.46006
-1.19436	-1.46652
-1.18998	-1.47335
-1.18571	-1.48005
-1.18169	-1.48756
-1.17804	-1.49518
-1.17435	-1.50299
-1.17076	-1.51073
-1.16793	-1.51847
-1.16531	-1.52627
-1.16303	-1.53278
-1.16008	-1.53973
-1.1568	-1.5472
-1.1535	-1.55436
-1.15013	-1.56155
-1.14724	-1.56939
-1.14423	-1.57717
-1.14124	-1.58484
-1.13867	-1.59299
-1.13602	-1.60142
-1.13342	-1.60967
-1.13075	-1.61797
-1.12796	-1.62616
-1.12515	-1.63418
-1.12231	-1.64167
-1.11937	-1.64933
-1.11692	-1.65635
-1.11471	-1.66392
-1.11347	-1.67145
-1.11215	-1.67911
-1.11091	-1.68712
-1.10941	-1.69512
-1.10871	-1.70275
-1.10791	-1.71042
-1.10697	-1.71785
-1.10611	-1.72524
-1.10522	-1.73308
-1.10365	-1.74074
-1.10162	-1.74852
-1.09966	-1.7562
-1.0977	-1.76423
-1.09601	-1.77141
-1.09464	-1.77886
-1.09327	-1.78617
-1.09173	-1.79354
-1.09041	-1.80077
-1.08948	-1.80792
-1.08751	-1.81578
-1.08513	-1.82338
-1.08257	-1.8308
-1.07966	-1.83936
-1.07689	-1.84771
-1.07417	-1.85591
-1.07156	-1.86414
-1.06852	-1.87243
-1.06513	-1.88061
-1.06218	-1.8886
-1.05981	-1.89672
-1.05706	-1.90482
-1.05442	-1.91298
-1.05161	-1.92139
-1.0494	-1.93036
-1.04724	-1.93954
-1.04519	-1.94853
-1.04277	-1.9571
-1.0404	-1.9655
-1.03832	-1.97365
-1.03611	-1.98194
-1.03392	-1.9901
-1.03179	-1.99805
-1.02941	-2.00518
-1.02687	-2.01239
-1.0242	-2.01986
-1.02147	-2.02727
-1.01906	-2.03493
-1.01621	-2.0424
-1.01374	-2.0498
-1.01077	-2.05676
-1.00791	-2.06331
-1.00465	-2.0703
-1.00097	-2.07748
-0.997442	-2.08427
-0.994564	-2.09087
-0.99191	-2.0971
-0.988461	-2.10414
-0.98544	-2.11111
-0.982097	-2.11799
-0.978898	-2.12467
-0.976321	-2.13212
-0.974102	-2.13947
-0.971689	-2.14696
-0.968796	-2.1547
-0.965664	-2.16223
-0.961914	-2.16961
-0.95811	-2.17684
-0.954328	-2.18331
-0.950276	-2.19037
-0.946492	-2.19736
-0.943072	-2.20313
-0.939292	-2.20886
-0.935753	-2.21517
-0.932262	-2.2213
-0.928672	-2.22741
-0.925079	-2.23359
-0.921057	-2.23995
-0.916367	-2.2472
-0.912067	-2.25454
-0.907816	-2.26167
-0.903681	-2.26885
-0.899523	-2.27591
-0.895841	-2.28272
-0.892519	-2.28933
-0.889266	-2.29562
-0.886072	-2.3018
-0.882245	-2.3085
-0.878453	-2.31529
-0.874807	-2.32218
-0.870737	-2.32929
-0.866625	-2.33644
-0.863129	-2.34299
-0.860154	-2.34964
-0.857327	-2.35599
-0.853939	-2.36282
-0.850636	-2.36946
-0.847266	-2.37619
-0.843709	-2.38296
-0.840036	-2.38993
-0.835945	-2.39699
-0.832038	-2.40424
-0.82861	-2.4117
-0.825362	-2.41911
-0.822155	-2.42651
-0.81876	-2.43316
-0.815434	-2.43978
-0.811279	-2.44631
-0.807165	-2.45263
-0.803285	-2.45895
-0.799404	-2.46534
-0.795271	-2.4719
-0.791444	-2.47944
-0.787027	-2.48659
-0.783108	-2.49435
-0.780364	-2.50232
-0.777606	-2.51013
-0.773938	-2.51774
-0.770324	-2.52527
-0.766365	-2.53319
-0.762411	-2.54061
-0.758517	-2.54793
-0.754683	-2.5547
-0.750745	-2.56117
-0.745389	-2.56766
-0.740791	-2.57335
-0.736269	-2.57901
-0.731691	-2.58464
-0.726549	-2.58999
-0.721136	-2.59491
-0.715779	-2.59988
-0.710269	-2.60496
-0.705175	-2.61039
-0.699829	-2.61614
-0.69433	-2.62255
-0.688736	-2.62929
-0.682945	-2.63602
-0.677339	-2.64264
-0.67196	-2.64961
-0.666359	-2.65563
-0.660824	-2.66169
-0.654698	-2.66727
-0.648447	-2.67292
-0.642007	-2.67909
-0.635731	-2.68514
-0.630171	-2.69062
-0.62424	-2.69599
-0.61852	-2.70121
-0.612374	-2.70654
-0.606704	-2.71154
-0.600912	-2.71691
-0.594803	-2.72237
-0.588768	-2.72782
-0.582719	-2.73266
-0.57701	-2.73762
-0.57079	-2.74229
-0.563759	-2.74636
-0.55686	-2.75066
-0.550138	-2.75507
-0.543891	-2.75973
-0.537811	-2.76464
-0.531957	-2.76985
-0.525977	-2.77504
-0.520124	-2.78008
-0.51477	-2.78517
-0.50947	-2.79065
-0.504758	-2.79632
-0.499729	-2.80209
-0.494379	-2.80808
-0.489111	-2.8141
-0.483463	-2.81993
-0.477872	-2.82563
-0.473195	-2.83069
-0.46838	-2.83587
-0.463308	-2.8414
-0.458868	-2.84562
-0.453967	-2.84968
-0.448535	-2.85413
-0.442908	-2.85885
-0.436407	-2.86383
-0.429918	-2.86909
-0.423354	-2.87458
-0.417345	-2.87984
-0.411224	-2.88505
-0.405742	2.88945
-0.399992	2.88362
-0.394316	2.87823
-0.38827	2.87317
-0.381878	2.86831
-0.374233	2.86291
-0.367056	2.8584
-0.359993	2.85428
-0.353346	2.85078
-0.34649	2.84752
-0.34	2.84495
-0.333014	2.8425
-0.325856	2.84029
-0.318507	2.83715
-0.310433	2.83398
-0.302385	2.83087
-0.295376	2.82843
-0.288271	2.82623
-0.280738	2.82387
-0.272991	2.82241
-0.265768	2.82128
-0.258487	2.82022
-0.251188	2.81965
-0.243345	2.81855
-0.235312	2.81744
-0.227113	2.81616
-0.218634	2.81519
-0.210019	2.81415
-0.201311	2.81285
-0.192787	2.81174
-0.18432	2.80992
-0.175795	2.80857
-0.16683	2.80846
-0.15792	2.80882
-0.148842	2.80963
-0.140149	2.80998
-0.1317	2.81056
-0.124182	2.81124
-0.116446	2.81178
-0.109112	2.81213
-0.102466	2.81268
-0.096042	2.81331
-0.0896366	2.81417
-0.083015	2.81539
-0.0757229	2.81689
-0.0683393	2.8187
-0.061042	2.82028
-0.0541529	2.82177
-0.0466006	2.82393
-0.0389765	2.82679
-0.0321042	2.82924
-0.0248028	2.83164
-0.0175052	2.8342
-0.00904993	2.8374
-0.00105307	2.84077
0.00721286	2.84396
0.0155609	2.84724
0.024217	2.851
0.0332123	2.85438
0.0416815	2.85756
0.0499782	2.86082
0.0582584	2.86428
0.0661097	2.86751
0.074342	2.87152
0.0825125	2.87587
0.0898708	2.87976
0.0972658	2.884
0.10446	2.88818
0.111757	-2.88816
0.119144	-2.88481
0.126754	-2.88156
0.134418	-2.8784
0.141928	-2.87568
0.149607	-2.87285
0.15718	-2.86983
0.164955	-2.86702
0.17264	-2.86342
0.180335	-2.85984
0.188004	-2.85646
0.195941	-2.85276
0.203776	-2.84926
0.211338	-2.84552
0.219299	-2.84199
0.22764	-2.83816
0.23589	-2.83468
0.244195	-2.83049
0.252156	-2.82583
0.260552	-2.82178
0.268499	-2.8182
0.276314	-2.81474
0.284838	-2.81104
0.293105	-2.80774
0.301442	-2.80435
0.309716	-2.80079
0.317845	-2.79746
0.325581	-2.79463
0.333395	-2.79205
0.341194	-2.78965
0.348965	-2.78753
0.356755	-2.7855
0.364475	-2.78344
0.372239	-2.78154
0.379536	-2.77865
0.387343	-2.77614
0.395159	-2.77325
0.402788	-2.77054
0.411227	-2.76765
0.42009	-2.76557
0.428575	-2.76374
0.43709	-2.76191
0.445323	-2.7597
0.453498	-2.7576
0.461821	-2.75613
0.469973	-2.75473
0.477905	-2.75373
0.485826	-2.75289
0.494019	-2.75255
0.502173	-2.75237
0.510679	-2.75256
0.519318	-2.75287
0.528174	-2.75348
0.536793	-2.75422
0.545259	-2.75502
0.554169	-2.75612
0.563243	-2.75735
0.572318	-2.75837
0.581109	-2.75951
0.589489	-2.76113
0.597805	-2.76337
0.605943	-2.76563
0.613706	-2.7679
0.621408	-2.7702
0.629388	-2.77252
0.63652	-2.77489
0.643682	-2.77724
0.650804	-2.77956
0.657611	-2.78212
0.664935	-2.78479
0.671145	-2.78859
0.676974	-2.79231
0.682901	-2.79589
0.68899	-2.79959
0.695196	-2.80331
0.701913	-2.80703
0.708816	-2.81086
0.715863	-2.81489
0.723095	-2.81845
0.730319	-2.82202
0.737492	-2.82562
0.74462	-2.82929
0.751601	-2.83299
0.758485	-2.83683
0.765173	-2.84057
0.771909	-2.84496
0.778712	-2.8494
0.786038	-2.85337
0.793435	-2.85763
0.80053	-2.86249
0.807309	-2.86702
0.813758	-2.87178
0.820168	-2.87656
0.826445	-2.88162
0.832783	-2.88696
0.839251	2.88827
0.845244	2.88307
0.851139	2.87813
0.857213	2.87355
0.863429	2.86989
0.869945	2.86669
0.876586	2.86338
0.883265	2.86002
0.890088	2.85678
0.896647	2.85331
0.903443	2.85031
0.91057	2.84746
0.917639	2.84575
0.924948	2.8443
0.931593	2.84283
0.937994	2.84169
0.945074	2.84086
0.952518	2.84027
0.960086	2.83988
0.967075	2.83968
0.974279	2.83971
0.980757	2.84004
0.987332	2.84086
0.99357	2.84147
1.00035	2.84306
1.00733	2.8449
1.01416	2.8474
1.02116	2.84983
1.02843	2.85265
1.03568	2.85558
1.04277	2.85879
1.04884	2.86126
1.05567	2.86413
1.06249	2.86718
1.06913	2.87002
1.07598	2.87298
1.0828	2.8759
1.08991	2.87893
1.09738	2.88203
1.10389	2.88574
1.11075	2.89007
1.11806	-2.88553
1.1255	-2.88043
1.13316	-2.87579
1.14067	-2.87161
1.14814	-2.86767
1.15515	-2.86338
1.16239	-2.85973
1.16966	-2.8562
1.17733	-2.85362
1.18438	-2.85127
1.19209	-2.84901
1.19978	-2.84683
1.20764	-2.84482
1.216	-2.84309
1.22425	-2.84138
1.23319	-2.83983
1.2419	-2.83839
1.25033	-2.83699
1.2588	-2.8351
1.26712	-2.83309
1.27534	-2.83119
1.28337	-2.82979
1.29131	-2.82847
1.29929	-2.82724
1.30737	-2.8262
1.31491	-2.82546
1.32266	-2.82469
1.32989	-2.82388
1.33719	-2.8229
1.34399	-2.82193
1.35089	-2.82103
1.35768	-2.82015
1.36439	-2.81913
1.37166	-2.81841
1.3789	-2.81779
1.38647	-2.8171
1.39414	-2.81645
1.40131	-2.81605
1.40886	-2.81592
1.4169	-2.81583
1.42478	-2.81591
1.4326	-2.81613
1.43958	-2.81638
1.44668	-2.81669
1.45368	-2.81735
1.46176	-2.81823
1.46963	-2.81912
1.47787	-2.8203
1.4857	-2.8217
1.49418	-2.82327
1.50266	-2.82483
1.51049	-2.82658
1.51849	-2.82835
1.52661	-2.83056
1.53468	-2.83344
1.54228	-2.83621
1.54982	-2.839
1.5574	-2.84204
1.56456	-2.84565
1.57174	-2.8493
1.57908	-2.85292
1.58758	-2.85692
1.59508	-2.86145
1.6026	-2.86534
1.60998	-2.86935
1.61686	-2.87393
1.62396	-2.87846
1.63082	-2.88252
1.63768	-2.88667
1.64459	2.88937
1.65129	2.88518
1.65819	2.88114
1.66556	2.87688
1.67296	2.8727
1.68067	2.86903
1.68848	2.86615
1.69579	2.86378
1.7032	2.86128
1.71041	2.859
1.7178	2.85712
1.72493	2.85551
1.73257	2.85336
1.74079	2.85183
1.74931	2.84997
1.75782	2.84822
1.76679	2.84577
1.7764	2.8439
1.78469	2.84189
1.79335	2.84017
1.80186	2.83873
1.81042	2.83736
1.8187	2.83614
1.82682	2.8352
1.83462	2.83464
1.8421	2.83423
1.84908	2.83349
1.85661	2.83283
1.86326	2.83254
1.87027	2.83225
1.87762	2.83213
1.88514	2.83204
1.89261	2.83165
1.90034	2.83132
1.90796	2.83097
1.91544	2.83059
1.92306	2.83033
1.93041	2.83034
1.93775	2.83056
1.94513	2.8309
1.95281	2.83128
1.96118	2.83188
1.96933	2.83226
1.97759	2.83292
1.98573	2.83336
1.99363	2.83349
2.00181	2.83376
2.00998	2.83386
2.01797	2.83334
2.02571	2.83322
2.03348	2.83341
2.04115	2.83359
2.04856	2.8343
2.05598	2.83528
2.06346	2.83669
2.07086	2.83829
2.07838	2.84006
2.08596	2.84202
2.09332	2.84455
2.10012	2.84732
2.10699	2.85016
2.11391	2.85313
2.1209	2.85626
2.12783	2.85947
2.13418	2.86304
2.14003	2.86646
2.14604	2.87001
2.15219	2.87385
2.15885	2.8769
2.16514	2.87991
2.17141	2.88202
2.17862	2.8841
2.18547	2.88725
2.19246	-2.88977
2.19938	-2.88707
2.20618	-2.88503
2.21272	-2.8834
2.21954	-2.88188
2.22593	-2.88074
2.23208	-2.88023
2.23868	-2.87971
2.24521	-2.87983
2.25189	-2.87987
2.25881	-2.87991
2.26592	-2.88017
2.27344	-2.88027
2.28064	-2.88046
2.28861	-2.88101
2.29614	-2.88148
2.30385	-2.88201
2.31118	-2.88288
2.31848	-2.88383
2.32581	-2.88484
2.33328	-2.88542
2.34126	-2.88622
2.34903	-2.88742
2.35718	-2.88854
2.36485	-2.88919
2.3723	2.88993
2.3799	2.88612
2.38746	2.88279
