-0.000999789	0.000991319
-0.00188271	0.00196283
-0.00270049	0.00290087
-0.00340953	0.00376839
-0.00407695	0.0045985
-0.00470709	0.00539025
-0.00524613	0.00607023
-0.0057594	0.0067255
-0.00624183	0.0073252
-0.00666289	0.00784435
-0.00703753	0.00843423
-0.0073696	0.00905336
-0.00767863	0.00969584
-0.00793033	0.0103381
-0.00822441	0.0109365
-0.00849388	0.0115537
-0.00873595	0.0121363
-0.0089974	0.0126351
-0.009314	0.0131767
-0.00956258	0.0137282
-0.00981505	0.0142221
-0.0100858	0.0146895
-0.0103499	0.0151574
-0.0105794	0.0155926
-0.0107831	0.0159897
-0.0109619	0.0164004
-0.0111484	0.0168013
-0.011233	0.0172378
-0.0113616	0.0177159
-0.0114845	0.0181875
-0.0115641	0.0186994
-0.0116385	0.0192374
-0.0117445	0.0197486
-0.0118497	0.020271
-0.011941	0.0207671
-0.0120176	0.0212468
-0.0120581	0.0217087
-0.012068	0.0222166
-0.0120571	0.0227054
-0.0120763	0.0232325
-0.0120983	0.0237338
-0.0120779	0.0242123
-0.0120472	0.0247209
-0.0120851	0.0253219
-0.0121285	0.0258758
-0.0121655	0.0264861
-0.0122239	0.0271617
-0.0122839	0.0279081
-0.0123547	0.0286286
-0.0123953	0.0292524
-0.0124162	0.0298862
-0.0125242	0.0305172
-0.0125859	0.0311288
-0.0126943	0.0317594
-0.0127937	0.0324194
-0.0129484	0.0330758
-0.0130933	0.0337204
-0.0132736	0.0343928
-0.0134041	0.0351199
-0.0135247	0.0358233
-0.0136453	0.0365255
-0.0137151	0.037193
-0.0138118	0.0378784
-0.0140064	0.0385731
-0.0142238	0.0391922
-0.0143993	0.0397075
-0.0145411	0.0402546
-0.0146523	0.0408228
-0.0148549	0.0414216
-0.0150004	0.0420378
-0.015147	0.042721
-0.0152549	0.0433828
-0.0153687	0.0440351
-0.0154732	0.0446958
-0.0155723	0.0453534
-0.0156635	0.0460079
-0.0157478	0.0466617
-0.015877	0.0473584
-0.0160179	0.0480641
-0.0161483	0.048759
-0.0163157	0.0494696
-0.01654	0.050066
-0.0167622	0.0506649
-0.0169331	0.0512831
-0.0170845	0.0519393
-0.0172549	0.052566
-0.0174289	0.0532094
-0.0175889	0.0538668
-0.017713	0.0545196
-0.0178194	0.0551982
-0.0179092	0.0559101
-0.0179904	0.0566177
-0.018057	0.0573837
-0.0180362	0.0581399
-0.0180762	0.0588896
-0.0181508	0.0596607
-0.0183079	0.0604064
-0.0184513	0.0611308
-0.0185691	0.0618749
-0.018654	0.0626316
-0.0186909	0.0633766
-0.0187088	0.06415
-0.0187095	0.0649319
-0.0187094	0.0657324
-0.0186862	0.0665577
-0.0186081	0.0674374
-0.0185397	0.068316
-0.0184472	0.0691778
-0.0182945	0.0700406
-0.0181175	0.0708566
-0.017936	0.0716577
-0.0177217	0.072439
-0.0173861	0.0731564
-0.0170484	0.073878
-0.0167138	0.0746045
-0.0164372	0.0753769
-0.0161487	0.0760676
-0.0158042	0.0767335
-0.0154571	0.0774032
-0.0151312	0.0780705
-0.0148217	0.0787358
-0.0144977	0.0794097
-0.0141926	0.0800632
-0.0138474	0.080746
-0.0135505	0.0815142
-0.0132043	0.0822143
-0.0128009	0.0829505
-0.0123877	0.0836688
-0.011956	0.0843636
-0.0115518	0.0850451
-0.0112201	0.0857774
-0.0109547	0.0864891
-0.0107093	0.0871703
-0.0104383	0.0879667
-0.0101571	0.0887439
-0.00979887	0.0895279
-0.00941404	0.0902711
-0.00910774	0.0910482
-0.00880931	0.0918205
-0.00850961	0.0925767
-0.0081565	0.0933169
-0.00783273	0.0940609
-0.00750322	0.0948147
-0.00715385	0.0955695
-0.00681572	0.0963462
-0.00647646	0.0971551
-0.00617758	0.0979206
-0.00589159	0.0986186
-0.00560746	0.0993265
-0.00531654	0.100046
-0.00504896	0.100752
-0.00483549	0.101523
-0.004614	0.102296
-0.00442553	0.103104
-0.00423174	0.103903
-0.0040555	0.104697
-0.00398219	0.105488
-0.00392047	0.10628
-0.00385423	0.107083
-0.00380345	0.107892
-0.00373355	0.108697
-0.00371559	0.109562
-0.00370195	0.11039
-0.00369732	0.111218
-0.00364119	0.111991
-0.00356908	0.112744
-0.00348228	0.113509
-0.0034171	0.114203
-0.00332131	0.114895
-0.00326212	0.115551
-0.00317196	0.116256
-0.00304581	0.116877
-0.00289207	0.117503
-0.00272988	0.118139
-0.00255855	0.118784
-0.00237978	0.119438
-0.00222326	0.120093
-0.00205653	0.120757
-0.00187975	0.121419
-0.00172434	0.122089
-0.00156904	0.122785
-0.00141551	0.123531
-0.00126079	0.124283
-0.00110132	0.125033
-0.000904068	0.125788
-0.000690025	0.126517
-0.000431192	0.127222
-0.000175074	0.127919
9.00064e-05	0.128657
0.000339212	0.129493
0.000585075	0.130333
0.000829181	0.131202
0.00105578	0.132078
0.00127732	0.132968
0.00160584	0.133816
0.00194132	0.134634
0.0023	0.135459
0.00267536	0.136237
0.00303238	0.136993
0.00337228	0.137728
0.0036831	0.138518
0.00397031	0.139288
0.0042401	0.140039
0.00449159	0.140806
0.00469161	0.141579
0.00481176	0.142383
0.00494662	0.143106
0.00507375	0.14382
0.00519216	0.14453
0.00528478	0.145238
0.00535715	0.14591
0.00542998	0.146576
0.00549572	0.147157
0.00555906	0.14774
0.00562919	0.148333
0.00564294	0.148908
0.00564758	0.149501
0.00567891	0.150097
0.00574898	0.150725
0.00577639	0.151291
0.0057728	0.151863
0.00572901	0.152453
0.00564302	0.153143
0.00557727	0.153771
0.00551151	0.154395
0.00547615	0.154944
0.00546407	0.1555
0.00544656	0.156044
0.0054162	0.156689
0.00535146	0.157387
0.00536809	0.158072
0.00542545	0.158745
0.00547332	0.159381
0.00545473	0.159958
0.00542864	0.160543
0.00542684	0.161212
0.00536479	0.161889
0.00529658	0.16258
0.00531723	0.163363
0.00530023	0.164151
0.00529885	0.164927
0.00535131	0.165715
0.00539123	0.16649
0.00542467	0.167256
0.00543544	0.167968
0.00540858	0.16867
0.00540853	0.169379
0.00537945	0.170083
0.00533733	0.170793
0.00521093	0.17154
0.00507609	0.172279
0.00493889	0.173004
0.00479859	0.173735
0.00462852	0.174494
0.00446192	0.175235
0.00427344	0.175958
0.00409908	0.176657
0.00392143	0.177323
0.00369608	0.17797
0.00341477	0.178657
0.00313958	0.179329
0.00283514	0.180036
0.00255312	0.180772
0.00222536	0.181425
0.00185198	0.182101
0.00147068	0.182779
0.0010233	0.183476
0.000635527	0.184131
0.000237952	0.184801
-0.000162691	0.185471
-0.000553599	0.186139
-0.000859616	0.186762
-0.00115981	0.187384
-0.00136452	0.188042
-0.00160747	0.188648
-0.0018509	0.189251
-0.00206147	0.189777
-0.00224875	0.190274
-0.00248842	0.190794
-0.00279907	0.191363
-0.00306357	0.191948
-0.0033317	0.192544
-0.00361346	0.193142
-0.0038506	0.193736
-0.00409768	0.19432
-0.00432797	0.194896
-0.00454307	0.195465
-0.00468348	0.19598
-0.00480858	0.196518
-0.00491545	0.197097
-0.00503899	0.197667
-0.00514666	0.198215
-0.0052729	0.198808
-0.00539558	0.199411
-0.00552361	0.200011
-0.00564472	0.20061
-0.0057476	0.201226
-0.00587544	0.201816
-0.00599171	0.202399
-0.00609752	0.202996
-0.0061975	0.203585
-0.00626362	0.204178
-0.00632602	0.204784
-0.00639058	0.20543
-0.00648482	0.206093
-0.00653958	0.206724
-0.00665926	0.207381
-0.00680146	0.208027
-0.0069818	0.208604
-0.00715886	0.209197
-0.00730727	0.209851
-0.007458	0.210454
-0.00759945	0.211057
-0.00768023	0.211695
-0.00778123	0.212354
-0.0078735	0.213
-0.00790269	0.213689
-0.00796302	0.214363
-0.00795718	0.215036
-0.00796534	0.21572
-0.00799626	0.216391
-0.0079059	0.217113
-0.00782632	0.217835
-0.00774852	0.218482
-0.00764853	0.219143
-0.00748659	0.219867
-0.00738943	0.220652
-0.00728008	0.221434
-0.00713402	0.222155
-0.00697989	0.222882
-0.00684175	0.223565
-0.00665733	0.224259
-0.00647329	0.224958
-0.00629616	0.225658
-0.00602971	0.226392
-0.00575469	0.227123
-0.00547298	0.227855
-0.00519363	0.228593
-0.0049478	0.229327
-0.00462436	0.23
-0.00431951	0.230683
-0.0040127	0.231362
-0.00368633	0.232037
-0.00336195	0.232766
-0.00303613	0.233486
-0.00271445	0.234239
-0.00243593	0.235002
-0.00218623	0.235744
-0.00195147	0.23647
-0.00170794	0.237208
-0.00146912	0.237932
-0.00121113	0.238666
-0.000880679	0.23946
-0.000597896	0.240277
-0.000408786	0.241092
-0.000167137	0.241872
0.000102481	0.242683
0.000322732	0.243518
0.000543329	0.244333
0.000788997	0.245118
0.00105714	0.24586
0.00130681	0.246583
0.00154711	0.2473
0.00177674	0.248001
0.00200108	0.248695
0.00221651	0.249373
0.00234294	0.250072
0.00249763	0.250775
0.00266437	0.251478
0.00281955	0.252131
0.00299105	0.252779
0.00320207	0.253449
0.00336924	0.254027
0.00356338	0.254575
0.00376013	0.255135
0.00396385	0.255703
0.00411774	0.256241
0.00425554	0.25681
0.00440212	0.257365
0.00451774	0.257913
0.004633	0.258491
0.00470458	0.259071
0.00475395	0.259642
0.00479728	0.260221
0.00476287	0.260803
0.0047084	0.261401
0.00465199	0.262003
0.00459134	0.262604
0.00455341	0.263147
0.00450771	0.263705
0.00443165	0.264272
0.00441023	0.264868
0.00440086	0.265455
0.00436526	0.266061
0.0043295	0.266626
0.00424833	0.267182
0.00415849	0.267756
0.00408032	0.268453
0.00396245	0.269116
0.00383911	0.269783
0.00370286	0.270583
0.00354278	0.271366
0.00338626	0.272159
0.00324822	0.27288
0.00311134	0.273576
0.0029888	0.274243
0.00287491	0.274869
0.00278032	0.275507
0.00264983	0.276157
0.00251161	0.276814
0.00232676	0.277487
0.0020917	0.278165
0.00185089	0.278843
0.00162368	0.27953
0.00136626	0.280283
0.00109014	0.281089
0.000785	0.281909
0.000606645	0.282698
0.00040019	0.283424
0.000207238	0.284154
3.02433e-05	0.284869
-0.000111909	0.285569
-0.000269271	0.286216
-0.000419872	0.286863
-0.000556029	0.287495
-0.000697375	0.288109
-0.000829072	0.288722
-0.000936978	0.289286
-0.00106348	0.28985
-0.00121149	0.290428
-0.0013948	0.290971
-0.00162612	0.291505
-0.00185002	0.292041
-0.00209238	0.292548
-0.00240251	0.29311
-0.00270394	0.293669
-0.00300051	0.29422
-0.00331379	0.294711
-0.00363857	0.29525
-0.00390525	0.295802
-0.00411085	0.296377
-0.00435939	0.2969
-0.00466431	0.297414
-0.00503185	0.297947
-0.00534337	0.29848
-0.00566007	0.298988
-0.00600021	0.299498
-0.00634674	0.299994
-0.00665833	0.300418
-0.00697348	0.300837
-0.00723367	0.301232
-0.00749961	0.301622
-0.00778515	0.302007
-0.00809256	0.302381
-0.0083984	0.302813
-0.00872168	0.303271
-0.00906707	0.303713
-0.00938149	0.304114
-0.00964035	0.304469
-0.00988243	0.304772
-0.0100936	0.305094
-0.0103017	0.305464
-0.0104284	0.305867
-0.0105446	0.306241
-0.0106358	0.306605
-0.0107523	0.306978
-0.0108775	0.307368
-0.010992	0.307783
-0.0110755	0.308183
-0.011145	0.308587
-0.011206	0.309012
-0.0112799	0.309457
-0.0112829	0.30991
-0.0112794	0.310423
-0.011287	0.310986
-0.0112859	0.311634
-0.011188	0.312291
-0.0110832	0.312952
-0.010965	0.313624
-0.0108427	0.314301
-0.0107399	0.314924
-0.0105663	0.315595
-0.0104034	0.316295
-0.010237	0.317
-0.0100422	0.317725
-0.00986953	0.318427
-0.00967954	0.319055
-0.00948385	0.319676
-0.00926531	0.320302
-0.00897039	0.320884
-0.00863688	0.321481
-0.00830489	0.322094
-0.00797936	0.3227
-0.00760981	0.323304
-0.00723001	0.323917
-0.00680556	0.324446
-0.00629618	0.324939
-0.00580638	0.325413
-0.00527607	0.325923
-0.00476959	0.326422
-0.00427119	0.326925
-0.00373029	0.327431
-0.00320955	0.327877
-0.00269446	0.328372
-0.00216619	0.328875
-0.00170486	0.329401
-0.00123928	0.329984
-0.000819171	0.330533
-0.000424243	0.331111
1.60488e-05	0.331727
0.000464101	0.332319
0.000906908	0.332914
0.00134531	0.333548
0.00179033	0.33418
0.00221842	0.334814
0.00263996	0.335423
0.0030191	0.335994
0.00338687	0.336513
0.00376995	0.337025
0.00418984	0.337544
0.0045739	0.338115
0.00494151	0.338675
0.00529808	0.339223
0.00566695	0.339767
0.00605264	0.340333
0.00641919	0.340906
0.0068341	0.341477
0.00724489	0.341979
0.00761426	0.342497
0.00797091	0.343064
0.00827033	0.343673
0.00857326	0.344254
0.00883975	0.344796
0.00909533	0.345341
0.0093313	0.345938
0.00945301	0.346524
0.0095835	0.347102
0.00970309	0.347689
0.00981338	0.348329
0.00988278	0.349005
0.00993681	0.349686
0.00998444	0.350323
0.010023	0.35098
0.0100378	0.351628
0.0100294	0.352248
0.0100199	0.352943
0.00998464	0.353674
0.00991729	0.354275
0.00983779	0.354894
0.00975222	0.355523
0.00967236	0.356152
0.00957966	0.356757
0.00948609	0.357362
0.0093845	0.357977
0.00927539	0.358603
0.0091564	0.35924
0.00904053	0.359873
0.0089182	0.360547
0.00879993	0.361274
0.00863898	0.361969
0.00851302	0.362649
0.00840647	0.363416
0.0083123	0.364179
0.00821273	0.364938
0.00809361	0.365722
0.00796862	0.366527
0.00781441	0.367357
0.00766214	0.368165
0.00754383	0.369051
0.00741138	0.369904
0.00725955	0.370749
0.00717319	0.371577
0.00712964	0.372415
0.00708309	0.373245
0.0070367	0.37405
0.00698693	0.374848
0.00692414	0.375608
0.00685388	0.376346
0.00677168	0.377123
0.00671851	0.377891
0.00670366	0.378652
0.00668328	0.379406
0.00664622	0.380154
0.00657781	0.38098
0.00651629	0.38176
0.00646223	0.382527
0.00642675	0.383282
0.00641288	0.384051
0.00634268	0.384877
0.00630391	0.38576
0.00632148	0.386644
0.00629364	0.387546
0.00621544	0.388445
0.00616668	0.389284
0.00610368	0.390131
0.00602916	0.390971
0.00595139	0.391755
0.0058505	0.392483
0.00572068	0.393237
0.00558035	0.393985
0.00546895	0.394757
0.00529739	0.395551
0.00508797	0.39633
0.00488411	0.39712
0.00465276	0.397908
0.00447713	0.398675
0.0042928	0.399493
0.004081	0.400345
0.00385405	0.401165
0.0036266	0.401955
0.00344708	0.402624
0.00326665	0.403338
0.00311891	0.4041
0.00296916	0.404845
0.00281196	0.405593
0.00269836	0.406419
0.00256863	0.407247
0.00243521	0.408092
0.00238742	0.408893
0.00237308	0.409732
0.00231319	0.410497
0.00222697	0.411297
0.00214823	0.412062
0.00206141	0.412839
0.00198673	0.413589
0.00199629	0.414372
0.00203708	0.415141
0.00210908	0.415826
0.00213441	0.416538
0.00215736	0.417201
0.00219813	0.417949
0.00222151	0.418692
0.00223695	0.419433
0.00228259	0.420197
0.0023159	0.42095
0.00234041	0.421703
0.00230858	0.422385
0.0022487	0.42302
0.00219651	0.423713
0.00213069	0.424396
0.00205448	0.425075
0.00198683	0.425808
0.00191361	0.42654
0.00182713	0.427274
0.00162744	0.428004
0.00138168	0.428708
0.00112887	0.429413
0.000847264	0.430188
0.000558998	0.430962
0.000258722	0.431752
-5.74082e-05	0.432502
-0.000363356	0.43323
-0.000660938	0.433926
-0.00090444	0.434608
-0.00113683	0.435285
-0.00129095	0.436043
-0.00143607	0.436788
-0.00159655	0.437486
-0.00174742	0.438168
-0.00193116	0.438963
-0.00208036	0.439742
-0.00222629	0.440574
-0.00237545	0.441387
-0.00250424	0.442177
-0.00261149	0.442934
-0.00271724	0.443684
-0.00279867	0.444403
-0.00287001	0.445108
-0.00292569	0.445818
-0.00299224	0.44656
-0.00303679	0.447283
-0.00307337	0.448005
-0.00317211	0.448758
-0.0032164	0.449523
-0.00323884	0.45028
-0.00325594	0.451034
-0.00332679	0.451845
-0.00339604	0.452655
-0.00344478	0.453455
-0.0034482	0.454225
-0.00342598	0.454955
-0.00345536	0.455667
-0.00346517	0.456376
-0.00347043	0.457084
-0.00348354	0.457782
-0.00349344	0.458484
-0.00349485	0.459188
-0.00349053	0.459899
-0.00345319	0.460641
-0.0033933	0.461351
-0.00333357	0.462088
-0.00326847	0.462803
-0.00314261	0.463534
-0.00301061	0.464264
-0.00287423	0.464993
-0.00273393	0.465723
-0.0026204	0.466474
-0.00254524	0.467184
-0.00253116	0.46788
-0.00251024	0.468574
-0.00247571	0.469253
-0.00244706	0.46997
-0.0023548	0.47069
-0.00225747	0.47141
-0.00214519	0.472121
-0.00201918	0.472835
-0.00187586	0.473493
-0.00173025	0.474141
-0.00155444	0.474752
-0.00136838	0.475361
-0.00120885	0.476068
-0.00107059	0.476744
-0.000950023	0.477424
-0.000804616	0.478087
-0.000652768	0.478775
-0.000509831	0.479466
-0.000322927	0.480117
-8.64383e-05	0.480761
0.000162138	0.48144
0.000412675	0.48211
0.000607058	0.482848
0.00076692	0.48363
0.000918512	0.484401
0.00107688	0.485117
0.00128967	0.485881
0.00150487	0.486616
0.00181095	0.487348
0.00208006	0.488082
0.00231587	0.488853
0.00254021	0.489609
0.00275852	0.490352
0.00294674	0.491055
0.0031456	0.491752
0.00335928	0.492458
0.00361737	0.49308
0.00388538	0.493705
0.00413478	0.494352
0.00438552	0.494898
0.00463145	0.495422
0.00495053	0.495958
0.00523489	0.496462
0.00552182	0.496928
0.00579757	0.497367
0.00607617	0.497791
0.00631242	0.498294
0.00664265	0.498718
0.00696666	0.499145
0.00728572	0.499579
0.00755843	0.500024
0.00783656	0.500415
0.00813561	0.500833
0.00843139	0.501258
0.00872136	0.501685
0.00900928	0.50213
0.00929613	0.502569
0.00963612	0.502952
0.00994883	0.503356
0.0103318	0.503796
0.0107225	0.504253
0.0111068	0.504707
0.01147	0.505178
0.0118427	0.505659
0.0121463	0.506113
0.0124328	0.506548
0.0127842	0.506927
0.0131343	0.507305
0.0134562	0.507691
0.0137868	0.508048
0.0141744	0.508374
0.014555	0.508694
0.0148923	0.508979
0.0153022	0.509357
0.0156985	0.509717
0.0160876	0.510136
0.0164325	0.510503
0.0167744	0.510867
0.0171433	0.511232
0.0174156	0.511549
0.0176836	0.511886
0.0179488	0.512209
0.0181698	0.512557
0.0183444	0.512963
0.0186044	0.513356
0.0188519	0.513732
0.0190996	0.51411
0.0193566	0.514494
0.0196022	0.514875
0.0199245	0.515349
0.020236	0.515824
0.0205646	0.516262
0.0209229	0.516692
0.0212807	0.517121
0.0216309	0.517586
0.0219451	0.518085
0.0222253	0.518628
0.0225262	0.519126
0.0228021	0.51963
0.0231195	0.520104
0.0233801	0.520598
0.0236246	0.521101
0.0238483	0.521561
0.0239987	0.522018
0.0241605	0.522485
0.024317	0.522888
0.0244979	0.523329
0.0246541	0.523705
0.0247353	0.52409
0.024758	0.52443
0.0247783	0.524796
0.0247992	0.525191
0.0248335	0.525606
0.0248346	0.526053
0.024822	0.526509
0.0248093	0.526993
0.0248021	0.527406
0.0247851	0.527848
0.0247601	0.528325
0.0247302	0.528816
0.0247256	0.529377
0.0246775	0.530018
0.0246237	0.530658
0.0245774	0.531329
0.0244838	0.532078
0.0244272	0.532804
0.0243424	0.533552
0.0242823	0.534334
0.0242217	0.535081
0.0241538	0.53591
0.0240881	0.536794
0.0239324	0.537646
0.0237682	0.538442
0.0235611	0.539187
0.0233691	0.539968
0.0231611	0.540761
0.02302	0.541558
0.0228486	0.542339
0.0226793	0.543186
0.0224974	0.54405
0.0224073	0.544914
0.0223078	0.545733
0.0222259	0.546576
0.0221097	0.547435
0.0219877	0.54828
0.0218702	0.54913
0.0216898	0.549913
0.021537	0.550735
0.0213148	0.551615
0.0210748	0.552483
0.0208329	0.553346
0.0205956	0.554201
0.0203694	0.555043
0.0200831	0.555828
0.019816	0.556651
0.0195105	0.557435
0.0191187	0.558189
0.0188221	0.55896
0.018525	0.559706
0.0182072	0.560507
0.0179425	0.561283
0.0176932	0.561982
0.0174242	0.562687
0.0171492	0.563397
0.0168615	0.564117
0.0166022	0.564766
0.0163319	0.565417
0.0160379	0.566072
0.0157281	0.566737
0.0154255	0.567373
0.0150379	0.568037
0.0146559	0.568696
0.0142176	0.569316
0.0137666	0.569992
0.0133189	0.570622
0.0128575	0.57126
0.0123872	0.571902
0.0119119	0.572547
0.0114461	0.573163
0.0109936	0.573793
0.0105153	0.574421
0.0100278	0.57505
0.00956066	0.575662
0.00911325	0.576263
0.00864053	0.576859
0.00818469	0.577491
0.00774562	0.578074
0.00738313	0.578727
0.00702563	0.579392
0.0066793	0.580027
0.00634023	0.580708
0.00589838	0.581393
0.00545808	0.582117
0.00499067	0.582869
0.00454418	0.583617
0.00413916	0.584352
0.00371986	0.585041
0.00325058	0.585799
0.00277754	0.586541
0.00229241	0.587305
0.00178529	0.588107
0.00128719	0.588907
0.000854285	0.589709
0.000393863	0.590518
-0.000120716	0.591365
-0.000604093	0.592125
-0.00105805	0.592779
-0.00148795	0.593388
-0.00189857	0.594004
-0.00230737	0.594556
-0.00273259	0.595136
-0.00313058	0.595662
-0.00356637	0.596171
-0.00402557	0.59666
-0.00444614	0.597113
-0.00484308	0.597592
-0.00523089	0.598066
-0.00563282	0.598577
-0.00595937	0.599036
-0.00629299	0.599488
-0.0066219	0.599941
-0.00691738	0.60042
-0.00724832	0.600892
-0.00759984	0.601328
-0.00792046	0.601795
-0.00830394	0.602332
-0.00868168	0.602828
-0.00905925	0.60331
-0.00942982	0.603787
-0.00977284	0.604248
-0.0100686	0.604626
-0.0103214	0.605054
-0.010559	0.605548
-0.0107806	0.606061
-0.0109775	0.606508
-0.01118	0.606974
-0.0113785	0.607446
-0.0116272	0.607876
-0.0118869	0.608288
-0.0121277	0.608678
-0.012364	0.6091
-0.0125995	0.609532
-0.0127952	0.609947
-0.012961	0.610376
-0.0131263	0.610792
-0.0132741	0.611264
-0.013429	0.61172
-0.0135611	0.612155
-0.0137506	0.612605
-0.0139751	0.613049
-0.0141914	0.613518
-0.014394	0.614031
-0.0146001	0.614609
-0.0148188	0.61518
-0.0150425	0.615776
-0.0152919	0.616394
-0.0155295	0.617006
-0.0156886	0.617693
-0.0158597	0.618329
-0.016076	0.619012
-0.0162147	0.619652
-0.0163778	0.620243
-0.0165169	0.620797
-0.0166503	0.62136
-0.016801	0.621863
-0.0169552	0.622372
-0.0171152	0.622813
-0.0172628	0.623242
-0.0174712	0.623698
-0.0176397	0.624156
-0.0177941	0.624648
-0.0179627	0.625161
-0.0180821	0.625646
-0.0182192	0.62625
-0.0183716	0.626867
-0.0185118	0.627486
-0.0187224	0.628254
-0.0189672	0.629052
-0.0191429	0.629895
-0.0192795	0.630779
-0.0194333	0.631576
-0.0194734	0.63242
-0.0194952	0.633259
-0.0194391	0.634064
-0.0193535	0.634825
-0.0192653	0.635593
-0.0191614	0.636424
-0.0190113	0.637226
-0.0187562	0.637946
-0.0185713	0.638682
-0.0183931	0.639411
-0.0181907	0.640262
-0.0180063	0.641085
-0.0177957	0.641905
-0.0175835	0.642711
-0.0173687	0.64351
-0.0171501	0.644302
-0.016898	0.64511
-0.0166437	0.64592
-0.0164202	0.646727
-0.0161993	0.647528
-0.0159701	0.648316
-0.0157182	0.649077
-0.0154548	0.64979
-0.0151709	0.650499
-0.0148798	0.651206
-0.0145903	0.651899
-0.0142917	0.652587
-0.0139371	0.653287
-0.0136134	0.654019
-0.0132435	0.654777
-0.0129189	0.65554
-0.0125762	0.65631
-0.0122248	0.657101
-0.0118768	0.657829
-0.0114758	0.658514
-0.0110524	0.659254
-0.0106172	0.660055
-0.0101685	0.660761
-0.00975115	0.661475
-0.00932746	0.662232
-0.00889982	0.662991
-0.00846929	0.663743
-0.00805401	0.664494
-0.00763146	0.665215
-0.00724276	0.666027
-0.00685015	0.666823
-0.00647704	0.667606
-0.00611698	0.668382
-0.00574738	0.669131
-0.00545636	0.669797
-0.00516332	0.670483
-0.00486879	0.671185
-0.0046201	0.671883
-0.00437226	0.672529
-0.00415102	0.673158
-0.00399543	0.673801
-0.0039173	0.674503
-0.00389292	0.675148
-0.00379132	0.675848
-0.00368301	0.67655
-0.00355342	0.677269
-0.00342579	0.677992
-0.00326847	0.678785
-0.00310864	0.679578
-0.00296084	0.680377
-0.002836	0.681195
-0.00270463	0.681999
-0.00255784	0.682796
-0.00237061	0.683587
-0.00216101	0.684376
-0.00199978	0.685207
-0.00183207	0.686035
-0.00163647	0.686884
-0.00140672	0.687754
-0.00118124	0.68859
-0.000935723	0.689459
-0.000711224	0.690286
-0.000431155	0.69106
-0.000105914	0.691836
0.000222977	0.692605
0.000532094	0.693391
0.000826281	0.694155
0.00113208	0.694937
0.00143521	0.695712
0.00161008	0.696521
0.00176703	0.697325
0.00193779	0.698098
0.00210745	0.698862
0.0022906	0.699636
0.00244624	0.700413
0.00259565	0.701174
0.00269536	0.701943
0.00281988	0.702725
0.00289373	0.703472
0.00296192	0.704188
0.00299312	0.704912
0.00302705	0.7056
0.00308642	0.706319
0.00317203	0.707048
0.00331084	0.707859
0.00341907	0.708598
0.00351386	0.709327
0.00365259	0.710087
0.00378006	0.710833
0.00389258	0.71152
0.00400405	0.712154
0.00411396	0.712812
0.00419606	0.713394
0.00428812	0.714026
0.00435161	0.714638
0.00444628	0.715238
0.0045359	0.715842
0.00453739	0.716441
0.00454379	0.717157
0.0045518	0.71789
0.00455144	0.718614
0.00451461	0.719385
0.0044796	0.720162
0.00441499	0.720871
0.00436627	0.721546
0.00428936	0.722254
0.00420438	0.722963
0.00412776	0.723652
0.00406855	0.724363
0.00400234	0.72508
0.00396479	0.725798
0.00393207	0.726525
0.00392987	0.727251
0.00394737	0.727961
0.00392213	0.728659
0.00392395	0.729344
0.00391572	0.73002
0.00385324	0.730718
0.00379451	0.731443
0.00381741	0.732204
0.00384017	0.73297
0.00382469	0.733727
0.00379507	0.734438
0.00374934	0.735155
0.00369907	0.735899
0.00368172	0.736583
0.00362897	0.737274
0.0035315	0.737995
0.00344077	0.738715
0.00333169	0.739455
0.00320925	0.740166
0.00304935	0.740869
0.00292626	0.741512
0.00278946	0.742238
0.00265504	0.742953
0.00242048	0.743707
0.00218455	0.744457
0.00195627	0.745161
0.0017349	0.745835
0.00150856	0.746488
0.00125629	0.747144
0.00104222	0.747836
0.000778035	0.748569
0.000506806	0.749296
0.000255388	0.75001
-6.30117e-06	0.750722
-0.000263678	0.751429
-0.000496555	0.752083
-0.000721051	0.752733
-0.00098206	0.753462
-0.00115523	0.754189
-0.00131955	0.754909
-0.00147178	0.755638
-0.0016099	0.756362
-0.00182776	0.757121
-0.00208884	0.757904
-0.00240325	0.758606
-0.0026541	0.759335
-0.00291809	0.76006
-0.00318905	0.760839
-0.00348593	0.761549
-0.00373044	0.762215
-0.00398731	0.762827
-0.00421036	0.763474
-0.00445359	0.764064
-0.00463383	0.76465
-0.00485365	0.765225
-0.0050708	0.765791
-0.00523482	0.766372
-0.00538332	0.766959
-0.00556048	0.767552
-0.00579566	0.768144
-0.00596973	0.768658
-0.00613762	0.769174
-0.00633671	0.769669
-0.00653603	0.770167
-0.00674807	0.770611
-0.00693251	0.77107
-0.00712039	0.771528
-0.00728248	0.77204
-0.00744129	0.77256
-0.00759401	0.773088
-0.00774364	0.7736
-0.00789678	0.774168
-0.00801616	0.77469
-0.00814712	0.775229
-0.0082973	0.775842
-0.0084378	0.776462
-0.00856295	0.777111
-0.00866293	0.777762
-0.0086499	0.778419
-0.00862459	0.779085
-0.00867432	0.779753
-0.00868316	0.780408
-0.0087149	0.780984
-0.00874186	0.781581
-0.00876181	0.78219
-0.00880458	0.782817
-0.0087861	0.783498
-0.00875877	0.784182
-0.0087369	0.784894
-0.00870898	0.785595
-0.008672	0.78631
-0.0086379	0.787035
-0.00862219	0.787753
-0.0085504	0.788559
-0.00844734	0.789422
-0.00836295	0.790281
-0.0082528	0.791148
-0.0081413	0.792018
-0.00806578	0.792836
-0.00799139	0.793655
-0.00793966	0.79434
-0.00791515	0.795042
-0.00783496	0.795718
-0.00783677	0.796371
-0.00786871	0.797156
-0.00788658	0.797967
-0.00790676	0.798802
-0.00795067	0.799649
-0.0079606	0.800494
-0.00795013	0.801341
-0.00789186	0.802216
-0.00784405	0.803046
-0.00774634	0.803863
-0.00764375	0.804663
-0.00754663	0.805431
-0.00735284	0.806217
-0.00711226	0.806934
-0.0068776	0.807686
-0.00663535	0.808449
-0.00638261	0.809222
-0.00610782	0.810021
-0.00587141	0.810814
-0.0056052	0.811588
-0.00533263	0.812363
-0.0050494	0.813131
-0.00477058	0.813924
-0.00450144	0.814716
-0.00421909	0.815529
-0.00395255	0.816317
-0.00376844	0.817085
-0.00355261	0.817838
-0.00332437	0.818579
-0.00305714	0.819339
-0.00281442	0.820111
-0.0025456	0.820863
-0.00233633	0.821626
-0.00211983	0.822372
-0.00200285	0.823185
-0.00188296	0.823987
-0.00171821	0.824735
-0.00156572	0.825466
-0.00139353	0.826213
-0.00122057	0.826953
-0.00104599	0.827694
-0.000860717	0.828422
-0.000656175	0.829174
-0.000448578	0.82987
-0.000184107	0.830583
7.95432e-05	0.831312
0.000300863	0.832042
0.00055146	0.832767
0.000833179	0.833508
0.00110281	0.834227
0.0013754	0.834876
0.00161853	0.835536
0.00185266	0.836187
0.00208725	0.83676
0.00230579	0.837271
0.00252377	0.837811
0.00266755	0.838347
0.00279163	0.838873
0.00292679	0.839429
0.00306782	0.839959
0.00322222	0.840474
0.00330172	0.841055
0.00338958	0.841658
0.00344114	0.842276
0.0034882	0.842908
0.00352989	0.843529
0.00366417	0.844196
0.00379184	0.84486
0.00396737	0.845521
0.004141	0.84617
0.00432305	0.846867
0.00449675	0.847557
0.0046512	0.848216
0.00479485	0.848795
0.00501878	0.849406
0.00516901	0.850065
0.00535104	0.850737
0.00546116	0.851523
0.00558715	0.852287
0.00573177	0.853049
0.00586806	0.8538
0.00605224	0.854519
0.00618218	0.855294
0.00636327	0.856088
0.00653376	0.856865
0.00668955	0.857642
0.00671759	0.8584
0.00675487	0.859134
0.00672569	0.859889
0.00669057	0.860552
0.00654527	0.861287
0.00640345	0.862011
0.00625373	0.862689
0.00606126	0.863322
0.00586181	0.863975
0.00559018	0.864561
0.00527458	0.865173
0.0049518	0.865784
0.00464427	0.866422
0.00436263	0.867007
0.00402854	0.867683
0.00368054	0.868337
0.00330142	0.869015
0.00290569	0.869715
0.00239817	0.870437
0.00190449	0.87116
0.00143295	0.871842
0.00092021	0.8725
0.000413893	0.873175
-8.13125e-05	0.873875
-0.000570187	0.874534
-0.000998061	0.875163
-0.00142508	0.87579
-0.00183037	0.87634
-0.00229136	0.876898
-0.00278115	0.877462
-0.00319069	0.878063
-0.00359575	0.878664
-0.0039753	0.879259
-0.00428701	0.879856
-0.00459205	0.880439
-0.0048975	0.88103
-0.0051632	0.881596
-0.00542774	0.882191
-0.00568107	0.882789
-0.00591764	0.883372
-0.00615607	0.883959
-0.00639126	0.884544
-0.00664241	0.885205
-0.00687909	0.885844
-0.00709696	0.886477
-0.00731031	0.887121
-0.00746094	0.88776
-0.00761311	0.888413
-0.00772838	0.889015
-0.00783749	0.889617
-0.00794414	0.890248
-0.00818495	0.890857
-0.00840932	0.891436
-0.00859159	0.892033
-0.00873668	0.892602
-0.0087664	0.893212
-0.0087712	0.893875
-0.00877019	0.894505
-0.00874685	0.895133
-0.00873249	0.89583
-0.00873915	0.896554
-0.00867911	0.897226
-0.00852845	0.897895
-0.00831964	0.898599
-0.00804835	0.899344
-0.00776975	0.900086
-0.00750245	0.900847
-0.00723517	0.901588
-0.00686786	0.902317
-0.0064803	0.902959
-0.00611155	0.903578
-0.00580094	0.904189
-0.005479	0.90481
-0.00514369	0.905445
-0.00479369	0.90604
-0.00446489	0.906612
-0.00415303	0.907151
-0.00382708	0.907713
-0.00347875	0.908267
-0.00311595	0.908834
-0.00286844	0.909455
-0.00264734	0.910135
-0.00243192	0.910864
-0.00220718	0.911586
-0.00195616	0.912318
-0.00179337	0.913051
-0.00163487	0.913807
-0.00142106	0.914548
-0.00119803	0.915267
-0.000938555	0.916004
-0.000662051	0.916736
-0.000394977	0.917496
-0.000131644	0.918268
0.000144053	0.919041
0.000396869	0.919775
0.000647304	0.920509
0.000884399	0.921263
0.00109308	0.92204
0.00128614	0.922818
0.00138133	0.923509
0.00148399	0.92414
0.00155555	0.924745
0.00163491	0.92537
0.00172656	0.926024
0.00182533	0.926651
0.00193938	0.927358
0.00200314	0.928093
0.00206804	0.928813
0.00205442	0.92953
0.00203172	0.930267
0.00203541	0.930933
0.00199283	0.931665
0.00204703	0.932397
0.00204398	0.933128
0.00202592	0.93387
0.00201487	0.93459
0.00191864	0.935262
0.00183582	0.935934
0.00178166	0.93662
0.00175306	0.937306
0.00169479	0.937976
0.00163064	0.93865
0.00158769	0.939286
0.00160807	0.939952
0.00163794	0.940594
0.00169438	0.941236
0.00171159	0.941873
0.00162111	0.942608
0.00150451	0.943286
0.00140712	0.94398
0.001323	0.944594
0.0012936	0.945207
0.00125179	0.945815
0.00119922	0.94639
0.00116737	0.947007
0.00111966	0.947659
0.0010471	0.948289
0.00101285	0.948853
0.000936607	0.949373
0.000879371	0.949908
0.000797977	0.950479
0.000707774	0.95105
0.000556628	0.951657
0.000398778	0.952272
0.000243614	0.952902
5.93403e-05	0.953531
-0.000133673	0.954168
-0.0003248	0.954792
-0.000492171	0.955424
-0.00068522	0.956064
-0.000871209	0.956702
-0.00106139	0.957379
-0.00121744	0.958086
-0.00134994	0.95881
-0.0015154	0.959546
-0.00167506	0.960278
-0.0018288	0.961007
-0.00195091	0.961764
-0.00216138	0.962498
-0.00230043	0.963213
-0.00238791	0.963933
-0.00247281	0.96465
-0.00257659	0.965382
-0.00271603	0.966032
-0.00286256	0.966667
-0.00304473	0.967242
-0.00325075	0.967802
-0.00344984	0.968325
-0.00358236	0.968786
-0.00364834	0.96923
-0.00371949	0.969698
-0.00375682	0.970178
-0.00378201	0.970681
-0.00386247	0.971268
-0.00397423	0.971883
-0.00414146	0.972492
-0.00431962	0.973128
-0.00454942	0.973762
-0.00474732	0.974427
-0.00498212	0.975074
-0.00521356	0.975692
-0.00542041	0.976302
-0.00559396	0.976918
-0.00576102	0.977517
-0.00591332	0.978112
-0.00607227	0.978787
-0.00624974	0.979503
-0.00639092	0.980238
-0.00652081	0.980963
-0.00660236	0.981679
-0.00667475	0.982338
-0.00674711	0.982924
-0.0068259	0.983461
-0.00697249	0.984046
-0.00708673	0.984637
-0.00719458	0.985227
-0.00730219	0.985818
-0.00738147	0.986453
-0.00738286	0.987106
-0.00736286	0.987737
-0.00737189	0.98835
-0.00736537	0.988938
-0.00735656	0.989537
-0.00732359	0.990142
-0.00737582	0.990778
-0.00742972	0.991412
-0.00747836	0.992058
-0.00761199	0.992673
-0.00773831	0.993306
-0.0079111	0.993932
-0.00809278	0.994583
-0.00822253	0.99524
-0.00838088	0.995861
-0.0085514	0.99648
-0.00870891	0.997071
-0.00890407	0.997619
-0.00905951	0.998147
-0.00922967	0.998726
-0.00939265	0.999307
-0.00950427	0.999917
-0.00960737	1.00053
-0.00965738	1.00112
-0.00964134	1.00167
-0.00965432	1.00216
-0.00967065	1.00267
-0.00969993	1.00322
-0.00972409	1.00378
-0.00971356	1.00437
-0.00970575	1.00496
-0.00964848	1.00561
-0.00961573	1.0063
-0.00950925	1.007
-0.00939315	1.0077
-0.00926755	1.00841
-0.00917346	1.00914
-0.00908513	1.00994
-0.00897997	1.01071
-0.00889271	1.01143
-0.00891688	1.0122
-0.00887332	1.01293
-0.00881635	1.01369
-0.00874456	1.01442
-0.00865753	1.01513
-0.0085949	1.01586
-0.00858446	1.01662
-0.00854293	1.01733
-0.00849749	1.01804
-0.00847256	1.0187
-0.00843514	1.01936
-0.0083627	1.01998
-0.00831705	1.02072
-0.00835069	1.02147
-0.00837261	1.02223
-0.00834666	1.02297
-0.00838102	1.02372
-0.00841703	1.02451
-0.00845058	1.02528
-0.00845645	1.02606
-0.0084531	1.02683
-0.00835349	1.02758
-0.00825509	1.02838
-0.00815353	1.02913
-0.00797576	1.02986
-0.0077947	1.03062
-0.00756518	1.03136
-0.00732799	1.03212
-0.00706585	1.03294
-0.00682457	1.0338
-0.00665	1.03465
-0.006456	1.03548
-0.00630924	1.03624
-0.00613368	1.03695
-0.00594852	1.03768
-0.0057403	1.03839
-0.00552582	1.03908
-0.00529244	1.03983
-0.00505236	1.04054
-0.00479546	1.04125
-0.00452175	1.04194
-0.00423645	1.04261
-0.00393527	1.04329
-0.003628	1.04398
-0.0033135	1.04468
-0.00292948	1.04534
-0.00251588	1.04612
-0.00210834	1.04687
-0.00172423	1.04761
-0.0013924	1.04833
-0.00105791	1.04905
-0.000704535	1.04976
-0.000330861	1.0504
4.51891e-05	1.05101
0.000364175	1.05162
0.00073079	1.05224
0.00107162	1.05283
0.00141594	1.05345
0.00174599	1.05402
0.00206989	1.05458
0.00238411	1.05515
0.00262496	1.05567
0.0028514	1.05626
0.00300289	1.0569
0.00315564	1.05755
0.00327804	1.0582
0.00337797	1.05891
0.00346175	1.05963
0.00353619	1.06037
0.00361276	1.06109
0.00364668	1.06174
0.00359905	1.0624
0.00347036	1.06308
0.00331541	1.06372
0.00315977	1.06438
0.00296227	1.06502
0.00276202	1.06566
0.00260106	1.06633
0.00244179	1.06701
0.00223259	1.06769
0.00201689	1.06837
0.00181686	1.06905
0.0015104	1.06964
0.00118159	1.07022
0.000795072	1.07085
0.000385663	1.07148
-3.91559e-05	1.07213
-0.000378943	1.07272
-0.000772357	1.07322
-0.00109456	1.07374
-0.00140542	1.07426
-0.00170095	1.07478
-0.00198933	1.07531
-0.00227625	1.07585
-0.00256525	1.07638
-0.00287734	1.07687
-0.00319176	1.07738
-0.00351185	1.07794
-0.0038565	1.07852
-0.00420054	1.07909
-0.00453444	1.07963
-0.00490006	1.08018
-0.00526235	1.08064
-0.00561758	1.08111
-0.00596332	1.08157
-0.00630545	1.08204
-0.00666359	1.08253
-0.00705416	1.08304
-0.00744985	1.08353
-0.00783474	1.08401
-0.00818685	1.08451
-0.00855419	1.08503
-0.0088829	1.08559
-0.00920159	1.08614
-0.00955031	1.08664
-0.00988784	1.08714
-0.0102438	1.0876
-0.01057	1.08804
-0.0108632	1.08851
-0.0111319	1.08897
-0.0113585	1.08941
-0.01161	1.08989
-0.0119082	1.09039
-0.0122012	1.0909
-0.0124937	1.09142
-0.0127848	1.09195
-0.0130968	1.09255
-0.0134013	1.09315
-0.0137276	1.09377
-0.0140396	1.09438
-0.0143881	1.09501
-0.0147853	1.09561
-0.0151854	1.09618
-0.0155493	1.09677
-0.0160123	1.0973
-0.0163703	1.09783
-0.0167139	1.09837
-0.0170494	1.0989
-0.0173812	1.09946
-0.0177199	1.09998
-0.0179536	1.10054
-0.0181563	1.10105
-0.0183499	1.10158
-0.0186119	1.1021
-0.0188545	1.10262
-0.0190898	1.10312
-0.0192963	1.10364
-0.019483	1.10414
-0.0196779	1.10462
-0.0198948	1.10507
-0.0200941	1.10552
-0.0202365	1.10603
-0.0203561	1.10651
-0.0203989	1.10703
-0.0204035	1.10753
-0.020402	1.10806
-0.0203804	1.1086
-0.0203346	1.10914
-0.020306	1.10969
-0.0202722	1.11026
-0.0203303	1.11085
-0.0203495	1.11151
-0.0203734	1.11215
-0.0203721	1.11269
-0.0203671	1.11322
-0.0203578	1.11374
-0.0203587	1.11428
-0.020389	1.11474
-0.0204764	1.11525
-0.0205736	1.11581
-0.0206477	1.11638
-0.0207387	1.11698
-0.0208808	1.11756
-0.0210122	1.11817
-0.0211601	1.11877
-0.0212934	1.11941
-0.0214562	1.12005
-0.0215178	1.12065
-0.0216785	1.12115
-0.0218892	1.12167
-0.0220929	1.12224
-0.0223207	1.12284
-0.0225413	1.12345
-0.0227536	1.12405
-0.0229502	1.12464
-0.0231447	1.12531
-0.023374	1.12601
-0.0235631	1.12668
-0.023746	1.12734
-0.0239183	1.128
-0.0241448	1.12868
-0.0243131	1.12927
-0.02444	1.12998
-0.0245721	1.13068
-0.0247099	1.13138
-0.0248187	1.1321
-0.0249099	1.13283
-0.0250057	1.13361
-0.0251082	1.13439
-0.0252205	1.1352
-0.0253085	1.13604
-0.0254373	1.13693
-0.0255835	1.13782
-0.0257766	1.13878
-0.0259368	1.13969
-0.0261402	1.14055
-0.0263313	1.14139
-0.026493	1.14218
-0.0266545	1.14296
-0.0267946	1.14371
-0.0269378	1.14442
-0.0270688	1.14514
-0.0271775	1.14587
-0.0272386	1.1466
-0.0272819	1.14734
-0.0272933	1.14808
-0.0273026	1.14881
-0.0273122	1.14954
-0.0273127	1.15029
-0.0272801	1.15105
-0.0272379	1.15184
-0.0272135	1.15262
-0.0272157	1.15337
-0.0271915	1.15414
-0.0272389	1.15491
-0.0272896	1.15567
-0.0273165	1.15632
-0.0273011	1.15707
-0.0272857	1.15781
-0.0273496	1.15857
-0.0273588	1.15933
-0.0273321	1.16006
-0.0272874	1.16082
-0.0272347	1.16157
-0.0271904	1.16231
-0.027131	1.16305
-0.0270724	1.16377
-0.0269595	1.16447
-0.026827	1.16521
-0.0266924	1.16594
-0.0265273	1.16666
-0.0263534	1.16739
-0.0261976	1.16811
-0.0259965	1.16885
-0.0257411	1.16957
-0.0254652	1.17024
-0.0251681	1.17093
-0.0249165	1.17161
-0.0246605	1.17226
-0.0243916	1.17295
-0.0240658	1.17364
-0.0237312	1.17436
-0.0234306	1.17517
-0.0231675	1.17594
-0.0229065	1.17672
-0.0226396	1.17748
-0.022368	1.1782
-0.0220958	1.17888
-0.0218424	1.17958
-0.0215835	1.18026
-0.0213132	1.18093
-0.0210541	1.18159
-0.0207917	1.18225
-0.0205556	1.18294
-0.0202796	1.18361
-0.0200543	1.18427
-0.0198483	1.18499
-0.0195482	1.18568
-0.0192723	1.18631
-0.0189918	1.18691
-0.0187415	1.18755
-0.0184426	1.18821
-0.0181422	1.18887
-0.0178327	1.18952
-0.0175888	1.19022
-0.0173186	1.19091
-0.0170451	1.1916
-0.0167447	1.19228
-0.0164298	1.19296
-0.0161413	1.19368
-0.0157327	1.19441
-0.0153389	1.1951
-0.0148849	1.19577
-0.0143712	1.19638
-0.01387	1.19701
-0.0133333	1.19767
-0.0127937	1.19829
-0.0122319	1.19891
-0.0116626	1.19955
-0.0110886	1.20018
-0.0104852	1.20092
-0.0099313	1.20166
-0.00938744	1.20239
-0.00879365	1.20309
-0.00820872	1.20374
-0.00755356	1.20438
-0.00689597	1.20497
-0.00624891	1.20559
-0.00557827	1.20622
-0.00490665	1.20684
-0.00423341	1.20745
-0.00358291	1.20807
-0.00284935	1.20868
-0.00211925	1.20927
-0.00128132	1.20984
-0.000491801	1.21033
0.000294764	1.21081
0.00116697	1.21126
0.00193793	1.21173
0.00267599	1.21216
0.00342323	1.21259
0.00415615	1.21306
0.00491076	1.21357
0.00559542	1.21396
0.00622855	1.21437
0.00683589	1.21476
0.00733366	1.21519
0.00779032	1.21561
0.00828202	1.21603
0.00879901	1.21647
0.00931142	1.21692
0.00980028	1.21737
0.0102702	1.2178
0.0107721	1.21815
0.0112967	1.21848
0.0118047	1.2188
0.0123261	1.21916
0.0128132	1.21953
0.0132841	1.21988
0.0137428	1.22024
0.0141613	1.22057
0.0145656	1.22087
0.0150478	1.22116
0.0155141	1.22146
0.0159083	1.22176
0.0162996	1.22207
0.0166328	1.22242
0.016951	1.22279
0.0172125	1.22315
0.0174948	1.22349
0.0177835	1.22378
0.0180658	1.22404
0.0183509	1.22432
0.0186197	1.2246
0.0188926	1.22488
0.0192803	1.22522
0.0196345	1.22555
0.0200518	1.22588
0.0204149	1.22622
0.0207773	1.22655
0.0211507	1.22691
0.0215159	1.22719
0.0218417	1.22751
0.0221696	1.22785
0.0225027	1.2282
0.0228448	1.22855
0.0232208	1.22889
0.023604	1.22923
0.0239367	1.22958
0.0242699	1.22993
0.0245502	1.23029
0.0248191	1.23066
0.0251611	1.23109
0.0255142	1.2315
0.0258151	1.23195
0.0261087	1.2324
0.0263529	1.23283
0.0266768	1.23323
0.026982	1.23369
0.0272994	1.23413
0.0275949	1.23459
0.0278859	1.23504
0.0281887	1.23547
0.028466	1.23589
0.028713	1.23632
0.0289511	1.23676
0.0291966	1.23725
0.0293914	1.23772
0.0295887	1.23814
0.0297825	1.23859
0.0299835	1.23905
0.0302667	1.23949
0.0305924	1.2399
0.0309376	1.24031
0.0311933	1.24071
0.0314174	1.24109
0.0315762	1.24149
0.0316767	1.2418
0.0317956	1.24212
0.0319313	1.24249
0.0321048	1.24283
0.0322621	1.24311
0.0324239	1.24341
0.0325632	1.24372
0.0327834	1.24403
0.0329573	1.24439
0.0331415	1.24471
0.0332767	1.24499
0.0334164	1.24532
0.033545	1.24569
0.0337233	1.246
0.0338612	1.24629
0.0339888	1.24661
0.0341356	1.24687
0.0343075	1.24718
0.0344006	1.24759
0.0345245	1.24804
0.0346395	1.24848
0.0347458	1.24892
0.0348317	1.24941
0.0348383	1.25001
0.0348629	1.25065
0.0348663	1.25128
0.0347244	1.25189
0.0345886	1.25257
0.0344643	1.25329
0.0343417	1.25404
0.0342135	1.25479
0.0340483	1.25552
0.0338549	1.25623
0.033681	1.25694
0.0334949	1.25762
0.0333158	1.25831
0.033133	1.259
0.0328757	1.25975
0.0326054	1.26048
0.0323442	1.26118
0.0320667	1.26187
0.0317831	1.26257
0.0314741	1.26329
0.0311639	1.26396
0.0308303	1.2646
0.0304765	1.26525
0.0301206	1.26598
0.0297214	1.26669
0.0292229	1.26748
0.0287591	1.26824
0.0282213	1.26899
0.0276946	1.26974
0.0271171	1.27047
0.0265391	1.2712
0.0259549	1.2719
0.0253289	1.27257
0.024528	1.27326
0.0237307	1.2739
0.0229387	1.27455
0.022106	1.2752
0.0212713	1.27585
0.0205075	1.27658
0.0197885	1.27732
0.0190871	1.27805
0.0184355	1.27876
0.0177597	1.27944
0.0170364	1.28004
0.0163053	1.2807
0.0155823	1.28141
0.0148537	1.28211
0.014101	1.28281
0.0133581	1.28352
0.0125658	1.28422
0.0117852	1.2849
0.0110312	1.28558
0.0103057	1.28625
0.00956618	1.28688
0.00880834	1.28758
0.00805554	1.28828
0.0072994	1.28893
