-0.0999789	0.0991319
-0.0882916	0.097151
-0.081778	0.0938039
-0.0709043	0.0867524
-0.0667423	0.0830104
-0.0630134	0.0791758
-0.0539044	0.0679973
-0.051327	0.0655271
-0.0482429	0.0599706
-0.0421058	0.0519144
-0.0374646	0.0589882
-0.033207	0.0619132
-0.0309025	0.0642475
-0.0251702	0.0642284
-0.0294085	0.0598369
-0.0269469	0.0617182
-0.0242071	0.0582592
-0.0261442	0.0498806
-0.0316598	0.0541651
-0.0248589	0.05515
-0.0252465	0.0493875
-0.0270756	0.0467404
-0.0264123	0.0467881
-0.0229521	0.0435182
-0.0203674	0.0397143
-0.0178802	0.0410728
-0.0186515	0.0400875
-0.00845597	0.0436455
-0.0128647	0.0478125
-0.0122834	0.0471633
-0.00796671	0.0511845
-0.00743972	0.0538003
-0.0105938	0.0511267
-0.0105236	0.0522322
-0.00912595	0.0496178
-0.00766539	0.0479703
-0.00404507	0.0461858
-0.000986932	0.0507879
0.00108474	0.0488853
-0.00191964	0.0527077
-0.00220117	0.0501301
0.0020437	0.0478442
0.00306653	0.050868
-0.00378788	0.0600984
-0.00434262	0.0553875
-0.00369524	0.0610263
-0.00584723	0.0675607
-0.00599933	0.074644
-0.00708102	0.0720504
-0.00405996	0.0623807
-0.0020885	0.0633737
-0.0107969	0.063105
-0.00616731	0.0611554
-0.0108471	0.0630619
-0.0099348	0.0660008
-0.0154713	0.0656375
-0.0144864	0.0644663
-0.0180297	0.0672363
-0.0130493	0.0727139
-0.0120611	0.0703417
-0.0120619	0.0702191
-0.00697937	0.0667512
-0.00967253	0.0685354
-0.0194628	0.0694667
-0.0217413	0.0619152
-0.017546	0.0515249
-0.0141769	0.0547114
-0.0111214	0.0568179
-0.0202648	0.0598797
-0.0145456	0.061625
-0.0146579	0.0683227
-0.0107942	0.0661798
-0.0113769	0.0652221
-0.0104471	0.0660782
-0.00991594	0.0657533
-0.00911386	0.0654499
-0.00843395	0.0653824
-0.012924	0.0696663
-0.0140819	0.0705727
-0.0130461	0.069496
-0.0167426	0.0710586
-0.0224217	0.0596335
-0.0222281	0.0598914
-0.0170838	0.061824
-0.0151391	0.0656136
-0.0170441	0.062671
-0.0174004	0.0643456
-0.0160035	0.065742
-0.0124017	0.0652787
-0.0106453	0.0678559
-0.00898092	0.0711896
-0.00811236	0.0707671
-0.00666333	0.0765937
0.00207668	0.0756262
-0.00399578	0.0749622
-0.00745895	0.0771173
-0.01571	0.0745656
-0.0143418	0.072436
-0.0117868	0.074412
-0.00848485	0.0756702
-0.00369044	0.0745037
-0.00179415	0.0773337
-6.9088e-05	0.0781971
1.70146e-05	0.0800451
0.00231834	0.0825364
0.00781143	0.0879617
0.0068407	0.0878641
0.00924755	0.0861815
0.0152649	0.0862746
0.0177078	0.0816071
0.0181492	0.0801076
0.0214296	0.0781324
0.0335587	0.0717368
0.0337698	0.0721574
0.0334603	0.0726512
0.0276594	0.0772372
0.0288501	0.0690738
0.0344482	0.0665921
0.0347152	0.0669683
0.0325884	0.0667269
0.0309446	0.0665306
0.0323973	0.0673914
0.0305191	0.0653538
0.0345164	0.06828
0.0296937	0.0768209
0.0346173	0.070006
0.0403416	0.0736241
0.0413159	0.0718233
0.0431669	0.0694788
0.0404249	0.0681532
0.0331737	0.0732288
0.0265359	0.0711771
0.0245419	0.0681198
0.0270939	0.0796317
0.0281225	0.0777251
0.0358246	0.078396
0.0384822	0.0743231
0.03063	0.0777056
0.0298432	0.0772361
0.0299704	0.0756154
0.0353107	0.0740201
0.0323773	0.0743983
0.0329508	0.07538
0.0349365	0.0754815
0.0338135	0.0776767
0.0339261	0.0808859
0.0298881	0.0765532
0.0285992	0.0697978
0.0284122	0.0707872
0.0290924	0.0719807
0.0267576	0.0705298
0.0213477	0.0771104
0.0221491	0.0773022
0.0188467	0.0808118
0.0193795	0.0799344
0.0176236	0.0793468
0.00733094	0.079098
0.00617169	0.0792806
0.00662457	0.0802192
0.00507767	0.0809836
0.00698991	0.0804605
0.00179582	0.0865278
0.00136433	0.0827922
0.000462471	0.0828203
0.00561349	0.0772418
0.00721079	0.0753433
0.00867991	0.0764536
0.00651832	0.0693935
0.00957912	0.0691937
0.00591903	0.0655925
0.00901548	0.0705549
0.0126154	0.0620925
0.0153739	0.0626007
0.016219	0.0635653
0.0171327	0.0645017
0.0178774	0.0653712
0.0156516	0.0655974
0.0166738	0.0663531
0.0176774	0.0661606
0.015541	0.0670286
0.0155305	0.0696114
0.0153526	0.0746001
0.0154717	0.0752396
0.0159472	0.0749698
0.0197253	0.0755088
0.0214043	0.0729089
0.0258833	0.0704391
0.0256118	0.0697322
0.026508	0.0737776
0.0249205	0.0836511
0.0245864	0.083941
0.0244106	0.0869077
0.0226597	0.0876138
0.0221537	0.0890083
0.0328526	0.0847836
0.033548	0.081839
0.0358682	0.0824975
0.0375358	0.077765
0.0357015	0.0755667
0.0339903	0.073516
0.0310822	0.0790064
0.0287214	0.077062
0.026979	0.0751124
0.0251489	0.0766208
0.0200017	0.0773212
0.0120153	0.0803894
0.0134854	0.0722963
0.0127128	0.0713847
0.011841	0.0710128
0.00926194	0.0708233
0.00723696	0.0671936
0.00728367	0.0666287
0.00657362	0.0580536
0.00633432	0.0583669
0.00701314	0.0592679
0.00137463	0.0574441
0.000463928	0.05938
0.00313326	0.0596082
0.00700676	0.0627761
0.00274159	0.0566146
-0.000359117	0.0571392
-0.00437972	0.0590541
-0.00859892	0.068949
-0.00657443	0.0628173
-0.00657662	0.062421
-0.00353575	0.0548593
-0.00120768	0.0556582
-0.00175074	0.0543372
-0.00303626	0.0645379
-0.00647459	0.0697865
0.00166381	0.0685388
0.00573576	0.0672519
0.00478696	0.0635757
-0.00185933	0.0577631
-0.00260835	0.0585064
-0.000180147	0.0668657
-0.00620554	0.0676692
-0.00682085	0.0691339
0.00206547	0.0782552
-0.00170069	0.078858
-0.000137339	0.0776385
0.00524601	0.0787184
0.00399141	0.07755
0.00334384	0.0766139
0.00107763	0.0711448
-0.00268657	0.0701786
-4.75686e-06	0.0709474
-0.00290765	0.0703844
-0.00421269	0.0710476
-0.0126395	0.0747171
-0.0134845	0.0738997
-0.0137191	0.0724557
-0.0140301	0.0731268
-0.0170069	0.0758616
-0.01666	0.0740984
-0.0188483	0.0722643
-0.0174366	0.0699648
-0.0177642	0.0666239
-0.0225354	0.0646697
-0.0281314	0.0686628
-0.0275188	0.0671837
-0.0304437	0.0707477
-0.0282022	0.0735784
-0.032776	0.0653108
-0.0373376	0.0676021
-0.0381305	0.0677967
-0.0447381	0.0696689
-0.0387768	0.0655058
-0.0397575	0.0670004
-0.0400643	0.0669922
-0.0390907	0.0668248
-0.0306018	0.0622791
-0.0300196	0.0622654
-0.0204712	0.0658109
-0.0242942	0.0605412
-0.0243434	0.0602767
-0.0210573	0.0526222
-0.0187274	0.049747
-0.0239672	0.0519581
-0.0310655	0.0569432
-0.0264498	0.058419
-0.0268127	0.0596043
-0.0281757	0.0598851
-0.0237143	0.0593757
-0.0247082	0.0584176
-0.0230291	0.0575597
-0.0215093	0.0569168
-0.014041	0.0514608
-0.0125103	0.0538612
-0.0106869	0.0578781
-0.0123543	0.0570371
-0.0107668	0.0547683
-0.0126244	0.0592809
-0.0122679	0.060337
-0.0128031	0.0599885
-0.012111	0.0599235
-0.0102878	0.061526
-0.0127843	0.0590597
-0.011627	0.0582945
-0.0105803	0.0596711
-0.00999817	0.0588969
-0.00661185	0.0593251
-0.00624039	0.0606129
-0.0064556	0.0645644
-0.00942434	0.0663088
-0.00547586	0.0631298
-0.011968	0.0656889
-0.0142197	0.0645634
-0.0180345	0.0577383
-0.0177064	0.0592394
-0.0148409	0.065408
-0.0150728	0.0602872
-0.0141446	0.0603381
-0.00807849	0.0638411
-0.0101002	0.0658626
-0.00922626	0.0646005
-0.00291914	0.068926
-0.00603336	0.0674119
0.000584143	0.0672857
-0.000815627	0.068421
-0.0030926	0.0670253
0.00903639	0.0722589
0.00795836	0.072174
0.0077797	0.0646508
0.00999868	0.0661931
0.0161938	0.0723625
0.00971643	0.0784913
0.0109347	0.0781854
0.0146061	0.072152
0.015413	0.0726517
0.0138142	0.0683487
0.0184417	0.0693394
0.0184038	0.0699275
0.0177133	0.0699675
0.0266453	0.0733821
0.0275022	0.0731129
0.0281704	0.0732681
0.0279353	0.0737259
0.024583	0.073451
0.0323441	0.0672776
0.0304854	0.0682644
0.030681	0.0679782
0.0326363	0.0674992
0.0324381	0.0728945
0.0325823	0.0720161
0.0321681	0.0752416
0.027852	0.0762863
0.0249702	0.0742003
0.0234751	0.0725959
0.0243531	0.0737909
0.0238827	0.0724514
0.025799	0.0733448
0.0330448	0.0794143
0.0282783	0.0816868
0.018911	0.0815123
0.0241649	0.0779957
0.0269618	0.081134
0.0220251	0.0835125
0.0220597	0.0815122
0.0245668	0.0784409
0.0268142	0.074261
0.0249671	0.0722848
0.0240295	0.071661
0.022963	0.070161
0.0224342	0.0693536
0.0215433	0.0677877
0.0126434	0.069945
0.0154685	0.0702819
0.0166738	0.0703481
0.0155179	0.0652409
0.0171508	0.0647879
0.0211017	0.0670219
0.0167168	0.0578381
0.0194142	0.0547433
0.019675	0.0560344
0.0203722	0.0567803
0.0153882	0.0538302
0.0137809	0.0568495
0.0146575	0.0554849
0.0115625	0.0548177
0.011526	0.0577984
0.00715753	0.0579959
0.0049368	0.0571641
0.00433286	0.0578164
-0.00344101	0.0582503
-0.00544612	0.0598318
-0.00564121	0.0601452
-0.00606513	0.0600954
-0.00379316	0.054315
-0.00456984	0.0557875
-0.00760656	0.0566757
-0.00214155	0.0596757
-0.000936905	0.0587039
-0.00355966	0.0605597
-0.00357673	0.0565053
-0.00811631	0.0555926
-0.00898427	0.0573868
-0.00781728	0.0696882
-0.0117866	0.0663745
-0.0123343	0.0666779
-0.0136248	0.0799507
-0.0160084	0.0782866
-0.0156519	0.0793169
-0.0138037	0.0721692
-0.0136885	0.0695356
-0.0122539	0.0667174
-0.0113885	0.0625909
-0.00945882	0.0638171
-0.0130499	0.0650316
-0.0138211	0.0656381
-0.0184851	0.0673237
-0.0235064	0.0677854
-0.0240811	0.0677983
-0.0227212	0.0687362
-0.0257413	0.0752539
-0.0276128	0.0805843
-0.0305135	0.0820667
-0.0178356	0.0788531
-0.0206454	0.0726718
-0.0192952	0.0729764
-0.0176995	0.0714381
-0.0142152	0.0699943
-0.0157362	0.0647785
-0.0150601	0.0646231
-0.0136157	0.0632403
-0.0141346	0.0614016
-0.0131697	0.0612931
-0.0107905	0.0564161
-0.0126497	0.0563886
-0.0148017	0.0577885
-0.0183309	0.0542947
-0.0231314	0.0534213
-0.0223902	0.0536125
-0.0242362	0.0506665
-0.0310127	0.0562693
-0.0301434	0.0558279
-0.0296568	0.0550911
-0.0313282	0.0491386
-0.0324779	0.0538759
-0.0266684	0.0551886
-0.0205591	0.0575104
-0.0248542	0.0523351
-0.0304924	0.0514046
-0.0367537	0.0533244
-0.031152	0.0532434
-0.0316698	0.050772
-0.0340142	0.0510076
-0.0346537	0.0495914
-0.0311585	0.0424207
-0.0315152	0.0418849
-0.0260187	0.0395418
-0.0265945	0.038992
-0.0285536	0.0384961
-0.0307411	0.0373997
-0.0305838	0.0432215
-0.032328	0.0457419
-0.0345391	0.0441989
-0.0314419	0.0401788
-0.0258858	0.0354713
-0.0242083	0.0302783
-0.0211192	0.0321888
-0.0208052	0.0370645
-0.0126722	0.0402663
-0.0116169	0.037354
-0.00912424	0.0364727
-0.0116494	0.0372424
-0.0125168	0.0389769
-0.0114509	0.0415623
-0.00834739	0.039944
-0.0069519	0.0404145
-0.00610667	0.0425561
-0.0073888	0.0444734
-0.000296776	0.0452981
0.000345563	0.0512998
-0.000754437	0.056303
0.000107422	0.0647805
0.00978958	0.0657061
0.0104832	0.0661516
0.011818	0.0671509
0.0122316	0.0677424
0.0102766	0.0622749
0.0173629	0.0670702
0.0162896	0.0700308
0.0166363	0.0705138
0.0194834	0.0724707
0.0172665	0.0702472
0.0189986	0.0627151
0.0195695	0.062131
0.0218537	0.0626538
0.0294922	0.0581127
0.0333511	0.0597484
0.0331987	0.0612843
0.0325528	0.0606204
0.0369555	0.0604091
0.0379797	0.0612662
0.042445	0.052957
0.0509381	0.0492893
0.0489798	0.0473404
0.053031	0.0510251
0.050648	0.0498649
0.04984	0.0503218
0.0540906	0.0505724
0.0520739	0.0446946
0.0515089	0.0494552
0.0528273	0.050287
0.0461324	0.0526521
0.046558	0.0583042
0.042011	0.0548719
0.0394928	0.057778
0.0440292	0.0616106
0.0448053	0.059152
0.0442807	0.0595608
0.0438401	0.0634199
0.0445024	0.0631784
0.0428084	0.0634157
0.0421546	0.0608615
0.0379141	0.0570811
0.0367763	0.0519474
0.0383078	0.0512111
0.0419898	0.0519083
0.0384054	0.0570472
0.0367611	0.0560172
0.0356575	0.0548237
0.0368863	0.0543635
0.0385689	0.0566395
0.0366556	0.0572619
0.0414912	0.0571321
0.0410785	0.050184
0.036937	0.0518071
0.035665	0.0566843
0.0299417	0.0608487
0.0302931	0.058174
0.0266493	0.0541338
0.0255582	0.0545827
0.0235966	0.0596941
0.0121711	0.0585273
0.0130495	0.0578137
0.0119585	0.0587148
0.0110292	0.0640522
0.0069399	0.0675344
0.00540323	0.0681601
0.00476254	0.0636822
0.00385177	0.0656736
0.00148555	0.0647616
-0.000836958	0.0620152
-0.000949777	0.0695431
-0.00353076	0.0730376
-0.00673439	0.0601741
-0.00795028	0.0618264
-0.0085572	0.0628989
-0.007986	0.0629171
-0.00926954	0.0605591
-0.00935729	0.0604576
-0.0101593	0.0615087
-0.0109102	0.0626348
-0.0118991	0.0636771
-0.0115876	0.0633382
-0.0122324	0.0673881
-0.0118268	0.0727122
-0.0160956	0.0694113
-0.0125956	0.0680495
-0.0106554	0.0767207
-0.0094166	0.0763155
-0.00995756	0.0758463
-0.0119121	0.0783925
-0.0124984	0.0805008
-0.0154209	0.0829732
-0.0152268	0.0808933
-0.011831	0.0885431
-0.0132456	0.085309
-0.0151828	0.084527
-0.00863626	0.0828192
-0.00435466	0.0837506
-0.00465515	0.0829888
-0.00463886	0.0805607
-0.00497669	0.0797715
-0.006279	0.0759415
-0.00702687	0.0738696
-0.00821982	0.0776935
-0.00531637	0.0768165
-0.00148539	0.0760606
-0.00203814	0.0753885
-0.00370622	0.0747962
-0.00684023	0.0825852
-0.00615226	0.0780703
-0.00540644	0.0766276
-0.00354772	0.0755458
-0.00138736	0.076837
-0.00702012	0.0826432
-0.00387702	0.0882652
0.0017576	0.088424
-0.0027844	0.0902153
-0.00782015	0.0898599
-0.00487528	0.0839467
-0.00630062	0.0847267
-0.00745153	0.0839823
-0.00777741	0.0783715
-0.0100884	0.0728565
-0.0129823	0.0753383
-0.0140332	0.0748559
-0.0111398	0.077164
-0.0171558	0.0794345
-0.0209424	0.0778367
-0.0203857	0.0789857
-0.0231348	0.0788722
-0.0175632	0.0766717
-0.0184328	0.0817846
-0.0211807	0.0852454
-0.0226947	0.0819363
-0.0227444	0.0789965
-0.0179521	0.0668873
-0.0180432	0.071406
-0.0147738	0.076234
-0.0149751	0.0745315
-0.0157198	0.07474
-0.0113601	0.0826512
-0.0129729	0.0828073
-0.0133426	0.0845225
-0.00477861	0.0800261
-0.00143416	0.0839568
-0.0059893	0.0764291
-0.00862177	0.0800091
-0.00787344	0.0765359
-0.00868207	0.0776881
-0.00746834	0.074991
0.000955932	0.0783351
0.00407909	0.0768357
0.00719969	0.0685421
0.00253355	0.0712295
0.00229494	0.0662847
0.00407666	0.0747667
0.00233818	0.0743264
0.00154369	0.074111
0.00456456	0.0763852
0.00333036	0.0752896
0.00245124	0.075328
-0.00318263	0.0681398
-0.00598846	0.0635768
-0.00521849	0.0692653
-0.00658264	0.0682628
-0.00762027	0.0678941
-0.00676591	0.0733639
-0.00732138	0.073137
-0.00864792	0.0734548
-0.019969	0.0730386
-0.0245758	0.070387
-0.0252814	0.0705097
-0.0281607	0.0774148
-0.0288266	0.0774132
-0.0300276	0.0789971
-0.031613	0.075018
-0.0305948	0.0728284
-0.0297582	0.0695693
-0.0243502	0.0682423
-0.0232389	0.0677092
-0.0154117	0.0757292
-0.0145123	0.0745352
-0.0160484	0.0698401
-0.0150863	0.0681517
-0.0183748	0.0794882
-0.0149198	0.0779451
-0.0145926	0.083126
-0.0149163	0.0813629
-0.0128791	0.0789497
-0.0107243	0.0757056
-0.010575	0.0749922
-0.00814357	0.071939
-0.0071336	0.0704565
-0.00556784	0.0710038
-0.00665503	0.0742524
-0.00445513	0.0722802
-0.00365854	0.0721845
-0.00987408	0.0753705
-0.00442829	0.076404
-0.00224464	0.0757732
-0.00171006	0.075329
-0.0070848	0.0811393
-0.00692485	0.0809877
-0.00487402	0.0799973
-0.000341614	0.0770223
0.0022215	0.0730039
-0.00293737	0.0711782
-0.000981834	0.070946
-0.000525166	0.0707588
-0.00131137	0.06977
-0.000989711	0.0701998
-0.000140932	0.0704141
0.00043162	0.0711618
0.00373343	0.0741416
0.00598997	0.0710734
0.00597299	0.0736532
0.00650979	0.0714907
0.012586	0.0730757
0.0131996	0.0730632
0.0136379	0.0728827
0.0140299	0.0729598
0.0113537	0.0751298
0.00751607	0.0710425
0.00140764	0.0695188
0.00209241	0.069434
0.00345208	0.0678917
0.00286562	0.0716841
0.00922603	0.0720276
0.00973238	0.0719858
0.0112285	0.0710934
0.0126011	0.07139
0.0143321	0.0658762
0.0145612	0.064747
0.0175805	0.0611071
0.0186056	0.0609157
0.0159531	0.0706441
0.0138265	0.0675962
0.0120567	0.0679997
0.0145407	0.0663277
0.0151848	0.0687845
0.0142937	0.0691551
0.0186904	0.0650293
0.0236489	0.0644837
0.0248576	0.067877
0.0250538	0.0670302
0.0194383	0.0737723
0.0159861	0.0782243
0.0151593	0.0770792
0.015837	0.071547
0.0212783	0.076426
0.0215203	0.0734975
0.0306083	0.0732412
0.0269111	0.0733554
0.0235806	0.0770879
0.0224336	0.0755782
0.0218318	0.0743125
0.0188222	0.0703807
0.0198856	0.0696141
0.0213677	0.0706531
0.0258091	0.062207
0.0268015	0.0624928
0.0249391	0.0647147
0.0250744	0.0545401
0.0245926	0.0524001
0.0319083	0.0536266
0.0284362	0.0503888
0.0286929	0.046591
0.027575	0.0439025
0.02786	0.0424114
0.0236249	0.0502871
0.0330233	0.0424281
0.0324014	0.0426841
0.0319053	0.0434328
0.027271	0.0444893
0.0278134	0.0390995
0.0299044	0.0418318
0.0295789	0.0424528
0.0289964	0.0426743
0.0287918	0.044547
0.0286857	0.0438539
0.0339984	0.0383278
0.0312709	0.0404453
0.0382934	0.0439096
0.039073	0.0457656
0.038429	0.0453861
0.0363195	0.047055
0.0372733	0.0481169
0.0303629	0.0454045
0.0286496	0.0435585
0.0351371	0.0378269
0.035005	0.0378707
0.0321899	0.038515
0.033067	0.035744
0.0387585	0.0326307
0.0380615	0.0319633
0.0337297	0.0285453
0.0409859	0.037744
0.0396317	0.0360399
0.0389107	0.0419257
0.0344882	0.0366542
0.0341888	0.0364025
0.0368918	0.0365247
0.02723	0.0316371
0.026801	0.0337765
0.0265218	0.0322853
0.0220944	0.0348059
0.0174591	0.0405732
0.0260048	0.0393298
0.0247532	0.0375387
0.0247649	0.0378741
0.0256989	0.0383313
0.0245662	0.0381396
0.0322218	0.047413
0.0311548	0.0474472
0.032858	0.0438641
0.0358296	0.0429293
0.0357777	0.0429647
0.0350254	0.046444
0.0314198	0.0499291
0.0280203	0.054283
0.0300897	0.0498423
0.0275899	0.050377
0.0317372	0.0473788
0.0260623	0.0493807
0.0244533	0.0503404
0.0223664	0.0459915
0.0150352	0.0457282
0.0161889	0.0466513
0.0156471	0.0402815
0.0180928	0.0441062
0.0156191	0.0376684
0.00811452	0.0384729
0.00227158	0.0339894
0.00203221	0.0366388
0.00208787	0.0394494
0.00342768	0.0415385
0.000113894	0.0446791
-0.00125894	0.0455603
-0.00127013	0.0484075
-0.000724155	0.0412967
-0.00169465	0.0442225
-0.00249971	0.0477265
-0.00299001	0.049067
-0.00046212	0.056137
-0.00480787	0.0640969
-0.0053846	0.0639725
-0.00463298	0.0671181
-0.00935319	0.0748546
-0.00566007	0.0726361
-0.00847802	0.0747815
-0.0060142	0.0782003
-0.00606342	0.0746754
-0.00678774	0.0829748
-0.00657107	0.0883233
-0.0155698	0.0851923
-0.0164164	0.0796472
-0.0207122	0.074498
-0.0191954	0.0781067
-0.0208041	0.0792941
-0.0141133	0.079655
-0.0171375	0.0781005
-0.0169281	0.0847015
-0.0181884	0.0864624
-0.00901738	0.086423
-0.00994521	0.0818861
-0.00819112	0.0842422
-0.0116216	0.0859657
-0.0121958	0.0844953
-0.011756	0.0850045
-0.0180351	0.0782578
-0.0152792	0.0822574
-0.0222245	0.087947
-0.0240003	0.0867892
-0.0241821	0.086366
-0.0237333	0.0854394
-0.0226208	0.0841735
-0.0286329	0.0785857
-0.026711	0.0822829
-0.0305498	0.0783243
-0.0391787	0.0754876
-0.0296555	0.0770317
-0.029711	0.0746589
-0.0317784	0.080096
-0.0264778	0.0775287
-0.024925	0.0698966
-0.0268996	0.0705587
-0.027502	0.0709527
-0.0287717	0.0720764
-0.025931	0.0648131
-0.0270282	0.0651712
-0.0294013	0.0654536
-0.0309805	0.0664993
-0.0302567	0.0636062
-0.0387582	0.0663745
-0.0381962	0.0659115
-0.0438368	0.0620219
-0.0450998	0.067562
-0.0447685	0.0630863
-0.0461369	0.0637319
-0.0470314	0.0641797
-0.0475319	0.0645276
-0.0465765	0.0616492
-0.0452542	0.0629467
-0.047828	0.0628357
-0.0487527	0.0629149
-0.0467118	0.0611503
-0.0447411	0.0600745
-0.0472719	0.05965
-0.0455845	0.0632325
-0.0439069	0.058249
-0.0362487	0.0653081
-0.03575	0.0665519
-0.0346326	0.0634629
-0.0339071	0.0681218
-0.0441854	0.0684857
-0.0440297	0.0723588
-0.0467411	0.0752147
-0.044649	0.0747838
-0.0405019	0.0735104
-0.0419302	0.0689039
-0.0469282	0.0757985
-0.0473035	0.0742336
-0.0485132	0.0764034
-0.0507125	0.0801598
-0.0498093	0.0800296
-0.0432909	0.0801466
-0.0460423	0.0809547
-0.0514579	0.0846733
-0.0483377	0.0759925
-0.0453959	0.0653969
-0.04299	0.0609573
-0.0410621	0.0616056
-0.0408792	0.0551599
-0.0425225	0.0579582
-0.0397986	0.0526144
-0.0435789	0.0509632
-0.0459201	0.0488675
-0.0420573	0.0452776
-0.0396938	0.0479448
-0.0387808	0.0473995
-0.040193	0.0510728
-0.0326553	0.0459402
-0.0333618	0.0451644
-0.0328917	0.0452866
-0.0295473	0.0478774
-0.0330939	0.047248
-0.0351527	0.0435546
-0.0320613	0.0467351
-0.038348	0.0536812
-0.0377749	0.0496157
-0.0377565	0.0482385
-0.0370572	0.0476854
-0.034302	0.0461094
-0.0295781	0.0377674
-0.0252817	0.0427827
-0.0237533	0.0494475
-0.022159	0.0512489
-0.019694	0.0447476
-0.0202457	0.0466012
-0.0198549	0.047126
-0.024869	0.0430507
-0.0259669	0.0411554
-0.0240851	0.0390821
-0.0236233	0.0422062
-0.0235516	0.0432012
-0.019577	0.0414688
-0.016581	0.0428947
-0.0165243	0.041596
-0.0147811	0.0471452
-0.0154935	0.0456523
-0.0132024	0.0434563
-0.0189521	0.0450317
-0.0224551	0.0444242
-0.0216224	0.0468394
-0.0202593	0.0513601
-0.0206157	0.057771
-0.0218727	0.0571366
-0.0223652	0.0596034
-0.0249456	0.0617362
-0.0237562	0.0612089
-0.0159112	0.0687178
-0.0171113	0.0636043
-0.021626	0.0683516
-0.0138693	0.0639338
-0.0163145	0.0590918
-0.0139096	0.055464
-0.0133425	0.0562556
-0.015068	0.0503067
-0.0154138	0.0509165
-0.0159987	0.0441118
-0.0147654	0.0429204
-0.0208436	0.0455816
-0.0168463	0.0457377
-0.0154409	0.0492526
-0.0168581	0.0512698
-0.0119417	0.0485262
-0.0137043	0.060378
-0.0152481	0.0616859
-0.0140209	0.0619003
-0.0210572	0.0767719
-0.0244775	0.0798193
-0.0175736	0.0843579
-0.0136605	0.0883776
-0.0153771	0.0796469
-0.00400497	0.084455
-0.00218644	0.0839318
0.00561521	0.0804662
0.00855762	0.0761402
0.00882352	0.07674
0.0103831	0.08311
0.0150115	0.0802364
0.025506	0.0719643
0.0184914	0.0736129
0.017822	0.0729037
0.0202413	0.0850456
0.0184373	0.082316
0.0210671	0.0820004
0.0212173	0.0806545
0.0214819	0.0798452
0.0218523	0.0791883
0.0252146	0.080786
0.0254279	0.081017
0.0223546	0.0806878
0.0220879	0.0801024
0.0229186	0.0788072
0.0251875	0.0761459
0.026343	0.071307
0.0283939	0.0708995
0.0291042	0.0707296
0.0289535	0.0692162
0.029859	0.068873
0.0354564	0.0699305
0.0323769	0.0732397
0.0369861	0.0758302
0.0324567	0.0763009
0.0342772	0.0769128
0.0351387	0.0791843
0.0348012	0.0727187
0.0401013	0.0685946
0.0423346	0.073968
0.0435206	0.0800998
0.0448724	0.0705481
0.0417329	0.0714143
0.0423687	0.075719
0.0427648	0.0758679
0.0430523	0.075242
0.0415278	0.0750847
0.042255	0.0721284
0.0388709	0.0811534
0.0392607	0.0796741
0.0373109	0.0782933
0.0360057	0.0775484
0.0369602	0.0748616
0.0291025	0.0666018
0.0293032	0.0686013
0.0294534	0.0701974
0.024869	0.0698547
0.0247844	0.0645525
0.0221239	0.0629214
0.0155592	0.0643507
0.00781295	0.070163
0.00243756	0.0644573
0.0101605	0.0700482
0.0108309	0.0702102
0.0129586	0.0719069
0.0127634	0.0723226
0.015732	0.0793085
0.0159823	0.0792467
0.0147805	0.0799323
0.0124841	0.0817968
0.013137	0.0803431
0.0146791	0.0797275
0.0187222	0.0791106
0.0209602	0.0789408
0.016123	0.083033
0.0167714	0.0828681
0.0195595	0.0848255
0.0229755	0.0870744
0.022548	0.0835475
0.0245515	0.0869426
0.0224499	0.082617
0.0280069	0.0774925
0.0325241	0.0775831
0.032889	0.076916
0.0309118	0.078519
0.0294186	0.0764211
0.0305802	0.0781955
0.0303132	0.077541
0.0174865	0.0808322
0.0156954	0.0804219
0.0170755	0.0773727
0.0169666	0.0763763
0.0183148	0.0773379
0.0155636	0.0776874
0.0149413	0.07617
0.00997065	0.0768916
0.0124519	0.0781648
0.00738508	0.0747421
0.00681883	0.0716262
0.00312073	0.0723323
0.0033922	0.0688409
0.00593708	0.0719275
0.00856156	0.072863
0.0138812	0.0810726
0.0108222	0.0739215
0.00947888	0.0728998
0.0138734	0.0760337
0.0127472	0.074535
0.0112515	0.0687636
0.011147	0.063319
0.0109914	0.0658806
0.00820981	0.0581339
0.00920659	0.0632046
0.00634879	0.0612681
0.00946677	0.0599406
0.00896166	0.0604574
0.000148902	0.0598725
0.0006408	0.0715585
0.000800229	0.0733552
-3.50894e-05	0.072377
-0.0036832	0.0770921
-0.0035014	0.0776899
-0.00646106	0.0709634
-0.00487217	0.067447
-0.00769055	0.0708349
-0.00849847	0.0708457
-0.00766126	0.0688934
-0.00592115	0.0711113
-0.00662103	0.0717573
-0.00375554	0.0717217
-0.00327126	0.0727667
-0.000220212	0.0726206
0.00174938	0.0709567
-0.00252397	0.0698203
0.000182567	0.0684303
-0.000823445	0.0676873
-0.00624773	0.0697198
-0.00587304	0.0725571
0.00229002	0.0761201
0.0022758	0.0765656
-0.00154753	0.0757167
-0.00296262	0.0710722
-0.00457251	0.0717302
-0.0050266	0.0743774
-0.00173549	0.0683647
-0.00527507	0.0691623
-0.00974737	0.0720851
-0.00907285	0.072021
-0.010908	0.0739791
-0.0122436	0.0710539
-0.0159903	0.0703199
-0.0123091	0.0642722
-0.0136794	0.0726885
-0.0134419	0.0714498
-0.0234564	0.0753764
-0.0235927	0.0749965
-0.0228286	0.0704748
-0.0221362	0.0673527
-0.0226344	0.0653094
-0.0252271	0.0656332
-0.0214072	0.0692054
-0.0264183	0.0732668
-0.0271229	0.0727159
-0.0251418	0.0714092
-0.0261689	0.0711504
-0.0257377	0.0707285
-0.0232877	0.0653486
-0.0224496	0.0650029
-0.026101	0.0729017
-0.0173166	0.0727393
-0.0164327	0.0719614
-0.015223	0.0729077
-0.0138121	0.0724491
-0.0217858	0.075834
-0.0261079	0.0783459
-0.0314408	0.070241
-0.025085	0.072812
-0.0263996	0.0725891
-0.0270959	0.0778468
-0.0296882	0.0709665
-0.0244505	0.0666393
-0.0256874	0.0612199
-0.0223051	0.0647001
-0.024323	0.058979
-0.0180237	0.0585831
-0.0219819	0.0574992
-0.0217154	0.0566028
-0.016401	0.0581091
-0.0148502	0.0586678
-0.0177166	0.0593463
-0.0235178	0.0591738
-0.0174074	0.0514598
-0.016789	0.0515806
-0.019909	0.049478
-0.0199312	0.0497658
-0.021204	0.0444196
-0.0184442	0.0458872
-0.0187877	0.045858
-0.0162093	0.0511591
-0.0158817	0.0520398
-0.0152712	0.0527433
-0.0149629	0.0512168
-0.0153143	0.0568019
-0.0119386	0.0521845
-0.0130954	0.0539349
-0.0150181	0.0613249
-0.0140506	0.0619563
-0.0125145	0.0648706
-0.00999813	0.0651297
0.00130346	0.0656676
0.00253103	0.0666402
-0.00497309	0.0667826
-0.000884628	0.0655355
-0.00317382	0.0575516
-0.00269546	0.0596909
-0.00199512	0.0609332
-0.0042775	0.0627393
0.00184806	0.0681064
0.00273316	0.0683849
0.00218693	0.0711986
0.00279198	0.0700408
0.00369786	0.0715813
0.00341066	0.0724783
0.00157098	0.0718097
0.00717873	0.0805327
0.010306	0.0863084
0.00843894	0.0858898
0.011015	0.086782
0.0111501	0.086926
0.00755229	0.081824
0.00743898	0.0818855
0.00517231	0.068502
0.00245134	0.0702363
0.00801908	0.0675799
-0.000181174	0.0653218
-0.00319441	0.0785018
-0.001787	0.081074
-0.00201721	0.083528
-0.00439085	0.0846656
-0.000993409	0.0845255
0.00104707	0.0846379
0.00582693	0.0875732
0.00478113	0.0829595
0.00977102	0.0816848
0.010259	0.0799917
0.0097118	0.0767965
0.0193788	0.0786331
0.0240584	0.0717005
0.0234657	0.0752275
0.024225	0.0762757
0.0252738	0.0772773
0.027479	0.079882
0.0236412	0.0793163
0.0266206	0.077389
0.0272574	0.0775504
0.0283227	0.0768008
0.0278825	0.0792485
0.0269144	0.0792507
0.0282343	0.0812788
0.0266546	0.0788151
0.0184112	0.0768255
0.0215828	0.0753133
0.0228237	0.0740864
0.0267228	0.0759348
0.0242725	0.0772547
0.0268814	0.0751431
0.0209277	0.0763334
0.0216495	0.0746453
0.0116978	0.0812116
0.0119894	0.0802671
0.0164748	0.0748048
0.0152492	0.0730701
0.017219	0.0747389
0.0172962	0.0739938
0.0174578	0.0740521
0.0185272	0.0728171
0.0204542	0.0752079
0.0207597	0.0695496
0.0264471	0.0713384
0.026365	0.0729477
0.022132	0.0729426
0.0250597	0.0725492
0.0281719	0.0740545
0.0269631	0.0718977
0.0272588	0.0649617
0.0243128	0.0659742
0.0234137	0.0650846
0.0234586	0.0573357
0.0218537	0.0511068
0.0217986	0.0540001
0.0143778	0.0535181
0.0124081	0.0526305
0.0135156	0.055597
0.0141035	0.0530268
0.0154403	0.0514556
0.00795011	0.0580903
0.00878592	0.0602873
0.00515559	0.0618623
0.00470614	0.0631356
0.00416885	0.0621279
0.0134276	0.0666866
0.0127676	0.0664113
0.0175523	0.0661419
0.0173634	0.0649111
0.0182055	0.0696563
0.0173693	0.069033
0.0154456	0.0659066
0.0143643	0.057837
0.0223934	0.0611095
0.0150229	0.065882
0.0182034	0.0672794
0.0110118	0.0785237
0.0125988	0.0764128
0.0144619	0.0762713
0.013629	0.0750731
0.0184179	0.0719306
0.012994	0.0774594
0.0181096	0.079352
0.0170487	0.0777661
0.0155785	0.0776419
0.00280463	0.0758224
0.00372788	0.0733907
-0.00291772	0.075565
-0.00351218	0.0662315
-0.0145298	0.0735095
-0.0141821	0.0723976
-0.0149723	0.0678667
-0.019247	0.0632575
-0.0199447	0.0652627
-0.027163	0.0585984
-0.0315604	0.0612268
-0.0322783	0.0611464
-0.0307522	0.0637749
-0.0281645	0.0584508
-0.0334092	0.0676092
-0.0347994	0.0653958
-0.0379122	0.0678756
-0.039573	0.0699778
-0.050752	0.0721887
-0.0493682	0.0722535
-0.0471536	0.0681943
-0.0512742	0.0658487
-0.0506317	0.0674987
-0.0495205	0.0699807
-0.0488874	0.0658695
-0.0427875	0.0629292
-0.0427014	0.0627464
-0.0405298	0.0549509
-0.0460982	0.0558541
-0.0489793	0.0563545
-0.0409541	0.0601384
-0.0405063	0.0601011
-0.037955	0.0594567
-0.0311707	0.0596887
-0.0305035	0.0583633
-0.0305458	0.059081
-0.0265693	0.0565358
-0.0264538	0.0595832
-0.0253336	0.0597407
-0.0236568	0.0582703
-0.023843	0.0587845
-0.0235187	0.0584724
-0.0251153	0.0660937
-0.0236681	0.0639254
-0.0217868	0.063226
-0.0213353	0.0644845
-0.0150632	0.0638851
-0.015217	0.0652581
-0.0115263	0.0601945
-0.0109118	0.060177
-0.010665	0.0631581
-0.0240807	0.0608505
-0.0224368	0.0579628
-0.0182277	0.059701
-0.0145087	0.0568553
-0.00297161	0.060983
-0.000480047	0.0663225
0.00010071	0.0630194
0.00233453	0.0628314
0.00143573	0.0696292
-0.000665758	0.0724157
0.00600338	0.0672577
0.0150666	0.0669034
0.020881	0.0704016
0.0271292	0.0744063
0.0278591	0.0742242
0.0267306	0.0761106
0.0267278	0.0741259
0.0367312	0.0728809
0.0387557	0.0641727
0.0368752	0.0618842
0.031061	0.0611889
0.0321942	0.0620196
0.0335311	0.0635328
0.0349998	0.0595471
0.0328796	0.0571234
0.0311866	0.0539363
0.0325942	0.0561561
0.0348332	0.0554261
0.0362805	0.0567279
0.0247509	0.0621073
0.0221094	0.0679991
0.0215428	0.0729043
0.0224734	0.0721494
0.0251024	0.0731849
0.0162793	0.0733906
0.0158494	0.0755622
0.0213815	0.0740992
0.0223031	0.0719093
0.025947	0.0737147
0.0276503	0.0732004
0.0267075	0.0759241
0.0263333	0.0772132
0.0275696	0.0773367
0.0252816	0.073413
0.0250436	0.0733973
0.0237095	0.0754026
0.020868	0.0776645
0.0193064	0.0778016
0.00951821	0.0691299
0.0102665	0.0631065
0.00715623	0.0604873
0.00793585	0.0624889
0.00916494	0.0653606
0.00987728	0.0627255
0.011405	0.0706807
0.00637613	0.0735719
0.00648915	0.0719183
-0.00136137	0.0717345
-0.0022698	0.0737042
0.000368439	0.0665837
-0.00425806	0.0731914
0.0054201	0.0732067
-0.000305041	0.0731166
-0.00180604	0.0741589
-0.00110467	0.0720272
-0.00962295	0.0672155
-0.00828183	0.0672526
-0.00541681	0.0685562
-0.00285959	0.0685878
-0.00582738	0.0670429
-0.00641504	0.0674173
-0.00429493	0.063525
0.00203876	0.0666551
0.00298648	0.0641505
0.00564392	0.0642582
0.00172119	0.0636366
-0.00904818	0.0735191
-0.0116602	0.0678458
-0.00973871	0.0693157
-0.00841212	0.0614337
-0.00293992	0.0612641
-0.00418109	0.0608071
-0.00525669	0.0575084
-0.00318508	0.0617738
-0.00477074	0.0651708
-0.00725616	0.0629726
-0.0034252	0.0564475
-0.00762417	0.0520011
-0.00572365	0.053483
-0.00813935	0.0570439
-0.0090203	0.0571022
-0.0151146	0.0607274
-0.015785	0.0615496
-0.0155164	0.0630048
-0.0184274	0.0628116
-0.0193013	0.06375
-0.0191127	0.0623612
-0.0167371	0.063202
-0.0193049	0.0640448
-0.0185989	0.0637467
-0.0190177	0.067706
-0.0156055	0.0706885
-0.0132496	0.0724698
-0.0165465	0.0736142
-0.0159662	0.0732049
-0.015374	0.0728982
-0.012211	0.0756522
-0.0210464	0.0733778
-0.013905	0.0714978
-0.00874868	0.0720474
-0.00849009	0.0717066
-0.0103774	0.0731364
-0.0139438	0.0650131
-0.0146532	0.0635133
-0.0182173	0.0575252
-0.0206017	0.0560356
-0.0199094	0.0522888
-0.0132519	0.0461118
-0.00659736	0.0443057
-0.00711588	0.0468429
-0.00373213	0.0480442
-0.00251952	0.05023
-0.0080457	0.0587131
-0.011176	0.0615149
-0.0167231	0.0609178
-0.0178165	0.0635743
-0.0229798	0.0634406
-0.0197898	0.066427
-0.0234796	0.064709
-0.0231444	0.0618638
-0.0206849	0.061008
-0.0173549	0.0615999
-0.0167067	0.0598702
-0.0152296	0.0594526
-0.0158955	0.0675038
-0.0177464	0.071611
-0.0141183	0.0735199
-0.0129888	0.0725017
-0.00815466	0.0716332
-0.00723955	0.0658964
-0.00723543	0.0585331
-0.00787979	0.0537504
-0.0146586	0.0585292
-0.0114235	0.059103
-0.010785	0.0589978
-0.0107619	0.0590387
-0.00792734	0.0635275
-0.000139693	0.0653115
0.00200056	0.0631081
-0.000903313	0.0612968
0.000651921	0.0587973
0.000880953	0.0598633
0.00329756	0.0605556
-0.00522354	0.0635706
-0.00538924	0.0633775
-0.00486416	0.064597
-0.0133635	0.0615042
-0.0126319	0.0633004
-0.0172786	0.0626182
-0.0181684	0.0651216
-0.0129749	0.0656612
-0.0158346	0.0620998
-0.017052	0.0619009
-0.0157512	0.0590719
-0.0195158	0.054792
-0.0155443	0.0528749
-0.0170165	0.0578883
-0.0162977	0.0581179
-0.0111621	0.0609457
-0.0103101	0.0616729
-0.00500014	0.0588883
0.00160309	0.0552533
-0.00129768	0.0485377
-0.00163292	0.0511401
-0.00292785	0.0550156
-0.00241579	0.0555847
0.00105297	0.0591618
0.000781132	0.0590017
0.00572625	0.0655141
0.0032757	0.0686598
0.0106476	0.0694201
0.0116104	0.0706761
0.0125598	0.0710321
0.00940908	0.0731673
0.00883296	0.07989
0.0105157	0.0763731
0.00872596	0.0725098
-0.00241735	0.0763713
0.00435638	0.0735796
0.00569725	0.0754689
0.00717909	0.0729779
0.00870255	0.070969
0.00626335	0.0737668
0.00104425	0.0753388
0.00415281	0.0716211
0.00454378	0.0704176
0.00249268	0.0661492
0.00374275	0.0659547
0.00724328	0.0622239
0.00456573	0.0736044
-0.00336422	0.0754349
-0.00219247	0.0760646
0.00259475	0.0736793
-0.00343511	0.0752357
-0.00360182	0.078647
-0.00335438	0.07743
-0.000586895	0.0780758
0.000334682	0.0769072
0.00996099	0.0753557
0.0098399	0.0792496
0.0101561	0.074965
0.0177767	0.073646
0.0181065	0.075353
0.0229517	0.0741436
0.0237196	0.076558
0.0262133	0.0814733
0.0241281	0.0858192
0.0174574	0.0848682
0.0193993	0.0834712
0.0146767	0.0760887
0.0175559	0.0712778
0.0185156	0.0730132
0.0208218	0.0702691
0.0214486	0.0692906
0.0233373	0.0747632
0.0240087	0.0714733
0.0256896	0.0704975
0.0273716	0.0689376
0.0285291	0.0675627
0.0301182	0.0682439
0.0307273	0.068843
0.0314497	0.0692375
0.0384021	0.0665413
0.04136	0.0775107
0.0407543	0.0754326
0.0384105	0.0742325
0.0331834	0.0721305
0.0334491	0.0712121
0.0353373	0.0714866
0.0373674	0.0641919
0.037605	0.0605353
0.0318986	0.0607454
0.0366616	0.0621585
0.0340832	0.0595347
0.0344314	0.0618606
0.0330055	0.0566605
0.03239	0.0567381
0.0314214	0.0562412
0.024085	0.0522812
0.0226445	0.0586544
0.0151491	0.0644987
0.0152753	0.0650767
0.0122399	0.0652317
0.00999281	0.0705077
0.00837747	0.0718996
0.00744485	0.073701
0.00765645	0.0724059
0.00339209	0.0650405
-0.00476296	0.0657972
-0.0128692	0.0682028
-0.015495	0.0637167
-0.0155637	0.0657872
-0.0197502	0.06447
-0.0200254	0.0638278
-0.016096	0.0671595
-0.0159272	0.0679403
-0.0209196	0.0678221
-0.0215696	0.0685808
-0.0200036	0.0681
-0.0306459	0.0583354
-0.0328812	0.0583682
-0.0386514	0.0623964
-0.0409408	0.0639441
-0.0424819	0.0647709
-0.0339787	0.0589297
-0.0393414	0.0497258
-0.0322203	0.0521738
-0.0310857	0.052061
-0.0295529	0.0522457
-0.0288381	0.05282
-0.0286922	0.0541496
-0.0289006	0.0522214
-0.0312087	0.0490899
-0.0314422	0.0511047
-0.0320091	0.0563353
-0.0344648	0.0574911
-0.0344035	0.057744
-0.0333898	0.0540367
-0.0365625	0.0542903
-0.0362285	0.0466605
-0.0355232	0.0464399
-0.0345738	0.0460801
-0.0342135	0.0473606
-0.0358137	0.0487508
-0.0390576	0.0509981
-0.0395688	0.048768
-0.0384888	0.0481707
-0.0352113	0.050551
-0.0367337	0.0520618
-0.0328715	0.055483
-0.0318686	0.0551777
-0.0348722	0.0498478
-0.033753	0.0497381
-0.0356006	0.0460981
-0.0326117	0.0441445
-0.0293228	0.0466948
-0.0268732	0.0460566
-0.0226557	0.0445114
-0.025153	0.0475527
-0.0298203	0.0497486
-0.0292959	0.0516848
-0.0292523	0.0518643
-0.0291137	0.0525473
-0.0311948	0.0606252
-0.0304519	0.0598027
-0.0326268	0.062172
-0.0312031	0.0612084
-0.0348505	0.0620761
-0.0397178	0.0600998
-0.0400147	0.0575322
-0.0363863	0.058401
-0.0462954	0.0536902
-0.0358013	0.0532305
-0.0343644	0.0530715
-0.0335533	0.0533107
-0.0331756	0.0565896
-0.0338723	0.0518264
-0.0233651	0.0552989
-0.020274	0.0514436
-0.0193593	0.0525663
-0.0262039	0.0527592
-0.0242556	0.0520434
-0.0235306	0.0492181
-0.020647	0.0524637
-0.0186757	0.0499228
-0.0194886	0.0475866
-0.0216848	0.0453362
-0.0199366	0.0453475
-0.0142359	0.050778
-0.0119585	0.0482844
-0.00428534	0.0513223
-0.000453151	0.0504279
0.000147211	0.0529073
0.00216019	0.054367
0.0045781	0.0539079
0.00286245	0.0551203
0.00337396	0.0563877
-0.00580596	0.059529
-0.00191554	0.065335
-0.00239256	0.0643098
0.000131651	0.05382
0.000494785	0.0532023
0.000927616	0.0518616
-8.11896e-05	0.053728
-0.00303438	0.0460345
-0.00873971	0.0516415
-0.00971829	0.0557486
-0.00740842	0.0566059
-0.0091042	0.0608437
-0.0142119	0.0573278
-0.0131378	0.061623
-0.0147896	0.0598626
-0.0133354	0.0632619
-0.0162716	0.0642721
-0.00616282	0.0597986
-0.0160725	0.0504313
-0.0210721	0.0524674
-0.0203668	0.0563152
-0.0227767	0.0605488
-0.0220663	0.0602826
-0.0212236	0.0600005
-0.0196649	0.0593775
-0.0194433	0.0674209
-0.0229379	0.0698772
-0.0189058	0.0665856
-0.0182872	0.0661213
-0.0172371	0.065635
-0.0226491	0.0679549
-0.0168278	0.0596517
-0.0126897	0.0704566
-0.0132059	0.0707459
-0.0137824	0.0696642
-0.0108848	0.0714954
-0.00911959	0.0733772
-0.00957503	0.0780147
-0.0102539	0.0779206
-0.0112297	0.0808105
-0.0087984	0.0840211
-0.0128769	0.0895992
-0.0146217	0.0882792
-0.0193118	0.0961622
-0.0160189	0.0915097
-0.0203379	0.0854957
-0.0191084	0.0839557
-0.016173	0.0797487
-0.0161527	0.0776527
-0.0140063	0.074687
-0.0143202	0.0712651
-0.0131022	0.0720871
-0.0108749	0.0726158
-0.00610465	0.0727126
-0.00432579	0.0744896
-0.0011458	0.0737899
-0.00093328	0.0733097
-0.000957223	0.0729924
-4.81065e-05	0.0749893
0.00326222	0.0759771
0.00421231	0.0784576
0.00244147	0.0788816
-0.000217165	0.0748619
0.00242149	0.0770229
-0.00473804	0.0769671
-0.00506999	0.0757224
-0.00268842	0.0654787
0.00153749	0.0747062
0.0015431	0.0738748
-0.00639062	0.0764166
-0.000926549	0.0759265
0.00267204	0.0729737
0.00446654	0.0755585
0.00527185	0.074746
0.0044348	0.0746776
0.00593654	0.0735029
0.00586336	0.071969
0.0112892	0.0702659
0.013247	0.0739132
0.0134585	0.0728567
0.0165169	0.0725649
0.017382	0.0722519
0.0155805	0.0728262
0.0201105	0.0731781
0.0255441	0.0727452
0.027591	0.0667709
0.029709	0.0690613
0.0251607	0.0672726
0.0255962	0.0650455
0.0268909	0.0695462
0.0325838	0.0686726
0.0334549	0.0722645
0.0300645	0.0812635
0.026309	0.0771715
0.0261022	0.0772971
0.0266875	0.0766664
0.0271594	0.0711793
0.0272227	0.0684576
0.0253401	0.0699645
0.0258912	0.0683163
0.027022	0.0668442
0.0259112	0.0659197
0.0262461	0.0660604
0.0236092	0.0688976
0.0275925	0.0670625
0.0225362	0.0662624
0.0205989	0.0716826
0.0300048	0.069137
0.0275917	0.0627588
0.0280495	0.0599167
0.0250321	0.0645545
0.0298894	0.0655648
0.0300427	0.0654993
0.0309491	0.0657034
0.0243854	0.0697345
0.027022	0.068936
0.0273574	0.0686067
0.0300336	0.068095
0.0314959	0.0688251
0.0288449	0.0712168
0.0408609	0.0736788
0.0393762	0.0683289
0.0453993	0.0675594
0.0513724	0.0610849
0.050127	0.0628267
0.0536631	0.0654255
0.0539655	0.062508
0.0561772	0.0622397
0.0569297	0.0636005
0.0574018	0.0632773
0.0603342	0.0740749
0.055394	0.0733069
0.0543854	0.073561
0.0593797	0.0700164
0.0584922	0.0649018
0.0655168	0.0635108
0.0657587	0.0596403
0.0647062	0.0616303
0.0670634	0.0627748
0.0671626	0.0622926
0.0673237	0.0615231
0.0650499	0.0614063
0.0733556	0.0614148
0.07301	0.058556
0.0837931	0.0568727
0.0789523	0.0497163
0.0786564	0.0477428
0.0872202	0.0448365
0.0770969	0.0469056
0.0738059	0.0426565
0.0747238	0.0437591
0.0732922	0.0465741
0.0754604	0.0515322
0.0684659	0.0385748
0.0633138	0.0408788
0.0607335	0.0395927
0.0497771	0.0421427
0.0456659	0.0421718
0.04917	0.0420966
0.0516991	0.0443345
0.0512413	0.045143
0.0488863	0.0445255
0.0469932	0.0433751
0.0501925	0.0346706
0.052459	0.033572
0.0508019	0.0317922
0.0521352	0.0360712
0.0487091	0.0365852
0.0470885	0.035424
0.0458741	0.0352592
0.0418465	0.0338062
0.0404362	0.0298904
0.0482109	0.0289481
0.0466321	0.0295978
0.0394247	0.0304619
0.0391273	0.0304711
0.0333213	0.0352246
0.0318201	0.0367477
0.0261503	0.0360452
0.028227	0.0344452
0.0288768	0.028631
0.0282272	0.026456
0.0285124	0.0274691
0.0268775	0.0282548
0.0272897	0.0281595
0.0387666	0.0341603
0.0354179	0.0330419
0.0417331	0.0328198
0.0363127	0.0338809
0.0362415	0.0331508
0.0373365	0.0361153
0.0365187	0.0275396
0.0325824	0.0322412
0.032785	0.0334827
0.0333177	0.0357853
0.0342112	0.0346563
0.0375953	0.034298
0.0383215	0.0338562
0.0332726	0.034602
0.0333206	0.034983
0.0280277	0.0358038
0.026884	0.0372527
0.0342015	0.043229
0.0353091	0.0409541
0.0300931	0.0447067
0.0293612	0.0451183
0.02442	0.0429015
0.032385	0.0405434
0.0305213	0.0454311
0.0317425	0.0445684
0.0295513	0.0452122
0.029103	0.0452771
0.0302789	0.0434412
0.0277281	0.0413232
0.0247013	0.0436603
0.023803	0.0441567
0.024554	0.0490136
0.0194757	0.0461512
0.0197322	0.042041
0.0193808	0.0453647
0.0201021	0.0460768
0.0283214	0.0439024
0.0325716	0.0407647
0.0345159	0.041377
0.0255698	0.0397355
0.022413	0.0385227
0.0158778	0.0392395
0.0100505	0.0318204
0.0118924	0.0316459
0.0135707	0.0373733
0.0173507	0.033735
0.0157254	0.0278795
0.0161804	0.0301415
0.0139257	0.030712
0.0220292	0.0309464
0.017382	0.0360658
0.0184222	0.0322604
0.0135193	0.0282811
0.0139673	0.0327451
0.0128651	0.0367955
0.0178321	0.0312985
0.0137895	0.0291479
0.0127577	0.0318149
0.0146784	0.0262
0.0171934	0.0304074
0.00930401	0.0409888
0.012396	0.045019
0.0114987	0.0445364
0.0106302	0.0440307
0.00859156	0.0482119
0.000653206	0.0598908
0.00246019	0.0640296
0.00033943	0.0634595
-0.014188	0.0606923
-0.0135775	0.0685435
-0.0124343	0.0712789
-0.0122509	0.0751986
-0.0128209	0.0747943
-0.0165284	0.0734459
-0.0193346	0.0706118
-0.0173934	0.0709843
-0.0186081	0.0679385
-0.0179081	0.0699711
-0.0182761	0.0685949
-0.0257325	0.0746443
-0.0270351	0.0733884
-0.0261156	0.06974
-0.027753	0.0691705
-0.0283553	0.0704433
-0.0308985	0.0710597
-0.0310215	0.0670688
-0.0333595	0.0645469
-0.0353888	0.0652742
-0.0355853	0.0728268
-0.0399157	0.0711815
-0.0498573	0.0790278
-0.0463758	0.0758953
-0.0537764	0.0741985
-0.0526779	0.075215
-0.0577473	0.0736664
-0.0578018	0.0722683
-0.0584195	0.0704965
-0.0625956	0.0671604
-0.080093	0.0685464
-0.0797269	0.0640389
-0.0792001	0.0650638
-0.0832718	0.0653653
-0.0834667	0.0643182
-0.0763813	0.073682
-0.0718999	0.0738293
-0.0701447	0.073236
-0.0651628	0.0708578
-0.0675727	0.0676302
-0.0723332	0.0599366
-0.0731079	0.0661182
-0.0723016	0.0715014
-0.0728601	0.0695513
-0.0752653	0.0697856
-0.0742915	0.0711096
-0.0792305	0.0698991
-0.0780673	0.0686073
-0.0753966	0.0674346
-0.07255	0.0668005
-0.0739504	0.0630123
-0.0757846	0.070654
-0.0752794	0.0692536
-0.0756145	0.0652392
