0.995011	0.00497513
0.990027	0.0103026
0.985087	0.0158089
0.980052	0.0213648
0.975242	0.0276694
0.9705	0.0339679
0.966631	0.0407454
0.96245	0.0475361
0.958221	0.054447
0.954103	0.0619679
0.950449	0.0694858
0.946972	0.0768248
0.943717	0.0846369
0.941258	0.0923241
0.939308	0.100659
0.93785	0.109038
0.936222	0.116764
0.935002	0.124574
0.934157	0.132499
0.933521	0.140483
0.933466	0.148516
0.933557	0.155801
0.93451	0.163039
0.935327	0.170211
0.936479	0.177555
0.938517	0.186273
0.940271	0.194618
0.943054	0.20278
0.946402	0.210895
0.949995	0.218801
0.953403	0.226395
0.957406	0.233433
0.961779	0.240496
0.966044	0.247524
0.970489	0.254405
0.975051	0.260928
0.980351	0.26771
0.985667	0.274279
0.991114	0.28078
0.996415	0.287152
1.00112	0.29348
1.0056	0.299677
1.01085	0.306475
1.0166	0.313041
1.02243	0.319486
1.02816	0.326053
1.03426	0.332272
1.04087	0.338341
1.04747	0.344186
1.054	0.35007
1.06047	0.356284
1.06675	0.362407
1.07301	0.368421
1.07925	0.374227
1.08551	0.379864
1.09179	0.385345
1.09808	0.390671
1.10433	0.395612
1.11061	0.400454
1.11741	0.40476
1.12417	0.409151
1.13111	0.413344
1.13888	0.418123
1.14644	0.422751
1.15399	0.427319
1.16175	0.432113
1.16957	0.43657
1.1782	0.441414
1.1864	0.445854
1.19391	0.450008
1.20137	0.453495
1.20813	0.45734
1.21483	0.461348
1.22138	0.464974
1.22785	0.468393
1.23441	0.471619
1.24071	0.47502
1.24746	0.478538
1.2539	0.481766
1.26045	0.484903
1.26705	0.48827
1.27338	0.491355
1.28011	0.494422
1.28689	0.497535
1.29307	0.501074
1.29947	0.504504
1.30603	0.508025
1.31239	0.511478
1.31893	0.514733
1.32553	0.517286
1.33218	0.520365
1.33957	0.52367
1.34668	0.527463
1.3534	0.531899
1.35986	0.536307
1.36628	0.540007
1.37263	0.543731
1.37931	0.547795
1.38541	0.552191
1.39163	0.556453
1.39792	0.5608
1.40383	0.564967
1.41055	0.569276
1.41732	0.573653
1.42452	0.578275
1.43222	0.582814
1.43986	0.587173
1.44774	0.591667
1.4553	0.596188
1.46187	0.600584
1.46854	0.605414
1.4759	0.610946
1.48295	0.616023
1.48963	0.62074
1.49642	0.625491
1.50337	0.63076
1.51049	0.635679
1.5178	0.640424
1.52518	0.644936
1.53254	0.64979
1.53986	0.654946
1.54726	0.659341
1.55441	0.664158
1.56183	0.669135
1.56941	0.67369
1.57721	0.677904
1.58505	0.682337
1.59256	0.68565
1.60002	0.688451
1.60828	0.690799
1.61685	0.692879
1.62541	0.694645
1.63403	0.696534
1.6422	0.699099
1.65027	0.701201
1.65803	0.702891
1.66575	0.704383
1.67372	0.70576
1.68154	0.707178
1.68933	0.708781
1.69677	0.710239
1.70511	0.711868
1.71332	0.713159
1.72159	0.713807
1.7299	0.714376
1.73799	0.715162
1.74593	0.71606
1.75373	0.716214
1.76162	0.71674
1.76879	0.717853
1.77635	0.719191
1.78404	0.720551
1.79182	0.721739
1.79982	0.723028
1.80693	0.724924
1.81378	0.727072
1.82112	0.729289
1.82834	0.730922
1.83553	0.732498
1.84352	0.734178
1.85163	0.73594
1.85961	0.73765
1.86754	0.740422
1.87547	0.741947
1.88354	0.743938
1.89145	0.745921
1.89918	0.7474
1.90678	0.748599
1.91458	0.749653
1.92266	0.751087
1.93148	0.752458
1.94017	0.753784
1.94869	0.755062
1.95685	0.756295
1.96493	0.757527
1.97296	0.758737
1.98066	0.760742
1.98822	0.763322
1.99588	0.765871
2.00373	0.768209
2.01169	0.770467
2.01967	0.772783
2.02704	0.775055
2.03389	0.777866
2.04074	0.781685
2.04734	0.785318
2.05445	0.787991
2.06156	0.790756
2.06877	0.793594
2.07556	0.7968
2.0827	0.799393
2.08983	0.80186
2.09593	0.804407
2.10229	0.806928
2.10873	0.809252
2.11537	0.811546
2.12261	0.81378
2.12968	0.815317
2.13665	0.817364
2.14344	0.819465
2.15014	0.82151
2.15751	0.823578
2.16482	0.825666
2.17211	0.827237
2.17978	0.828343
2.18693	0.828711
2.1936	0.829085
2.20049	0.82955
2.20715	0.829888
2.2142	0.830666
2.22148	0.831855
2.22895	0.833133
2.23647	0.834418
2.24382	0.835517
2.25136	0.837267
2.25899	0.838889
2.26655	0.840386
2.27375	0.841441
2.2804	0.842624
2.28719	0.843719
2.29428	0.845126
2.30132	0.84638
2.30852	0.847849
2.31583	0.849347
2.32353	0.850076
2.33135	0.849854
2.33953	0.850185
2.34775	0.850565
2.3568	0.850151
2.36593	0.850187
2.37472	0.85007
2.38322	0.849702
2.39207	0.849652
2.40059	0.849446
2.4091	0.849137
2.4175	0.848371
2.42564	0.848008
2.43363	0.847931
2.44116	0.848288
2.44879	0.848692
2.45635	0.848715
2.46378	0.848566
2.47109	0.847998
2.47826	0.847475
2.48562	0.846725
2.49378	0.846089
2.50146	0.845323
2.50915	0.844653
2.51699	0.844147
2.52434	0.84401
2.53185	0.844108
2.53931	0.844599
2.54682	0.845205
2.55445	0.845352
2.56204	0.846838
2.56976	0.848217
2.57734	0.849308
2.58517	0.850451
2.59345	0.851713
2.60157	0.852971
2.60974	0.853382
2.61806	0.854503
2.62613	0.855268
2.63426	0.855865
2.64287	0.856573
2.65127	0.857098
2.65911	0.858339
2.66631	0.859239
2.67357	0.860025
2.68062	0.860547
2.68794	0.860725
2.69512	0.860676
2.70226	0.860851
2.70951	0.860976
2.71649	0.860973
2.7237	0.860625
2.73198	0.860805
2.74034	0.860721
2.74861	0.86045
2.75682	0.860268
2.76585	0.860279
2.77463	0.860282
2.78355	0.860465
2.79219	0.860697
2.79991	0.861486
2.8082	0.862595
2.81686	0.863851
2.8249	0.865411
2.83248	0.86628
2.84013	0.867464
2.84783	0.868607
2.85579	0.869735
2.86361	0.870843
2.87113	0.872361
2.87915	0.873656
2.88723	0.874726

-2.88459	0.875087
-2.8759	0.874939
-2.86744	0.87467
-2.85848	0.874592
-2.85079	0.874907

-2.84261	0.875263
-2.83452	0.875002
-2.82649	0.874884
-2.81841	0.87437
-2.8107	0.873041
-2.80336	0.870867
-2.79567	0.868271
-2.78801	0.865823
-2.77983	0.863598
-2.7717	0.86168
-2.76365	0.859865
-2.7555	0.85819
-2.74712	0.856759
-2.7393	0.855416
-2.73126	0.854405
-2.72353	0.853699
-2.71679	0.852385
-2.70947	0.851422
-2.70204	0.850387
-2.69383	0.849782
-2.68533	0.848621
-2.67722	0.847123
-2.66926	0.84523
-2.6621	0.842682
-2.65488	0.840163
-2.64822	0.83789
-2.64149	0.835736
-2.63495	0.833681
-2.62814	0.8317
-2.62086	0.830002
-2.6133	0.828382
-2.60578	0.82689
-2.59845	0.825571
-2.59108	0.824203
-2.58432	0.822131
-2.57746	0.820227
-2.57036	0.818431
-2.56293	0.816686
-2.55593	0.814734
-2.54851	0.812776
-2.54027	0.811128
-2.53195	0.809317
-2.52374	0.807873
-2.5155	0.806585
-2.5077	0.805165
-2.49988	0.803906
-2.4928	0.802686
-2.48595	0.801465
-2.47907	0.800351
-2.47157	0.799446
-2.46463	0.799002
-2.45746	0.797976
-2.45086	0.796667
-2.44455	0.795054
-2.43792	0.794403
-2.43091	0.793883
-2.42432	0.793529
-2.41785	0.79242
-2.41091	0.791995
-2.40424	0.792899
-2.39711	0.793381
-2.38991	0.794175
-2.38224	0.794503
-2.37457	0.794911
-2.36674	0.795558
-2.35858	0.796759
-2.35049	0.798028
-2.34261	0.798971
-2.33458	0.80023
-2.32666	0.801536
-2.31884	0.803333
-2.31114	0.805207
-2.30339	0.807724
-2.29562	0.810158
-2.28702	0.813251
-2.27866	0.816299
-2.27041	0.819932
-2.26181	0.823139
-2.25378	0.826323
-2.24605	0.82895
-2.23833	0.831609
-2.23154	0.83468
-2.22478	0.837487
-2.21815	0.840123
-2.21192	0.843184
-2.20586	0.846762
-2.1997	0.85038
-2.19347	0.853884
-2.18637	0.857331
-2.17851	0.86075
-2.17086	0.864063
-2.16378	0.867737
-2.15662	0.871598
-2.14864	0.875433
-2.14093	0.8791
-2.13302	0.882649
-2.12519	0.886353
-2.11761	0.890128
-2.10998	0.893361
-2.10274	0.896994
-2.0963	0.900579
-2.08922	0.90401
-2.08248	0.907951
-2.07594	0.912134
-2.06991	0.91607
-2.06345	0.920405
-2.05725	0.925338
-2.0511	0.930307
-2.04495	0.935635
-2.03897	0.941082
-2.0327	0.946321
-2.02665	0.951944
-2.02113	0.957595
-2.01593	0.963106
-2.01087	0.96869
-2.00548	0.974439
-2.00015	0.980244
-1.9945	0.98572
-1.98874	0.991179
-1.98353	0.997257
-1.9783	1.00294
-1.97293	1.00916
-1.96728	1.01504
-1.9616	1.02099
-1.95624	1.02712
-1.95154	1.03331
-1.94696	1.03981
-1.94245	1.04635
-1.9378	1.05316
-1.93361	1.06059
-1.92934	1.06786
-1.92501	1.07482
-1.92069	1.0818
-1.91627	1.08884
-1.91205	1.0957
-1.90812	1.10215
-1.90446	1.10903
-1.90038	1.11633
-1.8961	1.12349
-1.89199	1.13049
-1.8872	1.13748
-1.88217	1.1446
-1.87589	1.15185
-1.87006	1.15911
-1.86493	1.16625
-1.86009	1.17441
-1.8558	1.18214
-1.85177	1.18936
-1.84793	1.19659
-1.84414	1.20314
-1.84045	1.20983
-1.83794	1.21637
-1.83539	1.22318
-1.83314	1.22985
-1.83049	1.23697
-1.82889	1.24391
-1.82739	1.25094
-1.82585	1.25867
-1.82427	1.26624
-1.82239	1.27377
-1.82048	1.28116
-1.81867	1.28928
-1.81692	1.29783
-1.81521	1.30642
-1.81269	1.31468
-1.81008	1.32316
-1.80725	1.33102
-1.80423	1.33954
-1.80137	1.34848
-1.79888	1.35727
-1.79664	1.36585
-1.79539	1.37388
-1.79426	1.38287
-1.79333	1.39183
-1.79229	1.40084
-1.79145	1.40964
-1.79055	1.41826
-1.78975	1.42681
-1.78953	1.43523
-1.78966	1.44388
-1.78974	1.45183
-1.78948	1.45998
-1.78871	1.46825
-1.78814	1.47645
-1.78777	1.48469
-1.78796	1.4927
-1.78825	1.50051
-1.78959	1.50887
-1.79109	1.51733
-1.79234	1.52657
-1.79422	1.53577
-1.79651	1.54506
-1.79901	1.55298
-1.80177	1.56113
-1.80378	1.56931
-1.80579	1.57755
-1.8075	1.58591
-1.8096	1.59428
-1.81133	1.60226
-1.81278	1.60998
