-0.00404368	0.0037099
-0.00871494	0.00613423
-0.0139507	0.00810044
-0.0194901	0.00944244
-0.0252211	0.0105533
-0.0303406	0.0116119
-0.0355136	0.0121232
-0.0407967	0.0121887
-0.0463557	0.0121032
-0.0518921	0.0115125
-0.0576236	0.0106516
-0.0631427	0.00891458
-0.0686362	0.00672871
-0.0741704	0.00433202
-0.0796646	0.00135603
-0.0852084	-0.00166394
-0.0906934	-0.00482283
-0.0959421	-0.00854142
-0.100914	-0.0124222
-0.10547	-0.0155398
-0.110129	-0.0188401
-0.114951	-0.0222595
-0.119096	-0.0254482
-0.122661	-0.0291644
-0.126368	-0.0334249
-0.130049	-0.0378823
-0.133727	-0.0424907
-0.137561	-0.0472586
-0.141318	-0.0521809
-0.145252	-0.0570975
-0.149175	-0.062072
-0.152537	-0.0675691
-0.156672	-0.0726513
-0.160356	-0.0776901
-0.163869	-0.0823685
-0.167495	-0.0870834
-0.171096	-0.0918769
-0.174512	-0.097111
-0.177943	-0.101667
-0.181192	-0.106445
-0.184703	-0.111127
-0.187825	-0.116202
-0.191331	-0.121136
-0.194735	-0.126246
-0.198046	-0.131249
-0.201464	-0.136356
-0.204934	-0.141548
-0.208376	-0.14637
-0.211102	-0.151184
-0.214194	-0.156257
-0.217176	-0.161283
-0.220381	-0.165657
-0.224279	-0.17117
-0.228076	-0.177022
-0.231691	-0.183095
-0.235343	-0.189096
-0.238972	-0.194964
-0.24178	-0.201075
-0.244292	-0.206808
-0.246747	-0.211938
-0.248977	-0.216206
-0.251272	-0.220788
-0.253947	-0.22529
-0.256656	-0.230431
-0.259318	-0.235623
-0.261721	-0.240782
-0.264138	-0.245979
-0.266388	-0.251525
-0.269004	-0.25683
-0.271145	-0.262219
-0.273302	-0.267773
-0.275596	-0.273839
-0.27796	-0.279943
-0.279978	-0.286201
-0.281979	-0.292473
-0.284105	-0.2997
-0.286093	-0.306923
-0.287386	-0.314214
-0.289227	-0.321503
-0.290432	-0.328816
-0.290819	-0.336036
-0.291335	-0.343024
-0.291977	-0.349878
-0.293473	-0.356459
-0.294929	-0.363638
-0.296924	-0.37072
-0.299406	-0.377477
-0.302386	-0.38459
-0.3056	-0.391361
-0.308262	-0.397457
-0.311198	-0.403576
-0.314132	-0.409224
-0.31639	-0.415015
-0.318464	-0.42087
-0.320665	-0.426181
-0.32316	-0.430873
-0.32595	-0.435701
-0.329425	-0.441071
-0.332297	-0.446653
-0.335367	-0.452003
-0.338671	-0.457164
-0.34194	-0.462284
-0.344588	-0.467468
-0.347956	-0.473681
-0.35167	-0.479325
-0.355188	-0.484638
-0.358508	-0.489808
-0.361762	-0.495388
-0.365928	-0.500145
-0.370225	-0.504865
-0.374444	-0.5094
-0.379277	-0.513575
-0.384346	-0.517871
-0.38944	-0.522133
-0.394253	-0.526129
-0.399135	-0.530051
-0.404599	-0.533865
-0.410043	-0.537534
-0.415097	-0.541447
-0.420419	-0.545319
-0.425778	-0.54888
-0.431295	-0.552212
-0.436916	-0.555502
-0.442005	-0.558969
-0.447161	-0.562564
-0.452694	-0.566286
-0.45813	-0.570371
-0.463354	-0.574526
-0.468934	-0.578393
-0.474245	-0.582836
-0.479654	-0.587276
-0.485419	-0.591604
-0.490218	-0.595018
-0.495567	-0.599785
-0.501046	-0.604844
-0.50624	-0.610406
-0.511451	-0.61564
-0.516576	-0.620895
-0.522266	-0.625978
-0.527649	-0.631529
-0.53244	-0.637475
-0.537116	-0.643293
-0.541708	-0.649166
-0.546985	-0.655623
-0.552204	-0.662451
-0.557292	-0.669354
-0.562456	-0.675938
-0.567387	-0.68219
-0.572854	-0.688205
-0.578344	-0.694027
-0.58366	-0.700019
-0.588684	-0.705583
-0.593657	-0.711014
-0.598595	-0.716289
-0.603545	-0.72089
-0.608602	-0.725436
-0.613469	-0.730011
-0.618371	-0.734577
-0.624165	-0.739081
-0.630031	-0.743147
-0.636257	-0.747319
-0.641393	-0.751776
-0.646471	-0.756166
-0.652121	-0.760149
-0.657743	-0.764144
-0.663283	-0.768197
-0.668968	-0.771929
-0.674379	-0.775322
-0.679793	-0.779125
-0.685513	-0.783763
-0.690514	-0.787995
-0.695812	-0.792095
-0.701548	-0.795335
-0.706555	-0.797778
-0.711601	-0.800492
-0.716797	-0.80342
-0.72236	-0.8068
-0.727848	-0.810023
-0.733033	-0.813673
-0.738334	-0.817857
-0.743803	-0.822554
-0.750064	-0.827646
-0.755276	-0.832581
-0.760392	-0.837928
-0.765359	-0.843195
-0.77012	-0.848424
-0.773722	-0.853508
-0.77745	-0.859134
-0.781778	-0.864939
-0.785965	-0.871054
-0.790372	-0.876917
-0.79473	-0.882752
-0.799346	-0.889282
-0.803946	-0.895352
-0.808628	-0.901224
-0.812972	-0.907531
-0.817768	-0.913477
-0.82323	-0.91987
-0.828491	-0.925685
-0.832928	-0.932204
-0.8374	-0.938205
