0.994464	0.0059327
0.989514	0.0116035
0.98465	0.0169229
0.97997	0.0220306
0.975971	0.0272975
0.971938	0.0328215
0.968144	0.0380688
0.964181	0.0434721
0.960353	0.0486249
0.956836	0.0532503
0.953286	0.0579337
0.949857	0.0625546
0.94675	0.0668368
0.943717	0.070886
0.940761	0.0750629
0.938063	0.0796547
0.935351	0.0841402
0.932858	0.0883827
0.930249	0.0929901
0.928177	0.0979647
0.926341	0.103185
0.924555	0.108466
0.923074	0.113894
0.922349	0.119138
0.921666	0.12451
0.921029	0.129949
0.920449	0.135572
0.919943	0.141353
0.919223	0.146398
0.917899	0.152025
0.916761	0.157805
0.915624	0.163531
0.914139	0.16925
0.912715	0.174945
0.911319	0.180563
0.910585	0.185291
0.909735	0.190703
0.909193	0.196002
0.909616	0.201796
0.910035	0.207449
0.910528	0.213108
0.911051	0.217835
0.911943	0.222664
0.913428	0.227575
0.91523	0.232548
0.917214	0.237046
0.919343	0.241659
0.921609	0.246269
0.923943	0.250999
0.926564	0.25619
0.929037	0.260878
0.931558	0.265587
0.93426	0.270406
0.937079	0.274481
0.939342	0.278359
0.941697	0.282614
0.943759	0.286226
0.946249	0.290488
0.948984	0.294837
0.951876	0.29952
0.954779	0.304114
0.957158	0.308573
0.959548	0.313154
0.961598	0.317866
0.963662	0.322695
0.965842	0.327717
0.96821	0.333072
0.970659	0.338265
0.973108	0.343036
0.975655	0.347818
0.978345	0.352539
0.980307	0.356934
0.982178	0.361526
0.98377	0.36623
0.98549	0.370644
0.987086	0.375613
0.988649	0.380814
0.990092	0.386077
0.991559	0.391406
0.992844	0.39661
0.993294	0.40231
0.993189	0.408208
0.992595	0.413987
0.99175	0.419346
0.990779	0.424013
0.989179	0.428847
0.988236	0.434382
0.987427	0.440358
0.986399	0.446807
0.985389	0.453082
0.984727	0.459415
0.983874	0.46605
0.983867	0.472307
0.983851	0.478834
0.983766	0.484986
0.983863	0.490559
0.983926	0.495565
0.984039	0.500682
0.984196	0.505546
0.984325	0.510298
0.984473	0.515178
0.984244	0.520809
0.983502	0.527215
0.982794	0.533097
0.982069	0.538956
0.981407	0.545007
0.981152	0.551669
0.980891	0.558071
0.980608	0.564349
0.980318	0.570456
0.980325	0.5769
0.979689	0.584107
0.978549	0.590836
0.977593	0.597367
0.976605	0.603546
0.974829	0.60985
0.973427	0.616439
0.972226	0.622497
0.971032	0.628204
0.969111	0.633052
0.966747	0.637688
0.964431	0.642377
0.961859	0.647196
0.958696	0.652347
0.95495	0.656922
0.95114	0.66188
0.947303	0.667113
0.943628	0.672368
0.939647	0.676899
0.935954	0.681443
0.932512	0.685996
0.929795	0.689887
0.926933	0.693847
0.923355	0.697024
0.919132	0.699926
0.914865	0.702471
0.91035	0.705028
0.904769	0.707443
0.89948	0.709246
0.893856	0.7109
0.887606	0.712488
0.881855	0.714586
0.876467	0.716255
0.871199	0.717875
0.86608	0.719672
0.861323	0.721444
0.855647	0.723412
0.849623	0.725846
0.84431	0.728118
0.838938	0.730407
0.833452	0.733345
0.827661	0.736534
0.821676	0.739996
0.81547	0.742828
0.809132	0.746093
0.803226	0.748972
0.797273	0.751283
0.791445	0.753425
0.785644	0.755676
0.779221	0.757762
0.772952	0.76012
0.766898	0.762421
0.76081	0.764767
0.754294	0.766773
0.747654	0.768521
0.74013	0.769402
0.733002	0.769982
0.726075	0.771156
0.719501	0.772265
0.712369	0.773442
0.705564	0.774459
0.698344	0.775212
0.692436	0.775739
0.686628	0.77628
0.680703	0.777258
0.675345	0.777771
0.670253	0.779027
0.664532	0.780388
0.659055	0.782227
0.653596	0.784202
0.648378	0.786045
0.64315	0.787305
0.637198	0.787551
0.631478	0.78747
0.625859	0.7874
0.619778	0.787004
0.613579	0.786659
0.60714	0.786114
0.600824	0.785645
0.594644	0.785124
0.588502	0.784312
0.584261	0.782639
0.579435	0.780303
0.574719	0.777789
0.569994	0.775076
0.563977	0.772079
0.558131	0.769053
0.552795	0.766354
0.547475	0.763551
0.54219	0.761425
0.536234	0.758904
0.53035	0.756356
0.525112	0.753349
0.519435	0.750078
0.513775	0.7468
0.508712	0.743768
0.50351	0.740856
0.498346	0.737849
0.493399	0.735195
0.488437	0.732465
0.483872	0.729615
0.479637	0.726715
0.475469	0.724283
0.471338	0.721331
0.467207	0.718039
0.463004	0.714595
0.45873	0.71071
0.454448	0.706529
0.450609	0.702514
0.446505	0.698523
0.441708	0.694746
0.436657	0.691065
0.431658	0.68735
0.426143	0.684109
0.420661	0.680703
0.415134	0.677342
0.409581	0.674066
0.403831	0.670911
0.398288	0.667449
0.393368	0.663787
0.388444	0.660199
0.384388	0.656213
0.379922	0.652618
0.375391	0.648949
0.371284	0.644608
0.367025	0.639752
0.362849	0.634887
0.358972	0.629741
0.35533	0.624833
0.351875	0.619985
0.348591	0.614438
0.34512	0.609026
0.341628	0.603468
0.337915	0.597689
0.334231	0.592137
0.330877	0.587108
0.327721	0.582292
0.324135	0.577854
0.320535	0.573314
0.316973	0.568621
0.31344	0.563812
0.30995	0.559221
0.306136	0.554783
0.302205	0.550305
0.297592	0.54636
0.292939	0.54232
0.288254	0.538327
0.28403	0.534427
0.279641	0.530213
0.274678	0.525808
0.270041	0.521729
0.265483	0.51769
0.260061	0.513431
0.254808	0.509227
0.249426	0.505531
0.244103	0.501593
0.238754	0.497265
0.233573	0.493125
0.228073	0.488601
0.223055	0.483802
0.218043	0.478939
0.212581	0.473528
0.207097	0.46938
0.20182	0.465465
0.19591	0.462071
0.190117	0.458717
0.184644	0.455685
0.179336	0.452666
0.173966	0.449763
0.168747	0.4469
0.163498	0.443974
0.158175	0.441084
0.153465	0.438538
0.148637	0.43588
0.143874	0.432944
0.139068	0.429835
0.133959	0.425936
0.128021	0.421786
0.121997	0.416837
0.116033	0.412029
0.110545	0.407221
0.105259	0.402474
0.100072	0.397999
0.0953916	0.393179
0.0899009	0.388311
0.0844412	0.383494
0.0791985	0.378781
0.0742437	0.374185
0.0698425	0.369642
0.0656803	0.364101
0.0613821	0.358501
0.0559337	0.353112
0.0496921	0.347909
0.0436927	0.34288
0.0378805	0.338005
0.0328012	0.333668
0.0277238	0.329049
0.0227928	0.324799
0.017964	0.319975
0.0131818	0.315568
0.00855339	0.311567
0.00364781	0.307697
-0.00113425	0.303766
-0.00576188	0.299659
-0.00964986	0.295779
-0.01297	0.291126
-0.0160768	0.286219
-0.0187664	0.281557
-0.0223065	0.276206
-0.0258296	0.270819
-0.0291529	0.265842
-0.0318093	0.260535
-0.0342386	0.254618
-0.0366129	0.249286
-0.0386954	0.2438
-0.040414	0.237521
-0.0422514	0.229789
-0.0441412	0.222559
-0.0459154	0.215727
-0.0479603	0.209108
-0.0504122	0.202581
-0.0537398	0.195921
-0.0564308	0.189485
-0.0589106	0.18312
-0.0610383	0.176822
-0.0630001	0.170741
-0.0649789	0.164652
-0.0661156	0.158002
-0.0669766	0.1513
-0.0677436	0.144802
-0.0683554	0.138482
-0.0687316	0.132513
-0.0692948	0.126288
-0.0699021	0.120171
-0.0700295	0.114614
-0.0696334	0.109234
-0.0689346	0.103439
-0.0685031	0.0978944
-0.0677667	0.0919215
-0.0669875	0.0859159
-0.0660476	0.0798411
-0.0645978	0.073703
-0.0632244	0.0676785
-0.0618908	0.060657
-0.0609731	0.0534365
-0.0595342	0.0462835
-0.0579222	0.0396606
-0.0564522	0.0331068
-0.0552758	0.0268687
-0.0540694	0.0201101
-0.0520585	0.0138722
-0.0500155	0.00772993
-0.0473998	0.00166487
-0.0447642	-0.00403544
-0.0422929	-0.00939765
-0.0397416	-0.0147873
-0.0374177	-0.0201189
-0.0351849	-0.025536
-0.0328815	-0.0309744
-0.0305305	-0.0364702
-0.0283629	-0.0418205
-0.0263596	-0.0469778
-0.0241139	-0.0527199
-0.0218316	-0.0567746
-0.0190934	-0.0612211
-0.0167878	-0.0657798
-0.0143188	-0.0708321
-0.0114404	-0.0760191
-0.00876953	-0.0823107
-0.005554	-0.0879236
-0.0019474	-0.0933593
0.00159737	-0.0979526
0.0053469	-0.102337
0.00918621	-0.107033
0.0135925	-0.111582
0.0179115	-0.115648
0.0220171	-0.119269
0.0266726	-0.12215
0.0317425	-0.125515
0.036223	-0.129843
0.0407041	-0.133982
0.0451275	-0.138014
0.0495576	-0.142148
0.0531314	-0.146643
0.0565128	-0.151065
0.0597245	-0.15604
0.0629262	-0.16104
0.0662006	-0.166048
0.069655	-0.171241
0.0735934	-0.176382
0.0775759	-0.181823
0.0816911	-0.187382
0.0854371	-0.192905
0.0891376	-0.198372
0.0932326	-0.203927
0.0973744	-0.209131
0.102431	-0.214881
0.107459	-0.22069
0.112393	-0.226432
0.117303	-0.232317
0.121461	-0.237866
0.125733	-0.243355
0.131096	-0.248241
0.136241	-0.253039
0.141264	-0.257666
0.146655	-0.262626
0.151337	-0.266842
0.155891	-0.271458
0.16042	-0.276376
0.16491	-0.280768
0.170031	-0.284392
0.174836	-0.28803
0.179361	-0.291542
0.183973	-0.295367
0.188661	-0.299188
0.19315	-0.303672
0.197514	-0.308042
0.201676	-0.31229
0.205867	-0.316529
0.210087	-0.32077
0.214097	-0.325098
0.218152	-0.329657
0.221738	-0.33452
0.225313	-0.339386
0.229023	-0.34435
0.232981	-0.349352
0.236002	-0.353726
0.239906	-0.358317
0.243833	-0.362921
0.247952	-0.368137
0.252203	-0.373291
0.256755	-0.378211
0.260663	-0.38298
0.264556	-0.387753
0.268279	-0.392581
0.271599	-0.396941
0.274493	-0.401838
0.277328	-0.406983
0.280033	-0.411514
0.28309	-0.415574
0.286139	-0.418917
0.289684	-0.422359
0.293428	-0.426029
0.297325	-0.429669
0.301382	-0.433328
0.306131	-0.436887
0.31101	-0.440396
0.315743	-0.444124
0.320574	-0.447931
0.325655	-0.451607
0.330551	-0.455213
0.334955	-0.459276
0.339335	-0.463343
0.3445	-0.467912
0.349557	-0.47237
0.3547	-0.476414
0.359782	-0.480356
0.364784	-0.484214
0.369044	-0.488529
0.372686	-0.492265
0.376596	-0.496076
0.380479	-0.500194
0.384349	-0.504947
0.387809	-0.509571
0.391473	-0.514066
0.395184	-0.518813
0.399118	-0.523478
0.403507	-0.527637
0.407562	-0.531621
0.411708	-0.535584
0.415408	-0.540093
0.419638	-0.544232
0.42311	-0.548186
0.427279	-0.552623
0.431572	-0.557074
0.435742	-0.561244
0.439536	-0.56499
0.442802	-0.568926
0.44637	-0.57329
0.449534	-0.577883
0.452656	-0.582511
0.456086	-0.587473
0.45923	-0.592359
0.462479	-0.597753
0.465926	-0.602874
0.46945	-0.607858
0.47331	-0.612846
0.477187	-0.617483
0.481189	-0.621799
0.485987	-0.62629
0.490437	-0.630576
