0.995137	0.00509828
0.990544	0.0100642
0.986402	0.0151333
0.982229	0.0201692
0.978075	0.0256449
0.973158	0.0308223
0.967537	0.0357105
0.962583	0.0398697
0.957584	0.0442666
0.952643	0.048336
0.94729	0.0521638
0.941756	0.0557523
0.935358	0.0592882
0.928511	0.0631121
0.92265	0.0662614
0.91639	0.0693386
0.9103	0.0722727
0.904295	0.0751326
0.898145	0.0778722
0.892951	0.0801229
0.887603	0.0826391
0.882405	0.0851419
0.877115	0.0874639
0.871837	0.0892381
0.865927	0.0902814
0.859889	0.0915731
0.854034	0.0928268
0.848928	0.093809
0.843689	0.0952488
0.838388	0.0962166
0.83294	0.0975982
0.827298	0.0991075
0.821422	0.100711
0.815412	0.101985
0.809382	0.103306
0.803263	0.103615
0.797158	0.104354
0.79077	0.105807
0.783869	0.107594
0.777357	0.109354
0.771334	0.110569
0.765262	0.112011
0.759302	0.113353
0.752868	0.114648
0.747266	0.11732
0.74205	0.12002
0.736549	0.122411
0.731081	0.124706
0.725478	0.126939
0.719722	0.12943
0.713489	0.13258
0.706527	0.135061
0.699722	0.13742
0.693137	0.139625
0.686663	0.141697
0.680259	0.143719
0.673925	0.145674
0.667697	0.147338
0.661703	0.148633
0.655662	0.149935
0.649162	0.150925
0.64311	0.151917
0.637039	0.152989
0.630115	0.154317
0.623927	0.155228
0.617691	0.156146
0.610993	0.157632
0.604313	0.159046
0.597876	0.16008
0.59159	0.161154
0.585619	0.162511
0.579562	0.163732
0.573819	0.165376
0.567879	0.16705
0.561825	0.168811
0.555725	0.170683
0.54949	0.172104
0.543208	0.17349
0.537011	0.175006
0.530848	0.176144
0.525007	0.175976
0.519926	0.17547
0.514921	0.174926
0.510302	0.173899
0.505047	0.172686
0.49995	0.171687
0.494645	0.170626
0.489822	0.169292
0.484605	0.167733
0.479326	0.166346
0.473706	0.164883
0.467262	0.163549
0.460844	0.162199
0.453856	0.160651
0.446972	0.158926
0.440447	0.157275
0.433737	0.15578
0.42724	0.154407
0.42052	0.152813
0.413868	0.151125
0.407662	0.149611
0.401732	0.148174
0.395661	0.1474
0.389324	0.146923
0.382726	0.145963
0.37622	0.145049
0.369776	0.144209
0.363389	0.143591
0.356961	0.142953
0.349773	0.141893
0.342712	0.141061
0.33594	0.140181
0.328843	0.139777
0.321817	0.139519
0.315267	0.138894
0.308551	0.138201
0.302125	0.137946
0.295564	0.13671
0.289116	0.135516
0.283016	0.134127
0.277333	0.132853
0.271481	0.131581
0.266065	0.130358
0.260784	0.129041
0.255072	0.127372
0.249795	0.125079
0.244495	0.122667
0.239114	0.120147
0.233445	0.117418
0.228443	0.115267
0.222701	0.112725
0.217049	0.11017
0.211445	0.107773
0.205596	0.105329
0.199747	0.102882
0.193783	0.100686
0.187653	0.0979904
0.181651	0.0953583
0.174994	0.0927377
0.168202	0.0901349
0.161318	0.0875051
0.154561	0.0849823
0.148244	0.0817655
0.141326	0.0782076
0.134301	0.0744656
0.127618	0.0710554
0.121317	0.0671709
0.11521	0.0633774
0.109461	0.0600075
0.103522	0.0565978
0.0976656	0.053187
0.0916958	0.0496534
0.0857403	0.0465896
0.0797302	0.0435952
0.0737783	0.0403494
0.0682336	0.0368705
0.063088	0.03315
0.0585226	0.0297325
0.0542579	0.026672
0.0496899	0.0237127
0.044585	0.0196035
0.0402206	0.0156813
0.0356207	0.0118624
0.0311457	0.00752919
0.0268533	0.00323175
0.0233479	-0.0014798
0.0204354	-0.00586946
0.017075	-0.0107335
0.0135444	-0.0156418
0.0101543	-0.020522
0.00649428	-0.0250672
0.00227798	-0.0298522
-0.0018856	-0.0345339
-0.00637615	-0.0388843
-0.0100439	-0.0433033
-0.0129834	-0.0475269
-0.0160457	-0.0519635
-0.019464	-0.0564168
-0.0231876	-0.0618234
-0.0268764	-0.0665141
-0.0302587	-0.0717638
-0.033921	-0.076374
-0.0377394	-0.0810075
-0.0415082	-0.086154
-0.0453939	-0.091295
-0.0494264	-0.0965784
-0.0537981	-0.100815
-0.058189	-0.105238
-0.0619557	-0.109965
-0.0659857	-0.114661
-0.0700116	-0.118951
-0.0742418	-0.123885
-0.0783312	-0.1283
-0.0823895	-0.132733
-0.0866621	-0.137289
-0.091651	-0.141998
-0.096568	-0.146641
-0.102209	-0.151419
-0.107706	-0.156085
-0.112979	-0.160673
-0.118279	-0.165376
-0.123242	-0.17022
-0.128214	-0.174933
-0.133804	-0.178892
-0.139772	-0.183091
-0.145551	-0.186952
-0.15129	-0.190897
-0.157056	-0.194592
-0.1626	-0.197988
-0.168929	-0.201398
-0.175176	-0.204687
-0.181343	-0.207872
-0.187716	-0.211074
-0.194118	-0.213833
-0.200628	-0.216471
-0.206862	-0.219049
-0.212867	-0.221545
-0.218864	-0.224091
-0.224794	-0.226959
-0.230352	-0.229903
-0.236168	-0.232958
-0.241488	-0.236346
-0.246944	-0.239639
-0.252339	-0.242521
-0.257745	-0.245495
-0.26263	-0.248273
-0.267562	-0.251063
-0.273201	-0.254353
-0.279126	-0.257794
-0.284976	-0.26107
-0.290597	-0.264684
-0.296347	-0.268434
-0.30233	-0.27209
-0.308343	-0.275493
-0.314187	-0.278809
-0.319678	-0.282179
-0.324925	-0.285619
-0.330113	-0.287856
-0.335361	-0.290496
-0.341166	-0.292981
-0.346978	-0.295436
-0.352964	-0.298505
-0.359148	-0.301697
-0.364925	-0.30463
-0.370868	-0.308175
-0.377029	-0.311995
-0.382242	-0.31538
-0.387703	-0.31855
-0.393904	-0.321744
-0.400349	-0.32515
-0.40724	-0.328582
-0.414761	-0.331824
-0.421778	-0.334795
-0.428238	-0.338165
-0.434513	-0.340951
-0.440791	-0.34376
-0.447071	-0.346522
-0.453447	-0.349477
-0.459709	-0.352451
-0.466047	-0.354378
-0.471805	-0.355836
-0.477537	-0.357052
-0.483535	-0.358624
-0.489636	-0.359725
-0.495818	-0.36104
-0.501127	-0.361649
-0.507111	-0.36247
-0.513181	-0.363216
-0.518216	-0.364419
-0.523256	-0.36554
-0.528156	-0.366767
-0.533612	-0.367232
-0.538812	-0.367464
-0.544144	-0.367839
-0.549654	-0.368066
-0.555255	-0.368232
-0.561001	-0.368452
-0.567049	-0.368652
-0.573409	-0.368624
-0.579488	-0.367894
-0.585565	-0.367037
-0.5915	-0.365678
-0.597112	-0.364306
-0.604156	-0.363027
-0.611172	-0.362002
-0.6174	-0.360929
-0.623561	-0.359988
-0.629802	-0.358888
-0.636606	-0.357389
-0.643368	-0.356125
-0.649865	-0.355299
-0.657352	-0.354252
-0.664539	-0.353173
-0.671442	-0.352151
-0.67863	-0.351194
-0.68515	-0.350669
-0.691683	-0.34973
-0.697685	-0.348669
-0.704066	-0.347463
-0.709846	-0.346336
-0.715993	-0.344989
-0.722133	-0.343647
-0.728272	-0.342356
-0.734397	-0.341083
-0.740795	-0.340003
-0.747281	-0.338674
-0.753715	-0.33736
-0.760226	-0.336141
-0.766545	-0.33498
-0.773055	-0.333918
-0.779465	-0.333073
-0.785556	-0.332352
-0.791261	-0.331496
-0.796923	-0.330252
-0.802714	-0.32918
-0.808712	-0.328031
-0.814191	-0.326316
-0.819268	-0.323739
-0.824868	-0.321156
-0.830601	-0.319
-0.836483	-0.31677
-0.842497	-0.315299
-0.848479	-0.313888
-0.854147	-0.313424
-0.860161	-0.313261
-0.866638	-0.312594
-0.873221	-0.311679
-0.879685	-0.311052
-0.886428	-0.310275
-0.892702	-0.30911
-0.899216	-0.306594
-0.905581	-0.304382
-0.911754	-0.302438
-0.917829	-0.30035
-0.924521	-0.297711
-0.931188	-0.294984
-0.937998	-0.292094
-0.944762	-0.289424
-0.951562	-0.286617
-0.95789	-0.284168
-0.964851	-0.281637
-0.971205	-0.278674
-0.977713	-0.275568
-0.98332	-0.273606
-0.989234	-0.271552
-0.994666	-0.269653
-0.999837	-0.266779
-1.00514	-0.263919
-1.01057	-0.260232
-1.01584	-0.257326
-1.0213	-0.254664
-1.02608	-0.251944
-1.03067	-0.249095
-1.03544	-0.245598
-1.04021	-0.242117
-1.04502	-0.238568
-1.04954	-0.234926
-1.05418	-0.231351
-1.05887	-0.227108
-1.06377	-0.222875
-1.06833	-0.218386
-1.07301	-0.213898
-1.07798	-0.210083
-1.08349	-0.206536
-1.08907	-0.203587
-1.0944	-0.201205
-1.10003	-0.199361
-1.10613	-0.197287
-1.11216	-0.195331
-1.11786	-0.193718
-1.12372	-0.19218
-1.12959	-0.191105
-1.13571	-0.190375
-1.1422	-0.188969
-1.14854	-0.187409
-1.15512	-0.185976
-1.16175	-0.184994
-1.16795	-0.184095
-1.17426	-0.183377
-1.18056	-0.182859
-1.18719	-0.182544
-1.1938	-0.182291
-1.2003	-0.182176
-1.20701	-0.181446
-1.21299	-0.180561
-1.21883	-0.179693
-1.22481	-0.179032
-1.23084	-0.178328
-1.23697	-0.177541
-1.24268	-0.176966
-1.24864	-0.176617
-1.25438	-0.176101
-1.2604	-0.175379
-1.26642	-0.175512
-1.27231	-0.17556
-1.27765	-0.175108
-1.28327	-0.17458
-1.28945	-0.173773
-1.29568	-0.172933
-1.30191	-0.172094
-1.30802	-0.17252
-1.31411	-0.172079
-1.32014	-0.171501
-1.32644	-0.171435
-1.33276	-0.171382
-1.33901	-0.171772
-1.3453	-0.172001
-1.35155	-0.172104
-1.35755	-0.171685
-1.36369	-0.170788
-1.36979	-0.169859
-1.3761	-0.168619
-1.38312	-0.167141
-1.39	-0.165689
-1.39645	-0.164593
-1.40192	-0.163847
-1.40721	-0.1629
-1.41271	-0.161836
-1.41832	-0.161164
-1.42379	-0.161618
-1.42941	-0.162071
-1.43517	-0.162528
-1.44164	-0.162659
-1.4482	-0.163005
-1.45414	-0.162889
-1.45998	-0.162072
-1.46592	-0.161323
-1.47267	-0.160154
-1.47917	-0.158816
-1.48622	-0.15758
-1.4931	-0.156377
-1.50058	-0.155178
-1.50767	-0.1539
-1.51533	-0.15272
-1.52283	-0.151562
-1.53009	-0.150416
-1.53715	-0.149337
-1.54431	-0.148175
-1.54987	-0.14759
-1.55572	-0.14694
-1.56156	-0.145958
-1.56732	-0.144748
-1.57325	-0.143573
-1.57881	-0.14199
-1.58423	-0.140309
-1.58948	-0.138315
-1.59488	-0.136274
-1.60034	-0.134161
-1.60538	-0.132356
-1.60967	-0.130716
-1.61411	-0.129068
-1.61938	-0.127089
-1.62476	-0.125011
-1.63027	-0.12267
-1.63563	-0.119896
-1.64168	-0.116251
-1.64771	-0.112448
-1.653	-0.108223
-1.65823	-0.10363
-1.66338	-0.0991866
-1.6687	-0.0951027
-1.67425	-0.0913884
-1.67972	-0.0877192
-1.68542	-0.0842355
-1.69055	-0.0800134
-1.69533	-0.0758278
-1.69924	-0.0715114
-1.70321	-0.0669793
-1.70783	-0.0627925
-1.71248	-0.0585741
-1.71728	-0.0539229
-1.72132	-0.0486447
-1.72535	-0.0434242
-1.72901	-0.0383608
-1.73209	-0.0324067
-1.73472	-0.0260638
-1.73767	-0.0199652
-1.74091	-0.013941
-1.74403	-0.0079838
-1.74691	-0.00129017
-1.74943	0.00523819
-1.7519	0.0112829
-1.75412	0.0172189
-1.75619	0.0232194
-1.7585	0.0300848
-1.76041	0.0366261
-1.76213	0.0429879
-1.76378	0.0490389
-1.7654	0.0551919
-1.7675	0.0610595
-1.76934	0.0671404
-1.77111	0.0732504
-1.77289	0.0798106
-1.7736	0.0861457
-1.77429	0.0924671
-1.77491	0.0986469
-1.77568	0.10496
-1.77701	0.111334
-1.77813	0.117869
-1.77927	0.124213
-1.7803	0.130131
-1.78139	0.136253
-1.7825	0.142229
-1.78335	0.148627
-1.78433	0.155218
-1.78546	0.161694
-1.78646	0.168084
-1.78761	0.174622
-1.78915	0.181477
-1.79076	0.188055
-1.79219	0.194911
-1.7931	0.201445
-1.79433	0.207773
-1.79546	0.21444
-1.79642	0.220866
-1.79752	0.227517
-1.79985	0.234183
-1.80262	0.240621
-1.80541	0.246831
-1.80833	0.252989
-1.81132	0.258983
-1.81478	0.264509
-1.81835	0.2699
-1.82192	0.275142
-1.82521	0.280604
-1.82854	0.28591
-1.83137	0.291107
-1.83433	0.295412
-1.83716	0.299815
-1.84072	0.304664
-1.84464	0.309774
-1.84863	0.314978
-1.85269	0.320006
-1.85605	0.32539
-1.85915	0.331191
-1.86169	0.336013
-1.86499	0.340275
-1.86873	0.344638
-1.87247	0.350153
-1.87621	0.355625
-1.8797	0.361039
-1.88306	0.366353
-1.88627	0.372651
-1.88913	0.379336
-1.89209	0.385882
-1.89499	0.392177
-1.89779	0.398361
-1.90069	0.404458
-1.90357	0.410524
-1.90608	0.417215
-1.90815	0.424293
-1.91003	0.430748
-1.91247	0.436396
-1.91441	0.442606
-1.9163	0.44909
-1.91845	0.455256
-1.92068	0.461356
-1.92285	0.466678
-1.92479	0.472077
-1.92774	0.477106
-1.93071	0.482252
-1.9335	0.487468
-1.93632	0.492648
-1.93972	0.497838
-1.9427	0.503054
-1.94539	0.508017
-1.94843	0.512952
-1.95148	0.517635
-1.95428	0.522279
-1.95677	0.527562
-1.95934	0.533029
-1.96164	0.538929
-1.96474	0.545569
-1.96773	0.552105
-1.97087	0.558535
-1.97496	0.565027
-1.97882	0.570893
-1.98255	0.576889
-1.98593	0.582436
-1.98897	0.58767
-1.99147	0.592765
-1.99375	0.598297
-1.99659	0.603664
-1.9999	0.608895
-2.00331	0.61374
-2.0068	0.618127
-2.01007	0.623002
-2.01438	0.627803
-2.01862	0.632596
-2.0226	0.637362
-2.02742	0.643072
-2.03255	0.648422
-2.03794	0.653422
-2.043	0.658258
-2.0471	0.662984
-2.05135	0.668012
-2.05538	0.672593
-2.05951	0.677176
-2.06368	0.681698
-2.06823	0.687112
-2.07268	0.692545
-2.07748	0.697888
-2.08104	0.702936
-2.08462	0.708584
-2.0881	0.714338
-2.09135	0.719904
-2.09483	0.725848
-2.0983	0.731864
-2.10162	0.737416
-2.10466	0.743155
-2.10723	0.749147
-2.1109	0.754157
-2.11417	0.759118
-2.11751	0.764207
-2.12064	0.769917
-2.12309	0.774844
-2.12578	0.780163
-2.12848	0.785728
-2.13118	0.79133
-2.13399	0.796904
-2.13673	0.802572
-2.139	0.808003
-2.14144	0.813935
-2.14395	0.819592
-2.14709	0.825101
-2.15027	0.830079
-2.15308	0.835165
-2.15578	0.840568
-2.15787	0.845785
-2.16022	0.850852
-2.16219	0.856272
-2.16434	0.861955
-2.16667	0.867626
-2.16798	0.872777
-2.16958	0.877706
-2.17103	0.882805
-2.17249	0.887917
-2.17392	0.893264
-2.17593	0.898964
-2.17834	0.904224
-2.1805	0.909642
-2.18303	0.915132
-2.18524	0.920635
-2.18759	0.926327
-2.18982	0.932084
-2.19187	0.938037
-2.19334	0.944342
-2.19482	0.950705
-2.19635	0.956993
-2.19799	0.963071
-2.19954	0.968692
-2.20149	0.973887
-2.20337	0.980397
-2.20537	0.986515
-2.20743	0.991866
-2.20954	0.997324
-2.21173	1.00288
-2.2144	1.00845
-2.2173	1.01413
-2.22011	1.01999
-2.22264	1.02553
-2.22529	1.03104
-2.2276	1.03686
-2.22971	1.04285
-2.232	1.0488
-2.23389	1.05447
-2.23565	1.05996
-2.23779	1.06546
-2.23969	1.07136
-2.2422	1.07686
-2.24477	1.08227
-2.24818	1.08779
-2.25155	1.09333
-2.25474	1.09917
-2.25878	1.1052
-2.26304	1.1115
-2.26682	1.11833
-2.27036	1.12467
-2.27377	1.13086
-2.27746	1.1371
-2.28113	1.14319
-2.28467	1.14894
-2.28816	1.15465
-2.29157	1.16034
-2.29498	1.16594
-2.29821	1.17134
-2.3013	1.17702
-2.30464	1.18289
-2.30747	1.18897
-2.30966	1.19429
-2.31147	1.20039
-2.31325	1.20665
-2.31505	1.21258
-2.31714	1.2184
-2.31904	1.22439
-2.32035	1.23046
-2.32127	1.23687
-2.32205	1.24318
-2.32321	1.24983
-2.32452	1.2563
-2.32552	1.26351
-2.32692	1.2699
-2.32832	1.27627
-2.32973	1.28267
-2.33128	1.28896
-2.333	1.29479
-2.33491	1.30068
-2.33671	1.30674
-2.33888	1.31301
-2.34067	1.31888
-2.34239	1.32432
-2.34411	1.32979
-2.34613	1.33552
-2.34811	1.34138
-2.34931	1.34743
-2.35052	1.35377
-2.35175	1.36009
-2.35302	1.36749
-2.35425	1.37476
-2.35464	1.38211
-2.3547	1.38957
-2.35447	1.39759
-2.35376	1.40591
-2.35305	1.41375
-2.35334	1.42182
-2.35467	1.42887
-2.35597	1.4357
-2.35751	1.44211
-2.35948	1.4483
-2.36142	1.45438
-2.3631	1.46087
-2.36446	1.46717
-2.3652	1.47337
-2.36589	1.47999
-2.36712	1.48759
-2.36835	1.49478
-2.36943	1.50156
-2.37048	1.50831
-2.37118	1.51531
-2.37215	1.52273
-2.37275	1.52979
-2.37316	1.5369
-2.37356	1.54315
-2.37351	1.54953
-2.37323	1.55652
-2.3728	1.56336
-2.37276	1.57028
-2.37253	1.57732
-2.37189	1.58417
-2.37125	1.59062
-2.3709	1.59747
-2.37035	1.60398
-2.36977	1.61127
-2.36904	1.61869
-2.36832	1.62624
-2.36795	1.63347
-2.36811	1.6404
-2.36804	1.64774
-2.36766	1.65525
-2.36734	1.66249
-2.36712	1.66963
-2.36665	1.67674
-2.36553	1.68347
-2.36508	1.68981
-2.36462	1.69616
-2.36402	1.70242
-2.36326	1.70898
-2.36316	1.71504
-2.36301	1.72112
-2.36285	1.72748
-2.36315	1.73364
-2.36345	1.73984
-2.36431	1.74613
-2.36491	1.7518
-2.36551	1.75785
-2.36554	1.76392
-2.36522	1.7707
-2.36491	1.77739
-2.3645	1.78403
-2.3641	1.79069
-2.36344	1.79702
-2.36304	1.80328
-2.36306	1.80951
-2.36367	1.81519
-2.36407	1.82096
-2.36459	1.8267
-2.3652	1.83248
-2.36555	1.83846
-2.36571	1.84457
-2.36601	1.85061
-2.36636	1.8561
-2.3669	1.86174
-2.36749	1.86754
-2.36815	1.87335
-2.36884	1.87939
-2.36929	1.88552
-2.36971	1.89166
-2.37038	1.89704
-2.37139	1.90204
-2.37227	1.90709
-2.37332	1.9124
-2.37373	1.91777
-2.37411	1.92331
-2.3742	1.92964
-2.37348	1.93583
-2.37275	1.94154
-2.37192	1.94709
-2.371	1.95286
-2.36953	1.95857
-2.3689	1.96405
-2.36837	1.96923
-2.36784	1.97468
-2.36737	1.98
-2.36668	1.98583
-2.36635	1.99235
-2.36611	1.9989
-2.36572	2.00537
-2.36509	2.01193
-2.36446	2.01841
-2.3638	2.02491
-2.36268	2.032
-2.36189	2.03879
-2.36128	2.04544
-2.36055	2.05265
-2.3592	2.05964
-2.35859	2.06695
-2.3582	2.07427
-2.3579	2.08141
-2.35762	2.08839
-2.35828	2.09522
-2.35904	2.10195
-2.35949	2.1081
-2.35994	2.11428
-2.36006	2.12094
-2.35994	2.12664
-2.35971	2.13284
-2.35871	2.13845
-2.35766	2.14421
-2.35654	2.14976
-2.35548	2.15544
-2.35488	2.16136
-2.35435	2.16639
-2.3538	2.17166
-2.35322	2.17713
-2.35235	2.1833
-2.35163	2.1895
-2.35118	2.19589
-2.3504	2.20323
-2.35059	2.21041
-2.35056	2.21766
-2.35028	2.22525
-2.35027	2.23218
-2.35026	2.23912
-2.35007	2.24559
-2.35003	2.25165
-2.34917	2.25771
-2.34803	2.26386
-2.34692	2.26891
-2.34616	2.27404
-2.34626	2.27901
-2.34569	2.28387
-2.34446	2.28889
-2.34314	2.29438
-2.3421	2.30024
-2.34129	2.30627
-2.34047	2.31235
-2.33965	2.31845
-2.3391	2.32454
-2.33815	2.33133
-2.33748	2.33846
-2.33666	2.34632
-2.33587	2.35414
-2.33532	2.36211
-2.33436	2.36936
-2.33375	2.37616
-2.33328	2.3829
-2.33311	2.38945
-2.3329	2.39648
-2.33296	2.40289
-2.33273	2.40918
-2.33282	2.41576
-2.33276	2.42203
-2.33264	2.42787
-2.33212	2.43309
-2.33149	2.43848
-2.33137	2.44377
-2.33112	2.44912
-2.33125	2.45519
-2.3313	2.46137
-2.33128	2.46775
-2.33107	2.47465
-2.33056	2.48125
-2.33023	2.48792
-2.32978	2.49453
-2.3291	2.50113
-2.32854	2.50762
-2.32873	2.51423
-2.32918	2.52057
-2.32998	2.52578
-2.33087	2.5312
-2.33098	2.53635
-2.33063	2.54125
-2.33045	2.54633
-2.33026	2.55165
-2.32998	2.55748
-2.32965	2.56312
-2.32866	2.56898
-2.32679	2.57448
-2.32484	2.58004
-2.32244	2.58571
-2.31992	2.59173
-2.31758	2.59717
-2.31476	2.60248
-2.31215	2.6072
-2.30949	2.61187
-2.30651	2.61695
-2.30438	2.62236
-2.30218	2.62753
-2.29987	2.63296
-2.29759	2.63852
-2.29521	2.64408
-2.29286	2.64994
-2.29052	2.65584
-2.28844	2.66155
-2.28608	2.66722
-2.28449	2.67287
-2.28317	2.67946
-2.282	2.68594
-2.28094	2.69253
-2.27973	2.69903
-2.27854	2.70532
-2.27713	2.71147
-2.27572	2.71764
-2.2742	2.72405
-2.2727	2.73044
-2.27106	2.73697
-2.26953	2.74334
-2.26807	2.74966
-2.26661	2.75717
-2.26497	2.76462
-2.26334	2.77199
-2.26167	2.77893
-2.26085	2.78591
-2.26004	2.79277
-2.2594	2.79951
-2.25834	2.80629
-2.25734	2.8128
-2.25612	2.82007
-2.25488	2.82635
-2.25392	2.83202
-2.2538	2.83852
-2.25369	2.84496
-2.25336	2.85145
-2.25274	2.858
-2.25212	2.86452
-2.25162	2.87084
-2.25074	2.87728
-2.24969	2.88367

-2.24853	-2.89002
-2.24816	-2.88343
-2.24754	-2.8766
-2.24666	-2.86933
-2.24608	-2.86224
-2.24573	-2.85583
-2.24559	-2.84936
-2.24551	-2.84289
-2.24543	-2.83645
-2.2449	-2.83032
-2.24447	-2.82456
-2.2433	-2.8183
-2.2426	-2.812
-2.24274	-2.80607
-2.2431	-2.79993
-2.24271	-2.79373
-2.24243	-2.78748
-2.24215	-2.78129
-2.24187	-2.77506
-2.24162	-2.76953
-2.24106	-2.76305
-2.24022	-2.75673
-2.23926	-2.75031
-2.23824	-2.74389
-2.23756	-2.73723
-2.237	-2.73108
-2.23604	-2.72516
-2.2354	-2.71906
-2.23481	-2.71361
-2.23554	-2.7077
-2.23606	-2.70173
-2.23613	-2.69492
-2.23614	-2.68809
-2.2359	-2.68163
-2.23571	-2.6752
-2.23578	-2.66888
-2.23571	-2.66194
-2.2358	-2.65514
-2.23597	-2.64852
-2.23567	-2.6417
-2.23563	-2.63543
-2.2356	-2.62914
-2.23535	-2.62262
-2.23521	-2.61644
-2.23509	-2.61054
-2.23476	-2.60483
-2.23442	-2.59897
-2.2342	-2.59264
-2.23462	-2.58631
-2.2351	-2.57998
-2.23552	-2.57399
-2.23602	-2.56789
-2.23601	-2.56175
-2.23604	-2.55555
-2.23599	-2.54928
-2.23589	-2.54293
-2.23586	-2.53662
-2.23542	-2.53051
-2.23507	-2.5244
-2.23444	-2.51823
-2.23356	-2.51136
-2.23273	-2.50459
-2.23166	-2.4976
-2.23081	-2.491
-2.22997	-2.48443
-2.22874	-2.47806
-2.22809	-2.47103
-2.22743	-2.46478
-2.22676	-2.45852
-2.22618	-2.45226
-2.22555	-2.44613
-2.22597	-2.44013
-2.22635	-2.43396
-2.22655	-2.42726
-2.22679	-2.42061
-2.22747	-2.4144
-2.22834	-2.40755
-2.2286	-2.40046
-2.22879	-2.39324
-2.22745	-2.38593
-2.22637	-2.37895
-2.22522	-2.37191
-2.22411	-2.36508
-2.22254	-2.35884
-2.2206	-2.35247
-2.21868	-2.34611
-2.21645	-2.33957
-2.21476	-2.33359
-2.21264	-2.32832
-2.21047	-2.32264
-2.20849	-2.31649
-2.20723	-2.31032
-2.20585	-2.30377
-2.20467	-2.2971
-2.20361	-2.29048
-2.20287	-2.28456
-2.20236	-2.27834
-2.2017	-2.27174
-2.20107	-2.26462
-2.2002	-2.25817
-2.19957	-2.25183
-2.19889	-2.24643
-2.19829	-2.24051
-2.19773	-2.23399
-2.19717	-2.22752
-2.19614	-2.22038
-2.19431	-2.21308
-2.19273	-2.20584
-2.19119	-2.19874
-2.19007	-2.19248
-2.18899	-2.18606
-2.18804	-2.1798
-2.18713	-2.17291
-2.18608	-2.16564
-2.18498	-2.15855
-2.18362	-2.15115
-2.18252	-2.14432
-2.18149	-2.13771
-2.1805	-2.13106
-2.17975	-2.12464
-2.17894	-2.11837
-2.1783	-2.11197
-2.17748	-2.10572
-2.17649	-2.09956
-2.17522	-2.09341
-2.17428	-2.08732
-2.17312	-2.08126
-2.17188	-2.07516
-2.17062	-2.06894
-2.16956	-2.06294
-2.16827	-2.05691
-2.16722	-2.05091
-2.16646	-2.04487
-2.16521	-2.0386
-2.16427	-2.03213
-2.16336	-2.02564
-2.16197	-2.01893
-2.16062	-2.01268
-2.15921	-2.0068
-2.15781	-2.00082
-2.15649	-1.99468
-2.15501	-1.98848
-2.15389	-1.98154
-2.15265	-1.97492
-2.15148	-1.9685
-2.15069	-1.96205
-2.15003	-1.95551
-2.14909	-1.94877
-2.14838	-1.94159
-2.14742	-1.93411
-2.14658	-1.92614
-2.14549	-1.91815
-2.14418	-1.91019
-2.14243	-1.9024
-2.14075	-1.89493
-2.13917	-1.88864
-2.13818	-1.88234
-2.13697	-1.87578
-2.13565	-1.8688
-2.13442	-1.86153
-2.1332	-1.85446
-2.13281	-1.84732
-2.13284	-1.84014
-2.13251	-1.83335
-2.13241	-1.82629
-2.13206	-1.82044
-2.1317	-1.81542
-2.13123	-1.81086
-2.13073	-1.80603
-2.13117	-1.80172
-2.13099	-1.79704
-2.13087	-1.79204
-2.13073	-1.78672
-2.13068	-1.78156
-2.13092	-1.77627
-2.13118	-1.77076
-2.1308	-1.76471
-2.13049	-1.75871
-2.13037	-1.75261
-2.12996	-1.74641
-2.12916	-1.74011
-2.1284	-1.73393
-2.12718	-1.72729
-2.12602	-1.72078
-2.12392	-1.7141
-2.12175	-1.70755
-2.11974	-1.70021
-2.11768	-1.69291
-2.11588	-1.68579
-2.11551	-1.67903
-2.11515	-1.67232
-2.11512	-1.66603
-2.11493	-1.65968
-2.11459	-1.65331
-2.11485	-1.64673
-2.11549	-1.64013
-2.11594	-1.63359
-2.1162	-1.62627
-2.11643	-1.61844
-2.11703	-1.61098
-2.11764	-1.60374
-2.1177	-1.59702
-2.11777	-1.59035
-2.11773	-1.58335
-2.11703	-1.57676
-2.11625	-1.57057
-2.11528	-1.56404
-2.11416	-1.55777
-2.11345	-1.55153
-2.11307	-1.54513
-2.11294	-1.53836
-2.11279	-1.53156
-2.112	-1.52504
-2.11123	-1.51854
-2.11002	-1.51185
-2.10908	-1.50505
-2.10776	-1.49829
-2.10687	-1.49162
-2.10599	-1.48496
-2.1051	-1.47841
-2.1055	-1.47188
-2.10559	-1.46521
-2.10564	-1.45991
-2.10568	-1.45445
-2.10536	-1.44885
-2.10479	-1.44314
-2.1042	-1.43731
-2.10358	-1.43117
-2.1036	-1.42524
-2.10372	-1.41917
-2.10426	-1.41292
-2.10546	-1.40685
-2.10678	-1.40079
-2.10806	-1.39465
-2.10938	-1.38845
-2.11092	-1.38198
-2.11248	-1.3757
-2.11338	-1.36987
-2.11409	-1.36385
-2.11481	-1.3577
-2.11544	-1.35163
-2.11614	-1.34519
-2.11721	-1.3386
-2.11889	-1.33241
-2.12077	-1.32586
-2.12303	-1.31914
-2.12563	-1.3114
-2.12848	-1.30386
-2.13155	-1.29652
-2.13476	-1.28927
-2.13861	-1.28271
-2.14304	-1.27633
-2.14735	-1.27032
-2.15094	-1.26475
-2.15449	-1.25927
-2.15785	-1.25357
-2.16116	-1.24787
-2.16494	-1.242
-2.16845	-1.23672
-2.1717	-1.23129
-2.17503	-1.22564
-2.17835	-1.22004
-2.18179	-1.21462
-2.1852	-1.20917
-2.18878	-1.20373
-2.19202	-1.1987
-2.19544	-1.19331
-2.19886	-1.18791
-2.20256	-1.18156
-2.2063	-1.17477
-2.21046	-1.16838
-2.21516	-1.16146
-2.22022	-1.15431
-2.22521	-1.14785
-2.23068	-1.14161
-2.23591	-1.1358
-2.24127	-1.13008
-2.24648	-1.1238
-2.25161	-1.11765
-2.25654	-1.11178
-2.26125	-1.10727
-2.2656	-1.10246
-2.27	-1.09736
-2.27433	-1.09232
-2.27873	-1.08807
-2.28339	-1.08366
-2.28804	-1.07926
-2.29262	-1.07481
-2.29755	-1.06975
-2.30253	-1.06471
-2.30775	-1.05976
-2.31278	-1.0547
-2.31777	-1.05049
-2.32318	-1.04614
-2.32836	-1.04176
-2.33368	-1.03752
-2.33899	-1.03295
-2.34417	-1.02842
-2.34916	-1.02419
-2.35451	-1.01918
-2.35989	-1.01431
-2.36526	-1.00928
-2.37017	-1.00493
-2.37528	-1.00025
-2.37994	-0.995939
-2.38442	-0.991542
-2.38872	-0.987175
-2.39313	-0.982213
-2.39757	-0.977318
-2.40205	-0.972499
-2.40665	-0.967692
-2.41098	-0.96254
-2.41596	-0.95721
-2.42055	-0.951613
-2.42531	-0.946048
-2.4302	-0.940984
-2.43535	-0.936127
-2.44029	-0.930984
-2.44492	-0.926119
-2.44948	-0.921322
-2.45411	-0.91639
-2.45869	-0.911514
-2.46334	-0.906364
-2.46814	-0.901382
-2.47292	-0.895949
-2.47742	-0.890518
-2.48228	-0.884837
-2.48728	-0.878864
-2.49222	-0.873042
-2.4968	-0.867929
-2.50135	-0.862474
-2.50573	-0.857238
-2.50929	-0.852062
-2.51284	-0.847019
-2.517	-0.841984
-2.52115	-0.837275
-2.52513	-0.833035
-2.52909	-0.829011
-2.5331	-0.825611
-2.53727	-0.82207
-2.54164	-0.818442
-2.54636	-0.814821
-2.55114	-0.81111
-2.55615	-0.807563
-2.56081	-0.803677
-2.56541	-0.799215
-2.56992	-0.794896
-2.57358	-0.789853
-2.57681	-0.78452
-2.58058	-0.778933
-2.58421	-0.773341
-2.58777	-0.767289
-2.59089	-0.760856
-2.59399	-0.754486
-2.59675	-0.748638
-2.59905	-0.742872
-2.60164	-0.736774
-2.60434	-0.730643
-2.6071	-0.724569
-2.61004	-0.718085
-2.61352	-0.710942
-2.61659	-0.704244
-2.61958	-0.698321
-2.62256	-0.692442
-2.62553	-0.686598
-2.6284	-0.680702
-2.63119	-0.674813
-2.634	-0.669756
-2.63663	-0.664592
-2.64001	-0.65977
-2.64235	-0.655838
-2.64483	-0.651606
-2.64804	-0.647263
-2.65177	-0.642777
-2.65534	-0.638427
-2.65896	-0.632811
-2.66219	-0.628014
-2.66542	-0.623128
-2.66836	-0.618321
-2.67125	-0.613431
-2.67406	-0.608072
-2.6769	-0.602573
-2.67971	-0.597204
-2.68235	-0.592178
-2.68532	-0.587578
-2.68857	-0.582686
-2.6916	-0.577879
-2.69475	-0.573012
-2.69817	-0.5674
-2.70108	-0.562526
-2.70496	-0.558034
-2.70888	-0.553575
-2.7127	-0.549021
-2.71619	-0.544516
-2.71998	-0.540284
-2.72358	-0.535849
-2.72677	-0.53171
-2.72944	-0.527094
-2.73224	-0.522222
-2.7351	-0.518365
-2.73788	-0.51444
-2.74112	-0.510227
-2.74402	-0.505559
-2.74643	-0.501123
-2.74958	-0.496573
-2.75326	-0.491557
-2.75665	-0.487445
-2.76077	-0.483081
-2.76529	-0.478237
-2.76999	-0.473656
-2.77471	-0.469005
-2.77902	-0.464917
-2.78462	-0.46186
-2.78956	-0.458246
-2.79457	-0.454567
-2.79975	-0.450844
-2.80543	-0.447444
-2.81077	-0.444556
-2.81591	-0.441898
-2.82176	-0.438658
-2.82761	-0.435597
-2.83322	-0.432961
-2.83881	-0.431014
-2.84455	-0.429351
-2.85023	-0.428023
-2.85606	-0.426698
-2.86123	-0.425281
-2.86656	-0.423164
-2.87237	-0.420872
-2.87899	-0.419097
-2.88527	-0.416848

2.88898	-0.415162
2.88282	-0.41337
2.87701	-0.411007
2.87109	-0.408528
2.86543	-0.406589
2.86002	-0.405373
2.85443	-0.404077
2.84871	-0.40276
2.84314	-0.401863
2.83735	-0.401046
2.83161	-0.399474
2.82568	-0.397911
2.81987	-0.396355
2.81402	-0.394419
2.80772	-0.392692
2.80096	-0.390636
2.79558	-0.3879
2.78959	-0.384639
2.78342	-0.381282
2.77743	-0.37774
2.77139	-0.374209
2.76636	-0.370394
2.76161	-0.367139
2.75734	-0.36423
2.75305	-0.361481
2.74818	-0.359798
2.74305	-0.358042
2.73775	-0.356211
2.73235	-0.354642
2.7268	-0.35295
2.7212	-0.351395
2.7158	-0.3491
2.71027	-0.346447
2.70432	-0.344684
2.69809	-0.343261
2.6918	-0.341854
2.68526	-0.340394
2.67897	-0.338865
2.67233	-0.33816
2.6648	-0.338208
2.65784	-0.338661
2.65096	-0.339129
2.6444	-0.339362
2.63808	-0.33966
2.63113	-0.340313
2.62396	-0.340834
2.61697	-0.341685
2.61008	-0.343607
2.60305	-0.345034
2.59629	-0.346797
2.58906	-0.348633
2.58171	-0.350937
2.57427	-0.353716
2.56712	-0.356417
2.55967	-0.359333
2.55229	-0.362274
2.54523	-0.364894
2.53804	-0.367649
2.5307	-0.369776
2.52329	-0.37157
2.51638	-0.373098
2.50945	-0.37479
2.50241	-0.37678
2.49588	-0.378695
2.48963	-0.380482
2.48325	-0.38231
2.47724	-0.383419
2.47132	-0.384207
2.46467	-0.384565
2.45818	-0.384901
2.45149	-0.385312
2.44489	-0.385632
2.4384	-0.386368
2.43206	-0.387186
2.42569	-0.388132
2.41925	-0.389055
2.41283	-0.389958
2.40646	-0.39051
2.40005	-0.391385
2.39382	-0.391844
2.38707	-0.391569
2.38006	-0.39111
2.37352	-0.391084
2.36561	-0.391286
2.35809	-0.391301
2.35083	-0.391134
2.3436	-0.390745
2.33665	-0.390357
2.32984	-0.389946
2.32301	-0.389232
2.31645	-0.388216
2.30988	-0.38755
2.30288	-0.386434
2.29509	-0.385488
2.28815	-0.384476
2.28078	-0.383587
2.27367	-0.382726
2.26717	-0.382438
2.26066	-0.382198
2.25462	-0.381771
2.24849	-0.381391
2.24222	-0.380978
2.23606	-0.38034
2.22979	-0.380031
2.22351	-0.379733
2.21722	-0.379366
2.21111	-0.379114
2.20412	-0.378643
2.19747	-0.378212
2.19085	-0.377769
2.18379	-0.376084
2.1769	-0.374446
2.16994	-0.373797
2.16339	-0.372541
2.1569	-0.370623
2.15065	-0.368783
2.14481	-0.366311
2.13891	-0.36387
2.1331	-0.361445
2.12728	-0.359029
2.12158	-0.356698
2.11605	-0.354708
2.11048	-0.353018
2.10538	-0.351339
2.10042	-0.34946
2.09526	-0.347679
2.09006	-0.345592
2.08475	-0.343742
2.07941	-0.342281
2.07398	-0.341086
2.06805	-0.340715
2.06169	-0.34078
2.05529	-0.34085
2.04888	-0.340926
2.04253	-0.340977
2.03623	-0.340807
2.02998	-0.340508
2.02372	-0.340145
2.0174	-0.339799
2.01171	-0.339313
2.00581	-0.338813
1.99984	-0.338291
1.99363	-0.337954
1.98746	-0.337736
1.98121	-0.337742
1.97458	-0.337693
1.96792	-0.337879
1.96151	-0.338109
1.9554	-0.338815
1.94926	-0.339553
1.9428	-0.339968
1.93693	-0.340496
1.93087	-0.340993
1.92413	-0.340808
1.91752	-0.340789
1.9109	-0.340328
1.90497	-0.339366
1.89855	-0.338403
1.8922	-0.337877
1.88651	-0.338706
1.88074	-0.339409
1.87497	-0.339863
1.86874	-0.339745
1.86165	-0.339751
1.85439	-0.33965
1.8471	-0.339401
1.84001	-0.339162
1.8328	-0.338762
1.82576	-0.338299
1.8193	-0.338177
1.81333	-0.337786
1.80751	-0.337398
1.80107	-0.337431
1.79482	-0.336609
1.78858	-0.335629
1.78268	-0.334193
1.77675	-0.332922
1.77116	-0.331247
1.76491	-0.329878
1.7586	-0.328391
1.75311	-0.326721
1.74756	-0.324689
1.74192	-0.322627
1.73615	-0.320474
1.73033	-0.318295
1.72441	-0.316246
1.71844	-0.314229
1.71221	-0.312286
1.70536	-0.309957
1.69861	-0.307651
1.69305	-0.306321
1.6875	-0.304971
1.68157	-0.303453
1.67605	-0.302262
1.67058	-0.300868
1.66492	-0.299735
1.6592	-0.298671
1.65357	-0.297299
1.64772	-0.295981
1.64139	-0.294447
1.63503	-0.293002
1.62951	-0.290963
1.62317	-0.289444
1.61674	-0.287819
1.61004	-0.285687
1.60369	-0.283235
1.59754	-0.280743
1.59156	-0.278533
1.58672	-0.276544
1.582	-0.275085
1.57691	-0.273654
1.57194	-0.271445
1.56675	-0.268945
1.56171	-0.265948
1.55669	-0.262859
1.55123	-0.260041
1.54569	-0.257817
1.54019	-0.255393
1.53383	-0.252938
1.52752	-0.250463
1.52134	-0.248309
1.51593	-0.24623
1.51043	-0.244046
1.50535	-0.2416
1.50002	-0.239953
1.49425	-0.237678
1.48845	-0.235304
1.48262	-0.232932
1.47685	-0.230245
1.47092	-0.227542
1.46439	-0.224616
1.45835	-0.221866
1.45253	-0.21893
1.44716	-0.215702
1.44187	-0.212719
1.43685	-0.210315
1.43156	-0.20788
1.42645	-0.205494
1.42107	-0.202526
1.41498	-0.199104
1.40842	-0.196465
1.40197	-0.193875
1.39568	-0.191295
1.38996	-0.188815
1.38412	-0.186651
1.37831	-0.18474
1.37274	-0.182844
1.36815	-0.181068
1.36329	-0.179524
1.35817	-0.177953
1.35287	-0.176445
1.34729	-0.17518
1.34129	-0.173908
1.33542	-0.172778
1.32984	-0.172137
1.32374	-0.171069
1.31762	-0.169901
1.31234	-0.16911
1.30642	-0.168557
1.30067	-0.167718
1.29482	-0.167394
1.28885	-0.166962
1.28279	-0.166733
1.27647	-0.166668
1.26964	-0.167001
1.26304	-0.167294
1.25644	-0.167561
1.25008	-0.168285
1.24398	-0.168833
1.23866	-0.168677
1.23308	-0.167997
1.22731	-0.167218
1.2217	-0.16698
1.2161	-0.166946
1.20995	-0.166864
1.20375	-0.166788
1.19751	-0.166585
1.19132	-0.165411
1.18508	-0.163841
1.17916	-0.161938
1.17309	-0.160224
1.16697	-0.158076
1.16085	-0.154743
1.15529	-0.151257
1.14936	-0.147719
1.14352	-0.144239
1.13768	-0.140589
1.1318	-0.136931
1.12612	-0.133554
1.12085	-0.129841
1.11473	-0.12656
1.10916	-0.123885
1.10359	-0.12111
1.09783	-0.118306
1.09179	-0.115515
1.08623	-0.112906
1.08155	-0.110247
1.07658	-0.107818
1.07131	-0.105155
1.06604	-0.102356
1.06045	-0.0993663
1.05512	-0.0958055
1.04921	-0.0917204
1.04318	-0.0875252
1.03728	-0.0833649
1.03116	-0.0790946
1.0252	-0.0750624
1.01939	-0.0707908
1.01375	-0.0672013
1.00754	-0.0632363
1.00145	-0.0593615
0.995516	-0.055694
0.989447	-0.0520059
0.983487	-0.0478606
0.977615	-0.04376
0.972231	-0.0403742
0.966758	-0.0366364
0.96159	-0.0334194
0.956851	-0.0302065
0.951983	-0.0270758
0.946899	-0.0238048
0.941836	-0.0204852
0.936436	-0.0176396
0.930928	-0.0147434
0.924864	-0.0109977
0.918956	-0.00733558
0.913137	-0.00429813
0.907843	-0.00113599
0.902821	0.00145881
0.897897	0.0045294
0.893422	0.0075467
0.888902	0.0106453
0.883784	0.0138695
0.878589	0.0171173
0.873243	0.0196028
0.867957	0.0221547
0.862705	0.025163
0.856912	0.0284867
0.850941	0.0318828
0.845051	0.0352301
0.838725	0.0382003
0.832597	0.0407653
0.826545	0.0429561
0.820625	0.0453248
0.81436	0.0477971
0.808662	0.0500193
0.803069	0.052367
0.797351	0.055001
0.7917	0.0575633
0.786049	0.06039
0.780355	0.0632115
0.774731	0.0658936
0.768663	0.0674775
0.762398	0.0691196
0.756521	0.0707837
0.75058	0.0726471
0.744824	0.0746121
0.739079	0.0765773
0.733545	0.0786752
0.72809	0.0814009
0.722518	0.0842863
0.716151	0.0883595
0.710174	0.092369
0.703884	0.096604
0.697966	0.10053
0.69218	0.10439
0.687139	0.107716
0.682067	0.111432
0.676316	0.114689
0.670726	0.117837
0.665139	0.120983
0.659666	0.123278
0.65469	0.124893
0.64938	0.127196
0.643969	0.128704
0.638416	0.130411
0.632365	0.132363
0.62632	0.13431
0.620349	0.136292
0.613872	0.138428
0.607379	0.140502
0.601424	0.143052
0.596132	0.145576
0.590438	0.148484
0.584648	0.150962
0.579158	0.153489
0.573741	0.15568
0.568399	0.157733
0.562957	0.159793
0.557665	0.161783
0.551971	0.164121
0.546065	0.166168
0.54	0.167813
0.534266	0.169222
0.528095	0.170371
0.521762	0.171645
0.5153	0.172792
0.508692	0.173838
0.501558	0.175068
0.493602	0.177308
0.486098	0.179105
0.478793	0.180868
0.471581	0.182287
0.464838	0.183472
0.458186	0.184625
0.451759	0.186449
0.445805	0.187879
0.439687	0.18881
0.433252	0.189641
0.426813	0.190581
0.420828	0.191479
0.414593	0.19234
0.408524	0.193704
0.402356	0.195474
0.396952	0.197038
0.391088	0.198743
0.38492	0.200349
0.378611	0.201637
0.372165	0.203063
0.365359	0.204908
0.358735	0.207052
0.352041	0.208993
0.345747	0.211118
0.339238	0.212522
0.332715	0.213671
0.326246	0.21482
0.319811	0.216002
0.313306	0.217173
0.306823	0.218897
0.299851	0.221088
0.293379	0.223451
0.287356	0.225574
0.281242	0.227927
0.27516	0.230292
0.268785	0.232434
0.262731	0.234561
0.256712	0.236588
0.250692	0.238617
0.244525	0.2403
0.23906	0.241457
0.233484	0.242873
0.228067	0.244376
0.222575	0.245897
0.217254	0.247555
0.211756	0.249712
0.205934	0.251845
0.200108	0.253809
0.194453	0.255564
0.189028	0.257593
0.182997	0.259557
0.17693	0.261431
0.169767	0.263533
0.162947	0.265702
0.156125	0.267891
0.149173	0.270654
0.142023	0.273036
0.135748	0.274965
0.128557	0.276768
0.121611	0.278514
0.114482	0.279623
0.107503	0.281264
0.100126	0.283151
0.0931343	0.284759
0.0861542	0.286197
0.0792445	0.287439
0.0723369	0.288743
0.0655392	0.290007
0.0588087	0.291285
0.0521115	0.292129
0.0455679	0.293171
0.0384693	0.294192
0.0317403	0.295851
0.0255402	0.297268
0.0189012	0.298098
0.0125019	0.298955
0.00593948	0.299703
-0.00106526	0.299939
-0.00781985	0.300156
-0.0147915	0.300861
-0.0215984	0.301527
-0.0277652	0.301616
-0.0339195	0.301441
-0.0397317	0.301275
-0.0460721	0.301453
-0.0526441	0.301917
-0.059775	0.302533
-0.0666844	0.3036
-0.0733631	0.304311
-0.0800358	0.305076
-0.086552	0.306309
-0.0933709	0.307664
-0.0999039	0.309048
-0.106242	0.310411
-0.112677	0.311514
-0.119066	0.312565
-0.125439	0.313651
-0.131908	0.314815
-0.138342	0.315924
-0.144348	0.317038
-0.149999	0.317962
-0.155982	0.318689
-0.161953	0.319453
-0.168178	0.320345
-0.174177	0.321504
-0.180306	0.322535
-0.18631	0.323948
-0.192937	0.325161
-0.199614	0.326435
-0.206206	0.327695
-0.212831	0.32917
-0.218697	0.330594
-0.224669	0.332024
-0.230467	0.334065
-0.235736	0.33618
-0.240932	0.338319
-0.246282	0.340492
-0.251639	0.342824
-0.256662	0.344626
-0.261078	0.34736
-0.265689	0.350181
-0.270485	0.353181
-0.275385	0.356042
-0.280338	0.359103
-0.285591	0.362022
-0.291428	0.365061
-0.297107	0.367969
-0.302387	0.370867
-0.306996	0.373798
-0.310957	0.376646
-0.31509	0.379865
-0.319794	0.383477
-0.324423	0.387108
-0.32916	0.390847
-0.333896	0.394525
-0.338507	0.397796
-0.34346	0.40069
-0.348248	0.403822
-0.353018	0.406659
-0.357385	0.409674
-0.361999	0.412888
-0.366476	0.416254
-0.371102	0.419691
-0.375755	0.423161
-0.380387	0.426802
-0.385306	0.429881
-0.390527	0.433362
-0.395668	0.437041
-0.401103	0.440688
-0.406637	0.444321
-0.412029	0.448006
-0.417391	0.451765
-0.422057	0.455232
-0.426818	0.458744
-0.431422	0.462342
-0.435522	0.466298
-0.439854	0.470488
-0.444258	0.474703
-0.448426	0.477758
-0.452722	0.480956
-0.457079	0.484377
-0.461235	0.487839
-0.465423	0.491433
-0.469735	0.495128
-0.47421	0.499645
-0.478922	0.503936
-0.482198	0.507978
-0.485577	0.512188
-0.488204	0.516827
-0.49051	0.522567
-0.492878	0.528825
-0.494494	0.534825
-0.496485	0.54095
-0.498927	0.54725
-0.500884	0.553146
-0.502812	0.558939
-0.504831	0.565172
-0.507092	0.571005
-0.509679	0.576151
-0.512076	0.581007
-0.514707	0.585313
-0.517907	0.590588
-0.520994	0.596023
-0.524436	0.601908
-0.527511	0.607692
-0.530623	0.613387
-0.533794	0.618925
-0.537096	0.624732
-0.540463	0.630592
-0.544081	0.636339
-0.547643	0.64227
-0.551458	0.648177
-0.555504	0.654131
-0.560108	0.659947
-0.565032	0.665783
-0.570306	0.671434
-0.576227	0.676701
-0.582009	0.681685
-0.587797	0.687005
-0.593309	0.692141
-0.598631	0.697102
-0.603786	0.702714
-0.60889	0.708125
-0.613938	0.71349
-0.618507	0.718787
-0.623296	0.724116
-0.628143	0.728904
-0.632622	0.73384
-0.636964	0.738703
-0.641886	0.742901
-0.647169	0.747365
-0.652258	0.751748
-0.657275	0.756109
