0.995253	0.0047496
0.990277	0.00915227
0.985248	0.013532
0.980416	0.0179813
0.975624	0.0223799
0.971111	0.0269135
0.966472	0.0314964
0.961868	0.0369828
0.957567	0.0423965
0.953571	0.0474766
0.949887	0.0531025
0.946735	0.0585788
0.944007	0.0642636
0.942089	0.0703766
0.940412	0.0763381
0.938857	0.0820001
0.937058	0.0874336
0.935208	0.0926707
0.933032	0.097809
0.931348	0.103452
0.929219	0.107741
0.926836	0.112128
0.924278	0.117074
0.921493	0.12206
0.918747	0.126653
0.916604	0.129833
0.913736	0.13314
0.910782	0.136638
0.907665	0.140571
0.905364	0.144679
0.903957	0.149118
0.903256	0.153997
0.902924	0.159052
0.90332	0.164391
0.904486	0.169853
0.905647	0.175628
0.907149	0.18209
0.908595	0.188723
0.909809	0.194785
0.911517	0.200654
0.91275	0.206872
0.914183	0.212725
0.915285	0.218666
0.915528	0.224767
0.915446	0.230231
0.915342	0.235322
0.914411	0.240927
0.911978	0.246813
0.909839	0.252796
0.908459	0.258662
0.908371	0.264424
0.910169	0.27048
0.912669	0.276908
0.915989	0.283087
0.920169	0.28871
0.925088	0.293834
0.930449	0.29824
0.936091	0.302081
0.942419	0.30536
0.948915	0.307667
0.955338	0.309201
0.961728	0.310194
0.968187	0.310412
0.97398	0.31041
0.97893	0.310397
0.983136	0.31105
0.986432	0.313299
0.989254	0.316885
0.991499	0.32103
0.99356	0.325322
0.995003	0.330516
0.996256	0.335827
0.996928	0.340929
0.996967	0.346476
0.996675	0.352241
0.996091	0.358188
0.995898	0.364383
0.995436	0.370988
0.994688	0.377651
0.992934	0.384169
0.991041	0.391102
0.989166	0.397966
0.987465	0.404764
0.985901	0.411434
0.98426	0.417849
0.982959	0.423961
0.982132	0.42951
0.981824	0.435193
0.981522	0.440916
0.981107	0.446371
0.98095	0.451911
0.980821	0.457179
0.980501	0.462415
0.98026	0.467882
0.980381	0.472968
0.980256	0.478164
0.98025	0.483781
0.980389	0.489599
0.981124	0.496035
0.982743	0.502031
0.98495	0.508238
0.986792	0.514727
0.988494	0.520182
0.990337	0.525707
0.992153	0.531581
0.993537	0.537627
0.994808	0.544039
0.99602	0.550885
0.996533	0.558682
0.996398	0.566086
0.995593	0.572815
0.994207	0.579327
0.991926	0.585754
0.989424	0.591599
0.986569	0.597396
0.983334	0.603007
0.979858	0.608614
0.97649	0.614094
0.973031	0.619506
0.969401	0.625026
0.965887	0.630397
0.962776	0.635691
0.959642	0.640989
0.956612	0.646487
0.954371	0.65155
0.951879	0.656796
0.949846	0.662223
0.947995	0.667797
0.946101	0.673349
0.943603	0.679354
0.940189	0.685317
0.936797	0.69109
0.932905	0.696564
0.92872	0.701877
0.924315	0.706699
0.919987	0.711275
0.914832	0.714427
0.909169	0.716913
0.903414	0.718761
0.897605	0.720217
0.890798	0.721437
0.883828	0.721874
0.876931	0.721751
0.870276	0.72113
0.863752	0.720336
0.856761	0.71916
0.850178	0.718025
0.843944	0.716839
0.837964	0.715954
0.832109	0.715326
0.826223	0.714846
0.82063	0.715337
0.815243	0.716745
0.810042	0.718906
0.805009	0.721745
0.799584	0.725295
0.794557	0.728664
0.78932	0.732334
0.784881	0.736408
0.780774	0.740926
0.776748	0.745647
0.772876	0.75055
0.769168	0.755571
0.765251	0.7605
0.761142	0.765426
0.757217	0.770729
0.753288	0.776305
0.749235	0.781401
0.744829	0.786098
0.740255	0.790451
0.73518	0.794498
0.730346	0.797983
0.725061	0.800885
0.719541	0.803023
0.713474	0.804945
0.707105	0.806232
0.700706	0.806765
0.694324	0.806859
0.687649	0.806453
0.68099	0.805705
0.674299	0.804473
0.668296	0.803116
0.662284	0.801567
0.655986	0.799919
0.650157	0.797311
0.644967	0.794719
0.639903	0.791298
0.63422	0.787925
0.62848	0.784576
0.622454	0.781094
0.616355	0.777874
0.609896	0.774375
0.602829	0.770752
0.595923	0.767329
0.589546	0.764486
0.58274	0.762351
0.576066	0.76043
0.569478	0.758605
0.562864	0.757263
0.556806	0.756291
0.550415	0.755417
0.543554	0.754251
0.536441	0.75311
0.5294	0.752117
0.522969	0.751209
0.516502	0.749773
0.509707	0.74927
0.503052	0.748653
0.496831	0.747507
0.491	0.746446
0.485166	0.745045
0.47932	0.742636
0.473279	0.74051
0.467934	0.738107
0.462734	0.734911
0.45772	0.731217
0.452839	0.727257
0.447999	0.723377
0.443722	0.718859
0.439682	0.713867
0.43592	0.708899
0.432398	0.703703
0.429211	0.698996
0.425846	0.693963
0.422746	0.688234
0.419742	0.682298
0.416835	0.676345
0.413956	0.670432
0.410986	0.665036
0.407892	0.659805
0.40532	0.654674
0.402594	0.649509
0.399344	0.64427
0.395563	0.639343
0.391271	0.634626
0.386664	0.630542
0.382056	0.626557
0.377027	0.622948
0.372124	0.619569
0.367034	0.615844
0.361838	0.612026
0.356091	0.608389
0.350693	0.604725
0.345433	0.601483
0.34014	0.598222
0.334908	0.595068
0.329353	0.592285
0.323613	0.58918
0.317573	0.586086
0.312182	0.582484
0.306883	0.579167
0.301798	0.57516
0.29704	0.57066
0.292792	0.566081
0.289541	0.560894
0.28646	0.555069
0.284143	0.548656
0.281966	0.541161
0.279872	0.533663
0.277757	0.52639
0.276168	0.519314
0.274807	0.512362
0.273428	0.505481
0.271949	0.498706
0.270147	0.492143
0.268079	0.485801
0.265508	0.479887
0.263651	0.473694
0.261321	0.468176
0.258793	0.462716
0.256042	0.45737
0.252769	0.452912
0.248969	0.44853
0.24507	0.444517
0.240733	0.440878
0.235864	0.437393
0.230424	0.43372
0.224782	0.430444
0.218957	0.428118
0.212834	0.425233
0.207415	0.423135
0.201865	0.421294
0.197129	0.419077
0.192423	0.416913
0.186676	0.414731
0.180923	0.412545
0.174689	0.410834
0.168407	0.409105
0.161814	0.407394
0.155409	0.405734
0.148827	0.40427
0.1422	0.402893
0.135591	0.401575
0.128974	0.400245
0.122362	0.398575
0.115723	0.397005
0.109173	0.395547
0.10268	0.393036
0.0954026	0.390624
0.088336	0.38818
0.0817468	0.385378
0.0753676	0.382531
0.0692307	0.379492
0.0630694	0.376704
0.0572411	0.373406
0.0515622	0.369791
0.0460129	0.366153
0.0405772	0.362408
0.0343863	0.358309
0.0283861	0.353073
0.0227028	0.3482
0.017233	0.343552
0.0124826	0.338373
0.00786529	0.333154
0.00309239	0.328466
-0.00222443	0.323437
-0.00740096	0.318442
-0.0126572	0.313518
-0.017403	0.308727
-0.0218938	0.303777
-0.0261344	0.298913
-0.0304008	0.293508
-0.0345073	0.287555
-0.0383162	0.281572
-0.0417914	0.275512
-0.0450246	0.26958
-0.0480287	0.26288
-0.0508342	0.256385
-0.0538031	0.250664
-0.0565321	0.24493
-0.0595299	0.238759
-0.062393	0.232551
-0.0653688	0.22614
-0.0681224	0.21974
-0.0705947	0.213537
-0.0728476	0.208047
-0.0749993	0.202979
-0.0772724	0.197162
-0.0793406	0.190325
-0.0812813	0.183145
-0.0829099	0.176045
-0.083744	0.169236
-0.0842365	0.162228
-0.0852553	0.155382
-0.0861571	0.148508
-0.0872602	0.14261
-0.0877139	0.136047
-0.0874532	0.129332
-0.0870375	0.12269
-0.0864898	0.115948
-0.0859464	0.109099
-0.0849265	0.102579
-0.0835082	0.0962721
-0.0822242	0.0896679
-0.0807466	0.0832276
-0.0790457	0.0768047
-0.0770125	0.0697926
-0.0749586	0.0629507
-0.0727327	0.0560072
-0.0697344	0.0491275
-0.0664362	0.0423098
-0.0633965	0.0359272
-0.059902	0.0295262
-0.0563071	0.0237114
-0.0527143	0.0177791
-0.0491366	0.0123568
-0.045558	0.00693647
-0.0419288	0.00155725
-0.0377075	-0.00377097
-0.0334686	-0.00920558
-0.0289962	-0.0150399
-0.0249208	-0.0207757
-0.0209402	-0.0264352
-0.016667	-0.0320895
-0.0127037	-0.0379111
-0.00892007	-0.0435839
-0.00531361	-0.0489951
-0.00202203	-0.0545765
0.000977089	-0.06048
0.00356003	-0.0648768
0.00639117	-0.0695188
0.00944871	-0.0744424
0.0132449	-0.0796427
0.0164939	-0.0850395
0.0196938	-0.0905966
0.022744	-0.0962179
0.025882	-0.102072
0.0288079	-0.108312
0.0314922	-0.114471
0.0335711	-0.120459
0.0358052	-0.126857
0.0382081	-0.132914
0.0405946	-0.139426
0.0431519	-0.146171
0.045799	-0.152011
0.0484406	-0.157982
0.0512421	-0.163314
0.0543066	-0.167988
0.0576743	-0.172321
0.0611163	-0.176534
0.0647345	-0.180821
0.068369	-0.185047
0.0723622	-0.189116
0.0765204	-0.193651
0.0806807	-0.197726
0.0855417	-0.201425
0.0915092	-0.204689
0.0974165	-0.207888
0.103645	-0.211425
0.109654	-0.214801
0.115517	-0.217865
0.121307	-0.220997
0.12664	-0.224472
0.131975	-0.228875
0.13722	-0.233226
0.142711	-0.237752
0.14812	-0.241946
0.15324	-0.245713
0.158385	-0.248923
0.164011	-0.252581
0.169716	-0.256324
0.175047	-0.25985
0.180003	-0.262924
0.185182	-0.266357
0.190736	-0.270801
0.196466	-0.275293
0.202236	-0.279114
0.207817	-0.282977
0.212998	-0.287298
0.217954	-0.291181
0.221727	-0.29492
0.225384	-0.298366
0.228881	-0.301993
0.232412	-0.305986
0.235895	-0.309924
0.239224	-0.313548
0.242479	-0.317376
0.245902	-0.321435
0.249322	-0.325783
0.252622	-0.330368
0.256065	-0.335306
0.259667	-0.340493
0.263175	-0.345826
0.26619	-0.351429
0.269444	-0.357129
0.272869	-0.363217
0.275973	-0.369257
0.27908	-0.375117
0.281864	-0.380972
0.284633	-0.386936
0.287437	-0.392981
0.290228	-0.399571
0.292361	-0.405918
0.294417	-0.412235
0.296202	-0.418473
0.297733	-0.425695
0.29922	-0.432705
0.300666	-0.439549
0.301964	-0.446167
0.302996	-0.452577
0.304587	-0.458952
0.306355	-0.465088
0.308188	-0.471313
0.310174	-0.477665
0.312957	-0.483755
0.315969	-0.489965
0.31979	-0.495594
0.324015	-0.501181
0.328957	-0.505679
0.334142	-0.510046
0.339059	-0.513429
0.344303	-0.516157
0.34898	-0.519338
0.353869	-0.522037
0.358476	-0.525113
0.363343	-0.527894
0.368829	-0.530723
0.374666	-0.533285
0.380914	-0.53537
0.387006	-0.537306
0.39372	-0.539164
0.400538	-0.540555
0.407285	-0.541786
0.413934	-0.543453
0.420514	-0.545475
0.426967	-0.547768
0.43337	-0.549971
0.439685	-0.552755
0.445739	-0.556392
0.451407	-0.559707
0.456296	-0.563569
0.461214	-0.567636
0.46539	-0.572119
0.468689	-0.576309
0.472985	-0.580619
0.477125	-0.585393
0.481063	-0.590348
0.484771	-0.596116
0.488101	-0.601888
0.492038	-0.606968
0.496189	-0.612085
