0.995269	0.00496044
0.990504	0.00983343
0.985566	0.0148558
0.980564	0.0200069
0.975514	0.0253204
0.970293	0.0314115
0.96485	0.0375298
0.959041	0.0438134
0.952667	0.049592
0.946357	0.0553173
0.940201	0.061225
0.934257	0.0670966
0.928593	0.0727772
0.923025	0.078119
0.916798	0.0837017
0.910629	0.0891406
0.904357	0.0944933
0.898439	0.10002
0.892132	0.104381
0.885926	0.108376
0.879976	0.112264
0.873398	0.115989
0.866642	0.119514
0.859855	0.122868
0.852508	0.12597
0.844844	0.128688
0.837408	0.130983
0.830141	0.133082
0.822784	0.133995
0.815511	0.134511
0.808114	0.134907
0.800684	0.135199
0.79283	0.135455
0.784841	0.135562
0.777093	0.135989
0.768918	0.136105
0.760825	0.135743
0.752711	0.135757
0.744635	0.135481
0.736614	0.135078
0.728499	0.135071
0.72002	0.13504
0.711551	0.134633
0.703137	0.1341
0.694959	0.133548
0.686032	0.133205
0.677216	0.132786
0.669252	0.132612
0.661294	0.13228
0.653318	0.132766
0.645162	0.133048
0.637221	0.133124
0.629057	0.134077
0.621097	0.134591
0.612853	0.134507
0.604675	0.134281
0.596858	0.134084
0.588685	0.133557
0.580812	0.133424
0.572968	0.133223
0.565033	0.132573
0.55734	0.131718
0.549726	0.130972
0.541889	0.130742
0.533911	0.130315
0.525983	0.129744
0.518138	0.129249
0.509946	0.12893
0.502048	0.12784
0.494213	0.127312
0.486456	0.126643
0.47807	0.125864
0.469963	0.125191
0.461765	0.124382
0.453551	0.124128
0.445	0.124239
0.436575	0.123505
0.428149	0.122139
0.419054	0.120289
0.410091	0.118494
0.401142	0.11708
0.392424	0.115427
0.38407	0.113862
0.37549	0.111971
0.367282	0.110148
0.359672	0.108384
0.352094	0.106502
0.343649	0.104938
0.335569	0.103293
0.327182	0.10053
0.31944	0.0982188
0.311886	0.0961072
0.304272	0.0939127
0.296212	0.0919052
0.28781	0.0896759
0.279576	0.0870591
0.270795	0.0844342
0.262387	0.0819905
0.254425	0.0802514
0.246871	0.0784097
0.239359	0.0763448
0.232377	0.0752983
0.225777	0.0741714
0.21892	0.0729755
0.211886	0.0716892
0.204182	0.0707928
0.19634	0.0693742
0.188752	0.0675353
0.181606	0.0653928
0.174822	0.0631548
0.16787	0.0607604
0.160844	0.0583281
0.154063	0.0559745
0.147229	0.0535192
0.139886	0.0508401
0.132772	0.0478336
0.125411	0.0445967
0.118	0.041485
0.110182	0.0384699
0.101562	0.035674
0.0931221	0.0328546
0.0849727	0.0301696
0.0773858	0.0277134
0.0685315	0.0248214
0.0598863	0.022231
0.0513435	0.0192022
0.0429662	0.0164891
0.034695	0.0137865
0.0267766	0.0104345
0.0184073	0.00724489
0.0102459	0.00411779
0.00188094	0.00120983
-0.00693907	-0.00182666
-0.0160383	-0.00481865
-0.0245547	-0.00723298
-0.0333094	-0.00906106
-0.0418732	-0.0109094
-0.049836	-0.0132976
-0.0577428	-0.0158186
-0.0654192	-0.0183506
-0.0726384	-0.0204072
-0.0798094	-0.0224165
-0.0869607	-0.0244372
-0.0937943	-0.0261914
-0.100742	-0.0280931
-0.107803	-0.0299956
-0.11485	-0.032096
-0.121261	-0.0348203
-0.128366	-0.0375325
-0.1356	-0.0402834
-0.142769	-0.042298
-0.150025	-0.0443729
-0.157346	-0.0465918
-0.165124	-0.0496414
-0.17322	-0.0528272
-0.181085	-0.0560485
-0.189363	-0.0591337
-0.197764	-0.0630214
-0.205897	-0.0668435
-0.213759	-0.0706359
-0.221485	-0.0743201
-0.229097	-0.0781501
-0.236621	-0.0826987
-0.243825	-0.086893
-0.250959	-0.0911934
-0.258081	-0.09538
-0.264905	-0.0999245
-0.271694	-0.104229
-0.278606	-0.108504
-0.285408	-0.112401
-0.292102	-0.116386
-0.299617	-0.119605
-0.307133	-0.122698
-0.313978	-0.125429
-0.320989	-0.128478
-0.328092	-0.131586
-0.335277	-0.134679
-0.342548	-0.138281
-0.349613	-0.14155
-0.356943	-0.145697
-0.364177	-0.14976
-0.370943	-0.153006
-0.377838	-0.156463
-0.385082	-0.160134
-0.392045	-0.163943
-0.39882	-0.167279
-0.40549	-0.170546
-0.412207	-0.173758
-0.419529	-0.176291
-0.427185	-0.17885
-0.434834	-0.181422
-0.442351	-0.183932
-0.449407	-0.18644
-0.456864	-0.188797
-0.464942	-0.190958
-0.472965	-0.193201
-0.479692	-0.195517
-0.486614	-0.198307
-0.494186	-0.201379
-0.50186	-0.204543
-0.509374	-0.207979
-0.516712	-0.211536
-0.524063	-0.214995
-0.532064	-0.217464
-0.540323	-0.220763
-0.54829	-0.22467
-0.555859	-0.22848
-0.563708	-0.231984
-0.571738	-0.235181
-0.579683	-0.238022
-0.587067	-0.241066
-0.593879	-0.244244
-0.600768	-0.247423
-0.607147	-0.250678
-0.614224	-0.25345
-0.621095	-0.256078
-0.628007	-0.258806
-0.634948	-0.261385
-0.641384	-0.263855
-0.647264	-0.266174
-0.652692	-0.268777
-0.658435	-0.272032
-0.664108	-0.274912
-0.670629	-0.278221
-0.677404	-0.28189
-0.684198	-0.285648
-0.690873	-0.288921
-0.697644	-0.292196
-0.704704	-0.295592
-0.712692	-0.29873
-0.720568	-0.302062
-0.727347	-0.304192
-0.734553	-0.306487
-0.742594	-0.308703
-0.75055	-0.310798
-0.758383	-0.313053
-0.765714	-0.315392
-0.77275	-0.317564
-0.780264	-0.319777
-0.787277	-0.321963
-0.795028	-0.323999
-0.802568	-0.325878
-0.809743	-0.32766
-0.816718	-0.329702
-0.824153	-0.331244
-0.832475	-0.333174
-0.840904	-0.335447
-0.849217	-0.337877
-0.857395	-0.340051
-0.865442	-0.34212
-0.873389	-0.344279
-0.881305	-0.346453
-0.889188	-0.348662
-0.896881	-0.350782
-0.904644	-0.352722
-0.912588	-0.355314
-0.920449	-0.357908
-0.928669	-0.360384
-0.936635	-0.36267
-0.944295	-0.365143
-0.951563	-0.367264
-0.959108	-0.369176
-0.966713	-0.371294
-0.974177	-0.373049
-0.982472	-0.373546
-0.990629	-0.374163
-0.998482	-0.374027
-1.00637	-0.37407
-1.01451	-0.373539
-1.02238	-0.373386
-1.03002	-0.373435
-1.03767	-0.374411
-1.04576	-0.375145
-1.05377	-0.375918
-1.06135	-0.376807
-1.06808	-0.377082
-1.07523	-0.377193
-1.08266	-0.378149
-1.08994	-0.379251
-1.09679	-0.380749
-1.104	-0.382574
-1.11149	-0.384924
-1.11822	-0.38749
-1.12503	-0.390234
-1.13206	-0.392919
-1.14035	-0.394743
-1.14836	-0.396822
-1.15639	-0.398904
-1.16429	-0.40152
-1.17188	-0.404245
-1.17941	-0.406873
-1.18696	-0.409449
-1.19429	-0.411684
-1.20182	-0.413769
-1.2095	-0.415662
-1.21757	-0.417887
-1.22492	-0.419721
-1.23231	-0.421587
-1.23974	-0.423525
-1.2469	-0.425549
-1.25355	-0.428394
-1.25973	-0.432737
-1.26526	-0.438326
-1.27006	-0.444842
-1.2741	-0.451908
-1.27687	-0.459233
-1.27907	-0.466886
-1.28069	-0.474036
-1.28193	-0.481439
-1.28292	-0.489155
-1.28341	-0.496498
-1.28357	-0.503618
-1.28314	-0.510755
-1.2828	-0.517709
-1.2825	-0.524995
-1.28176	-0.532407
-1.28064	-0.539928
-1.27907	-0.548313
-1.27727	-0.556693
-1.27542	-0.564751
-1.27334	-0.572695
-1.27068	-0.581267
-1.26697	-0.590175
-1.26309	-0.598866
-1.25938	-0.607355
-1.25596	-0.61528
-1.25269	-0.622545
-1.24973	-0.629649
-1.24683	-0.636594
-1.24364	-0.644124
-1.24067	-0.651556
-1.23748	-0.659108
-1.23436	-0.666543
-1.23098	-0.674278
-1.22743	-0.682043
-1.22362	-0.689323
-1.2197	-0.696509
-1.21591	-0.703524
-1.21208	-0.710483
-1.20788	-0.717563
-1.20366	-0.724541
-1.19952	-0.731973
-1.19516	-0.739531
-1.19086	-0.746874
-1.18651	-0.754612
-1.1821	-0.762608
-1.17842	-0.769482
-1.17483	-0.776225
-1.17089	-0.782922
-1.16686	-0.789915
-1.16272	-0.796476
-1.15852	-0.803031
-1.15477	-0.810043
-1.15139	-0.815987
-1.14791	-0.82212
-1.1446	-0.82887
-1.1406	-0.835864
-1.13613	-0.842786
-1.13149	-0.849637
-1.12703	-0.85672
-1.12242	-0.863535
-1.11779	-0.870332
-1.11334	-0.877334
-1.10882	-0.884303
-1.10441	-0.891154
-1.09997	-0.897899
-1.09543	-0.904564
-1.09071	-0.911486
-1.08585	-0.918276
-1.08126	-0.924894
-1.07652	-0.931753
-1.07154	-0.938984
-1.06614	-0.945722
-1.06095	-0.95238
-1.0557	-0.958848
-1.04977	-0.965357
-1.04328	-0.971699
-1.03801	-0.978317
-1.03266	-0.984091
-1.02836	-0.990395
-1.02417	-0.996486
-1.01951	-1.00389
-1.01515	-1.011
-1.01068	-1.01783
-1.0061	-1.02431
-1.00145	-1.03077
-0.996548	-1.03711
-0.990872	-1.04372
-0.984943	-1.05016
-0.979024	-1.05659
-0.973201	-1.06287
-0.96786	-1.06926
-0.962554	-1.07552
-0.957425	-1.08153
-0.951726	-1.08745
-0.945946	-1.09289
-0.940171	-1.09831
-0.934381	-1.10388
-0.929197	-1.10951
-0.92377	-1.11508
-0.918409	-1.12101
-0.912866	-1.12696
-0.907424	-1.13296
-0.901949	-1.139
-0.89645	-1.14541
-0.891647	-1.15166
-0.885937	-1.15787
-0.880052	-1.16471
-0.874326	-1.17153
-0.869036	-1.17836
-0.863629	-1.1852
-0.858046	-1.19213
-0.851922	-1.19824
-0.845873	-1.20429
-0.840066	-1.21041
-0.834344	-1.21639
-0.82843	-1.22162
-0.822551	-1.22681
-0.816438	-1.23209
-0.810464	-1.23736
-0.804321	-1.24261
-0.798131	-1.24773
-0.79224	-1.25264
-0.78651	-1.25682
-0.780166	-1.26147
-0.773835	-1.26661
-0.767754	-1.27174
-0.761548	-1.27656
-0.755692	-1.28161
-0.749813	-1.2865
-0.744283	-1.29079
-0.738415	-1.29467
-0.732465	-1.29894
-0.726475	-1.30395
-0.720456	-1.30906
-0.7145	-1.3142
-0.708651	-1.31914
-0.702817	-1.3239
-0.697219	-1.32892
-0.692448	-1.33411
-0.687571	-1.33943
-0.68286	-1.34498
-0.678352	-1.35124
-0.673972	-1.3575
-0.66996	-1.36345
-0.665833	-1.36947
-0.662263	-1.37523
-0.659158	-1.3802
-0.656147	-1.38524
-0.652724	-1.39053
-0.649181	-1.39597
-0.64552	-1.40156
-0.641636	-1.40716
-0.637356	-1.41297
-0.632958	-1.41874
-0.62849	-1.42461
-0.623475	-1.43117
-0.618464	-1.43763
-0.613562	-1.44401
-0.608396	-1.45026
-0.603261	-1.45643
-0.597758	-1.46291
-0.592591	-1.4694
-0.586725	-1.47584
-0.581526	-1.48238
-0.576941	-1.48898
-0.571157	-1.49592
-0.565519	-1.50249
-0.559939	-1.50894
-0.55538	-1.51541
-0.55133	-1.52195
-0.547344	-1.52851
-0.542831	-1.535
-0.538239	-1.54158
-0.533569	-1.5481
-0.528924	-1.55499
-0.52365	-1.56326
-0.519083	-1.57178
-0.514662	-1.5798
-0.509992	-1.58773
-0.504919	-1.59526
-0.499655	-1.60127
-0.494055	-1.60708
-0.488313	-1.61291
-0.482649	-1.61856
-0.477363	-1.62401
-0.471963	-1.62939
-0.466563	-1.6348
-0.460322	-1.6405
-0.454212	-1.64618
-0.44771	-1.65146
-0.440958	-1.65616
-0.433925	-1.66085
-0.426875	-1.66547
-0.420206	-1.67033
-0.413032	-1.67564
-0.406216	-1.68089
-0.399272	-1.68625
-0.392767	-1.69231
-0.38608	-1.69755
-0.379574	-1.70282
-0.373279	-1.7081
-0.367324	-1.71305
-0.360987	-1.71752
-0.354758	-1.72212
-0.348412	-1.72673
-0.341598	-1.73181
-0.335228	-1.73641
-0.328418	-1.74042
-0.32096	-1.7444
-0.313581	-1.74822
-0.307025	-1.75156
-0.300498	-1.75485
-0.294067	-1.75876
-0.287526	-1.76275
-0.281057	-1.76686
-0.275012	-1.77042
-0.269911	-1.77513
-0.264842	-1.77996
-0.259562	-1.78485
-0.254405	-1.79015
-0.249013	-1.7964
-0.244397	-1.80227
-0.239529	-1.80799
-0.234669	-1.81372
-0.230218	-1.81978
-0.225872	-1.82634
-0.221412	-1.83281
-0.216845	-1.83908
-0.212476	-1.84453
-0.207591	-1.85016
-0.202683	-1.85585
-0.197801	-1.86155
-0.192567	-1.86783
-0.187319	-1.87394
-0.182292	-1.88052
-0.177694	-1.88663
-0.173372	-1.89315
-0.168877	-1.89925
-0.164361	-1.90555
-0.159949	-1.91195
-0.155367	-1.91879
-0.150771	-1.92549
-0.1469	-1.93265
-0.142766	-1.9396
-0.138013	-1.94697
-0.133442	-1.95475
-0.129337	-1.96207
-0.124945	-1.96923
-0.120603	-1.97607
-0.115543	-1.9821
-0.110497	-1.9878
-0.105569	-1.99336
-0.100588	-1.99884
-0.0957131	-2.00364
-0.0907601	-2.00864
-0.0854136	-2.0138
-0.0795857	-2.01847
-0.0732938	-2.0234
-0.0667621	-2.02798
-0.0608563	-2.03242
-0.0548224	-2.03669
-0.0487056	-2.04065
-0.0415056	-2.04441
-0.0342064	-2.04809
-0.0270056	-2.05185
-0.0201105	-2.05557
-0.0131493	-2.05909
-0.00648952	-2.06283
0.00046718	-2.06657
0.00744383	-2.07055
0.0147265	-2.07431
0.0216323	-2.07855
0.0284447	-2.08247
0.0353361	-2.08678
0.0421615	-2.09155
0.0479434	-2.09665
0.0536929	-2.10177
0.0594013	-2.10693
0.0650387	-2.1121
0.0707545	-2.11721
0.0764655	-2.12226
0.0821972	-2.12769
0.0876518	-2.13294
0.0931447	-2.13841
0.0984593	-2.14337
0.103854	-2.14843
0.109199	-2.15377
0.114233	-2.1595
0.119048	-2.16511
0.124126	-2.17051
0.129	-2.17588
0.133792	-2.18117
0.138622	-2.18657
0.143639	-2.19174
0.148724	-2.197
0.153531	-2.20249
0.158619	-2.20794
0.164043	-2.21329
0.168502	-2.21807
0.17335	-2.22309
0.178429	-2.22828
0.184046	-2.23274
0.189724	-2.23691
0.195491	-2.24123
0.202076	-2.24583
0.209048	-2.25063
0.215748	-2.25551
0.222598	-2.26002
0.229432	-2.26403
0.236278	-2.26838
0.242598	-2.27254
0.248804	-2.27676
0.255161	-2.28147
0.261362	-2.28604
0.266598	-2.29064
0.271974	-2.2958
0.277307	-2.301
0.282701	-2.30624
0.288381	-2.31146
0.293725	-2.31661
0.297881	-2.3216
0.302188	-2.32682
0.306651	-2.33179
0.31137	-2.33712
0.315466	-2.3426
0.319568	-2.34805
0.323986	-2.35317
0.328576	-2.35932
0.332977	-2.36561
0.337306	-2.37202
0.341935	-2.37791
0.346855	-2.38351
0.351812	-2.38921
0.356818	-2.39494
0.362078	-2.40092
0.367316	-2.4069
0.372929	-2.41208
0.378757	-2.41765
0.384466	-2.42334
0.390023	-2.42895
0.395659	-2.43451
0.400982	-2.44046
0.406599	-2.44654
0.411802	-2.4521
0.41697	-2.4577
0.422016	-2.46222
0.427228	-2.46653
0.432398	-2.47117
0.435947	-2.47584
0.440308	-2.48109
0.444995	-2.48689
0.449986	-2.49339
0.454911	-2.49973
0.459752	-2.50663
0.464687	-2.51381
0.469109	-2.52064
0.473418	-2.52716
0.47824	-2.53299
0.483072	-2.54026
0.487767	-2.54735
0.492358	-2.55435
0.497086	-2.56157
0.501925	-2.56995
0.506781	-2.57797
0.51188	-2.58605
0.516468	-2.59355
0.52103	-2.60084
0.525503	-2.60804
0.531134	-2.61555
0.536507	-2.62288
0.541523	-2.63013
0.546405	-2.63732
0.551075	-2.64418
0.555811	-2.65098
0.559781	-2.65772
0.563136	-2.66379
0.566619	-2.66974
0.570487	-2.67654
0.574767	-2.68297
0.579065	-2.68944
0.584552	-2.69636
0.589969	-2.70187
0.595739	-2.70772
0.601557	-2.7143
0.607438	-2.72065
0.612979	-2.72713
0.618218	-2.73366
0.62373	-2.74077
0.629047	-2.74813
0.634012	-2.75527
0.638721	-2.76243
0.643008	-2.76957
0.647265	-2.77669
0.651413	-2.78378
0.655162	-2.79084
0.658987	-2.79803
0.662938	-2.80514
0.666173	-2.81251
0.669402	-2.81982
0.67214	-2.82733
0.675386	-2.8355
0.678862	-2.84375
0.682148	-2.85159
0.685472	-2.85871
0.689934	-2.86618
0.693763	-2.87355
0.697678	-2.88068
0.701664	-2.88771

0.705904	2.8863
0.709786	2.87956
0.712742	2.87278
0.715418	2.86587
0.718069	2.85881
0.720215	2.85163
0.722117	2.84397
0.723527	2.83666
0.724602	2.82995
0.725716	2.82262
0.726572	2.81521
0.727101	2.80768
0.728107	2.79996
0.72935	2.7925
0.729978	2.78517
0.730407	2.77767
0.72989	2.76964
0.729143	2.76214
0.728258	2.75446
0.72705	2.7471
0.725457	2.73986
0.72388	2.7325
0.72165	2.72523
0.719175	2.71794
0.716552	2.71042
0.714054	2.70263
0.711232	2.69419
0.708799	2.68607
0.706282	2.67778
0.704228	2.66889
0.701877	2.66029
0.699588	2.65181
0.697318	2.64349
0.694966	2.6353
0.692588	2.62722
0.68926	2.61957
0.6865	2.61176
0.683545	2.60364
0.68065	2.59571
0.677841	2.58789
0.674857	2.58057
0.671956	2.5734
0.668868	2.56628
0.665607	2.55888
0.662306	2.55117
0.658909	2.54351
0.65521	2.53627
0.651475	2.52918
0.647671	2.52232
0.643766	2.51527
0.639809	2.508
0.635968	2.50079
0.63186	2.49382
0.627875	2.48722
0.624116	2.48108
0.619956	2.47479
0.615615	2.46845
0.611227	2.46212
0.606818	2.4556
0.602782	2.44882
0.598651	2.44245
0.593915	2.43618
0.589268	2.42939
0.584585	2.42279
0.580184	2.41621
0.576387	2.40951
0.572287	2.40346
0.568446	2.39742
0.564513	2.39125
0.560795	2.38499
0.556539	2.37865
0.552205	2.37218
0.54797	2.36559
0.543709	2.35892
0.539398	2.35225
0.534909	2.34564
0.530364	2.33906
0.526148	2.33224
0.522134	2.32544
0.518144	2.31864
0.513955	2.3116
0.509629	2.30516
0.505002	2.29854
0.501191	2.29239
0.496697	2.28625
0.491541	2.28
0.486531	2.27333
0.481573	2.26673
0.476277	2.26035
0.471009	2.25404
0.465677	2.24797
0.460307	2.24199
0.455467	2.23492
0.450664	2.22794
0.445775	2.22026
0.440874	2.21278
0.436184	2.20557
0.431357	2.19847
0.426448	2.19187
0.42169	2.18616
0.417363	2.18057
0.41289	2.17485
0.408623	2.16919
0.404111	2.16375
0.399114	2.15841
0.394081	2.15297
0.389048	2.14723
0.383804	2.14127
0.378441	2.13557
0.373103	2.12984
0.36714	2.12408
0.361262	2.11818
0.355223	2.11244
0.34921	2.10666
0.343271	2.10064
0.337794	2.09497
0.332326	2.08909
0.326833	2.08322
0.321581	2.07734
0.316219	2.07125
0.31098	2.06518
0.30583	2.05879
0.300731	2.0528
0.295579	2.04714
0.289765	2.04181
0.283852	2.03634
0.278098	2.031
0.272511	2.02605
0.266918	2.02073
0.262267	2.01443
0.257863	2.0076
0.25395	2.00066
0.249184	1.99375
0.244366	1.98639
0.239025	1.97966
0.234016	1.97338
0.229016	1.96713
0.224055	1.96093
0.21885	1.95435
0.213247	1.94713
0.207821	1.94006
0.201823	1.93185
0.196095	1.92397
0.190119	1.91674
0.184789	1.90938
0.17974	1.90229
0.174587	1.89477
0.17058	1.88677
0.16668	1.87905
0.162671	1.87129
0.159188	1.86423
0.155507	1.85751
0.15231	1.85112
0.149091	1.8447
0.145712	1.8382
0.14148	1.83186
0.137198	1.82551
0.132755	1.81913
0.128543	1.81276
0.124032	1.80631
0.119425	1.79992
0.114691	1.7939
0.109585	1.78767
0.104742	1.78175
0.0991838	1.77546
0.0937633	1.76943
0.0884165	1.76294
0.0832585	1.75643
0.0779202	1.75007
0.0727845	1.74382
0.0676758	1.73759
0.0628012	1.73174
0.057854	1.72573
0.0528144	1.71997
0.0477491	1.71453
0.0425895	1.70876
0.0377013	1.70288
0.0320872	1.69733
0.026319	1.69253
0.0207318	1.68764
0.015084	1.68276
0.009261	1.67801
0.00329889	1.67319
-0.00272883	1.66825
-0.00901075	1.66321
-0.0146922	1.65805
-0.020263	1.65287
-0.0255115	1.64753
-0.0310179	1.64201
-0.0364748	1.63636
-0.0414094	1.63073
-0.0464438	1.62571
-0.0514332	1.62039
-0.0560432	1.61497
-0.0606777	1.61017
-0.0654441	1.60552
-0.0703936	1.60087
-0.0756482	1.59605
-0.0812519	1.5916
-0.0872158	1.58646
-0.0931555	1.58204
-0.0990356	1.57763
-0.104471	1.57348
-0.109461	1.56908
-0.114816	1.56489
-0.120268	1.5604
-0.126227	1.55572
-0.132139	1.55088
-0.138538	1.54577
-0.14487	1.54068
-0.151307	1.53598
-0.158107	1.53117
-0.16481	1.52637
-0.171148	1.52246
-0.177641	1.51872
-0.184439	1.51572
-0.191483	1.5125
-0.198242	1.50919
-0.205234	1.50572
-0.212284	1.50222
-0.218589	1.49839
-0.226134	1.49458
-0.233242	1.49017
-0.239851	1.48515
-0.246111	1.48055
-0.251609	1.47559
-0.257177	1.47055
-0.262609	1.46548
-0.268694	1.46109
-0.275204	1.45672
-0.281928	1.45226
-0.288702	1.44746
-0.295268	1.44226
-0.30173	1.43704
-0.308201	1.43198
-0.314369	1.42677
-0.32068	1.42058
-0.327322	1.41443
-0.334358	1.40833
-0.340962	1.40281
-0.347462	1.39736
-0.354169	1.39218
-0.360973	1.38693
-0.367705	1.38176
-0.374637	1.37641
-0.381364	1.3712
-0.387811	1.36634
-0.39394	1.36171
-0.400333	1.35701
-0.40688	1.35279
-0.412823	1.34815
-0.418808	1.34391
-0.425088	1.33953
-0.431323	1.33507
-0.437954	1.33067
-0.444194	1.3263
-0.450735	1.32158
-0.457232	1.31642
-0.463728	1.3113
-0.470138	1.30564
-0.475886	1.29999
-0.481077	1.29419
-0.48601	1.28803
-0.490713	1.28194
-0.495354	1.27621
-0.499675	1.27047
-0.504087	1.26478
-0.508698	1.25907
-0.512989	1.25411
-0.517506	1.24893
-0.522193	1.24363
-0.527008	1.23817
-0.531966	1.23275
-0.536895	1.2271
-0.541934	1.2212
-0.54649	1.21487
-0.550198	1.20892
-0.554344	1.20335
-0.558337	1.19854
-0.562124	1.19365
-0.565696	1.18834
-0.569885	1.18225
-0.574279	1.17615
-0.579043	1.16881
-0.584373	1.16195
-0.589534	1.15448
-0.594943	1.14732
-0.600918	1.14066
-0.606896	1.13404
-0.612606	1.12768
-0.618918	1.12151
-0.625652	1.11502
-0.632106	1.10869
-0.638725	1.10247
-0.645198	1.09646
-0.651531	1.09062
-0.657735	1.08488
-0.663882	1.07918
-0.670136	1.07332
-0.677408	1.06747
-0.684837	1.06183
-0.692174	1.05614
-0.699278	1.05097
-0.706315	1.04589
-0.713241	1.04108
-0.719873	1.0364
-0.726451	1.03147
-0.732819	1.02656
-0.738368	1.02142
-0.743776	1.01649
-0.749426	1.01151
-0.755522	1.00622
-0.762354	1.00085
-0.768516	0.994734
-0.774631	0.989455
-0.780488	0.984515
-0.786776	0.979466
-0.793092	0.974452
-0.799244	0.969311
-0.804549	0.964014
-0.809521	0.958273
-0.814316	0.952153
-0.818652	0.946248
-0.82235	0.939221
-0.825589	0.931334
-0.828175	0.923947
-0.829816	0.916153
-0.830939	0.908224
-0.831506	0.900345
-0.83145	0.892536
-0.831016	0.884725
-0.830157	0.877327
-0.829549	0.869617
-0.828681	0.861513
-0.828108	0.85359
-0.827901	0.845333
-0.827022	0.837332
-0.82618	0.829641
-0.824846	0.82174
-0.823185	0.813449
-0.821036	0.805146
-0.818779	0.795852
-0.816833	0.78708
-0.81467	0.778578
-0.812205	0.770423
-0.809658	0.763481
-0.806054	0.75678
-0.802707	0.750069
-0.798872	0.743601
-0.795021	0.73749
-0.791238	0.731386
-0.787341	0.725345
-0.782916	0.718871
-0.777914	0.712472
-0.772588	0.705724
-0.767458	0.699277
-0.762484	0.69298
-0.757451	0.687143
-0.752311	0.681281
-0.747116	0.675324
-0.741831	0.669459
-0.736496	0.663437
-0.730608	0.657527
-0.724502	0.651372
-0.718036	0.645734
-0.711277	0.640321
-0.70489	0.635278
-0.698228	0.630415
-0.691392	0.626074
-0.684911	0.621799
-0.677526	0.617448
-0.670305	0.612919
-0.663511	0.608924
-0.656903	0.604589
-0.650551	0.600328
-0.644345	0.596562
-0.637945	0.593777
-0.631373	0.591122
-0.624801	0.588396
-0.617498	0.585631
-0.610157	0.58292
-0.602894	0.579421
-0.595447	0.575829
-0.588075	0.572291
-0.581261	0.569086
-0.574196	0.565614
-0.567283	0.562338
-0.560381	0.558536
-0.553644	0.554777
-0.546879	0.551386
-0.539932	0.548136
-0.532459	0.544728
-0.523841	0.541681
-0.516004	0.5388
-0.508247	0.535782
-0.500831	0.533104
-0.493072	0.529832
-0.485018	0.526529
-0.477468	0.523439
-0.470267	0.520912
-0.463007	0.5185
-0.455685	0.516077
-0.448117	0.513691
-0.441308	0.510469
-0.434478	0.50703
-0.427277	0.503997
-0.420047	0.50079
-0.412647	0.497511
-0.404866	0.494336
-0.397431	0.491414
-0.38975	0.488801
-0.382585	0.486248
-0.375365	0.48368
-0.368058	0.480841
-0.360515	0.478171
-0.353075	0.475472
-0.344726	0.47262
-0.33611	0.469477
-0.327055	0.46629
-0.317907	0.462912
-0.309167	0.459529
-0.300006	0.455952
-0.290911	0.452331
-0.282199	0.448918
-0.273144	0.445053
-0.264539	0.441734
-0.255512	0.439027
-0.246848	0.436535
-0.238428	0.434183
-0.230288	0.432287
-0.222227	0.430571
-0.213829	0.428552
-0.205622	0.426552
-0.196993	0.424255
-0.188771	0.422341
-0.180762	0.420119
-0.173481	0.418023
-0.16622	0.415974
-0.158724	0.413938
-0.151403	0.411692
-0.144275	0.409488
-0.137394	0.406578
-0.130841	0.403853
-0.124011	0.4012
-0.11694	0.398446
-0.10926	0.395354
-0.101868	0.392246
-0.0945581	0.389217
-0.0868508	0.3866
-0.0794565	0.383139
-0.0716642	0.379509
-0.0643714	0.376429
-0.0570826	0.373328
-0.0498447	0.37021
-0.0425921	0.367065
-0.0350997	0.364071
-0.0273222	0.361365
-0.0197994	0.358617
-0.0123228	0.355836
-0.00481813	0.352772
0.00248776	0.349756
0.0100652	0.346572
0.0177146	0.34332
0.0250509	0.339905
0.0320804	0.336822
0.0387959	0.333441
0.0456158	0.329813
0.0525109	0.326086
0.0590504	0.321757
0.0655881	0.317304
0.0719649	0.312328
0.0783562	0.307397
0.0846777	0.302655
0.0911146	0.297923
0.0980324	0.293666
0.105653	0.289057
0.113521	0.284606
0.1211	0.280156
0.128123	0.276386
0.1353	0.27182
0.142317	0.267291
0.148793	0.262573
0.155235	0.258119
0.161918	0.253292
0.16831	0.249128
0.174753	0.245281
0.181804	0.240567
0.188524	0.236588
0.194875	0.233212
0.200907	0.229713
0.206423	0.225605
0.212188	0.22146
0.21808	0.217099
0.224012	0.212601
0.229577	0.207614
0.235113	0.202636
0.240549	0.197983
0.246473	0.193241
0.252496	0.188575
0.258571	0.18367
0.264232	0.179146
0.269923	0.174076
0.276127	0.169208
0.28202	0.163802
0.288154	0.15802
0.294676	0.151996
0.300377	0.146453
0.305638	0.14052
0.310501	0.134523
0.315187	0.128231
0.320449	0.122832
0.325621	0.117673
0.330564	0.111988
0.335997	0.106239
0.34145	0.100411
0.34686	0.094521
0.352329	0.088608
0.357878	0.0831947
0.363591	0.077631
0.368754	0.072544
0.37391	0.0673911
0.379333	0.0621937
0.38463	0.0566303
0.389183	0.0502252
0.39369	0.0435355
0.397915	0.0367112
0.401941	0.0297917
0.405686	0.0231613
0.409803	0.01682
0.413488	0.0103207
0.416718	0.00394007
0.42022	-0.00257227
0.423527	-0.00903748
0.426521	-0.0154777
0.429567	-0.0219967
0.432916	-0.0274001
0.436654	-0.0327531
0.440561	-0.0382697
0.444607	-0.0443215
0.448853	-0.0502768
0.45369	-0.0567258
0.458535	-0.0634273
0.463381	-0.0702652
0.468291	-0.0770003
0.473077	-0.0836937
0.477625	-0.0908757
0.482213	-0.0979509
0.486718	-0.104945
0.49128	-0.111468
0.495723	-0.118004
0.500237	-0.124703
0.50475	-0.131451
0.509173	-0.138455
0.513278	-0.145603
0.517405	-0.152569
0.521231	-0.159911
0.525026	-0.167263
0.529057	-0.174482
0.532322	-0.181923
0.536956	-0.189566
0.541577	-0.197088
0.54661	-0.204138
0.551266	-0.210953
0.55546	-0.217922
0.559725	-0.225023
0.562895	-0.23228
0.566321	-0.240102
0.570008	-0.24831
0.574188	-0.255682
0.578303	-0.262771
0.582017	-0.269339
0.585697	-0.275514
0.589296	-0.281373
0.593718	-0.287653
0.598189	-0.29397
0.602794	-0.300317
0.608051	-0.30672
0.613167	-0.312985
0.61837	-0.318634
0.623391	-0.325145
0.628472	-0.331489
0.633551	-0.337735
0.638673	-0.343817
0.64363	-0.349974
0.648663	-0.355679
0.653698	-0.361484
0.658863	-0.367152
0.663785	-0.373206
0.668499	-0.378846
0.673346	-0.384494
0.678456	-0.390853
0.683229	-0.396831
0.688164	-0.40288
0.692983	-0.408657
0.697745	-0.413778
0.703253	-0.419552
0.708819	-0.425244
0.714034	-0.430451
0.71952	-0.435865
0.724764	-0.441986
0.730387	-0.448432
0.736385	-0.454275
0.741678	-0.459892
0.746888	-0.46582
0.751731	-0.47173
0.756865	-0.477045
0.76169	-0.481415
0.76721	-0.485685
0.772982	-0.490077
0.779046	-0.495715
0.785075	-0.501269
0.790963	-0.507037
0.796451	-0.512831
0.802026	-0.518301
0.807987	-0.523875
0.814014	-0.529446
0.820006	-0.53497
0.825929	-0.540754
0.831128	-0.546559
0.836437	-0.552025
0.841807	-0.55746
0.847506	-0.562945
0.853324	-0.568606
0.859557	-0.573966
0.866026	-0.579345
0.872239	-0.584746
0.878149	-0.590157
0.88403	-0.595696
0.890009	-0.600736
0.896066	-0.605255
0.903015	-0.61019
0.910103	-0.616055
0.917342	-0.621262
0.924704	-0.626362
0.931869	-0.631387
0.939033	-0.636566
0.945912	-0.641701
0.952234	-0.646943
0.958082	-0.652209
0.963691	-0.657576
0.969097	-0.662969
0.974582	-0.668785
0.980307	-0.674848
0.986462	-0.68105
0.992496	-0.687144
0.998797	-0.693077
1.0049	-0.699007
1.01094	-0.704827
1.01689	-0.710478
1.02265	-0.716169
1.0278	-0.721824
1.03294	-0.72769
1.03794	-0.73293
1.04279	-0.738056
1.04806	-0.743282
1.05337	-0.748591
1.05873	-0.753679
1.06447	-0.758174
1.0699	-0.762728
1.07531	-0.767473
1.08026	-0.771937
1.08535	-0.777076
1.09128	-0.782184
1.09769	-0.786754
1.1041	-0.791455
1.11033	-0.795851
1.11676	-0.800769
1.12392	-0.80526
1.13094	-0.809899
1.13778	-0.814598
1.14496	-0.818816
1.15179	-0.823183
1.15817	-0.82739
1.16459	-0.831995
1.17073	-0.836641
1.17737	-0.84168
1.18397	-0.846903
1.18989	-0.852702
1.1952	-0.858938
1.20034	-0.865328
1.20478	-0.870955
1.20927	-0.876783
1.21349	-0.882588
1.2186	-0.888451
1.22396	-0.894598
1.2299	-0.90026
1.23499	-0.906644
1.23994	-0.912633
1.2448	-0.918755
1.24909	-0.925332
1.25362	-0.932108
1.25804	-0.938614
1.26238	-0.945212
1.26668	-0.951888
1.27123	-0.95876
1.27578	-0.965582
1.2803	-0.972154
1.28475	-0.978645
1.28919	-0.985092
1.29356	-0.991842
1.29772	-0.998511
1.30222	-1.00491
1.30685	-1.01148
1.31141	-1.01807
1.31621	-1.0249
1.32128	-1.03168
1.32643	-1.03848
1.33155	-1.04514
1.33686	-1.05185
1.34249	-1.05757
1.34821	-1.06365
1.35365	-1.07007
1.35898	-1.07647
1.36439	-1.08258
1.37008	-1.08874
1.37549	-1.09432
1.38098	-1.10002
1.3863	-1.10583
1.39163	-1.11179
1.39696	-1.11811
1.40169	-1.12365
1.40643	-1.12888
1.41206	-1.13512
1.41704	-1.14178
1.42106	-1.14841
1.42484	-1.15509
1.42836	-1.16175
1.4317	-1.16846
1.43547	-1.17514
1.43929	-1.18151
1.44282	-1.18796
1.44681	-1.19452
1.45082	-1.20082
1.45479	-1.20761
1.45963	-1.21417
1.46449	-1.22085
1.46949	-1.22708
1.4744	-1.23343
1.47904	-1.23976
1.48377	-1.24628
1.48883	-1.25325
1.49381	-1.25962
1.49881	-1.26607
1.50446	-1.27223
1.50992	-1.27843
1.51511	-1.28452
1.52012	-1.29066
1.52494	-1.29714
1.52954	-1.30384
1.53409	-1.31063
1.53796	-1.31753
1.54134	-1.32469
1.54446	-1.33194
1.54744	-1.33859
1.55026	-1.34464
1.55311	-1.35095
1.556	-1.35732
1.55985	-1.36455
1.56363	-1.37184
1.56735	-1.37917
1.57089	-1.38645
1.57436	-1.39421
1.57781	-1.4023
1.58098	-1.41032
1.58428	-1.41779
1.58752	-1.42533
1.59075	-1.43263
1.59455	-1.43959
1.59813	-1.44662
1.6017	-1.45252
1.60508	-1.4591
1.60833	-1.46601
1.61156	-1.47301
1.61456	-1.47996
1.61747	-1.48735
1.62043	-1.4945
1.62339	-1.50174
1.62659	-1.50872
1.62955	-1.51598
1.63193	-1.52302
1.6343	-1.52976
1.63673	-1.53672
1.63922	-1.5438
1.64183	-1.55102
1.64462	-1.55801
1.64708	-1.56549
1.64992	-1.57282
1.65209	-1.58022
1.65404	-1.58784
1.65595	-1.5953
1.65807	-1.60309
1.6598	-1.61137
1.66163	-1.61941
1.6636	-1.62734
1.66599	-1.63527
1.66871	-1.64262
1.67145	-1.65034
1.67418	-1.6576
1.67714	-1.66523
1.68006	-1.6728
1.68292	-1.68034
1.68567	-1.68759
1.68806	-1.69558
1.69121	-1.70381
1.6944	-1.7113
1.6975	-1.71881
1.70024	-1.72617
1.70294	-1.73372
1.70539	-1.74128
1.70691	-1.74894
1.70838	-1.7567
1.70992	-1.76443
1.71153	-1.77212
1.71353	-1.78039
1.71586	-1.78872
1.7182	-1.79639
1.72064	-1.80457
1.7232	-1.81325
1.72576	-1.82194
1.72817	-1.83033
1.73138	-1.83793
1.73497	-1.8455
1.73869	-1.852
1.7422	-1.85879
1.74567	-1.8653
1.74916	-1.8719
1.75297	-1.87857
1.75661	-1.88528
1.76021	-1.89211
1.76359	-1.89909
1.76751	-1.90622
1.77088	-1.91368
1.77452	-1.92036
1.77832	-1.92715
1.78207	-1.93445
1.78605	-1.9409
1.7898	-1.94756
1.79336	-1.95445
1.7967	-1.9608
1.79987	-1.96807
1.80285	-1.97546
1.80583	-1.98293
1.80832	-1.99122
1.81041	-1.99977
1.81185	-2.00798
1.81286	-2.01648
1.81408	-2.02502
1.81521	-2.03372
1.8162	-2.04229
1.81697	-2.05098
1.81797	-2.05933
1.81888	-2.06765
1.81907	-2.07511
1.81917	-2.08272
1.82009	-2.08919
1.82034	-2.09639
1.82036	-2.10327
1.82028	-2.11085
1.81999	-2.11843
1.81992	-2.1256
1.81985	-2.13357
1.81976	-2.14145
1.8196	-2.14873
1.81888	-2.15675
1.81788	-2.16451
1.8167	-2.17285
1.81576	-2.18115
1.81416	-2.18933
1.81229	-2.19754
1.81039	-2.20565
1.80848	-2.2138
1.80658	-2.22209
1.80432	-2.23023
1.80257	-2.23707
1.80035	-2.24425
1.79833	-2.25128
1.79616	-2.25837
1.79423	-2.2653
1.79235	-2.27267
1.79016	-2.27989
1.78757	-2.28758
1.78493	-2.29589
1.78222	-2.30436
1.77997	-2.31317
1.77738	-2.32155
1.77472	-2.32991
1.77269	-2.33771
1.77062	-2.34533
1.76883	-2.35225
1.76713	-2.35945
1.76566	-2.36691
1.76449	-2.37464
1.76377	-2.3823
1.76316	-2.39017
1.76181	-2.3986
1.76063	-2.40694
1.75935	-2.41475
1.75819	-2.42166
1.75685	-2.42879
1.75572	-2.43681
1.75464	-2.4449
1.75365	-2.453
1.75279	-2.4614
1.75195	-2.46965
1.75118	-2.47785
1.74979	-2.48629
1.74847	-2.49472
1.74718	-2.50311
1.74595	-2.51139
1.74468	-2.51941
1.74316	-2.52707
1.74158	-2.53467
1.73996	-2.54236
1.73829	-2.54982
1.73676	-2.55726
1.73528	-2.56478
1.73447	-2.57232
1.73381	-2.58024
1.73319	-2.58846
1.73178	-2.59692
1.72994	-2.60513
1.72866	-2.61343
1.72741	-2.6217
1.72644	-2.62979
1.72536	-2.6378
1.72438	-2.64559
1.72377	-2.65337
1.72308	-2.66195
1.7225	-2.6704
1.72192	-2.67911
1.72185	-2.68773
1.7217	-2.69634
1.72138	-2.70455
1.72077	-2.71262
1.72012	-2.72087
1.71963	-2.72929
1.71955	-2.73737
1.71971	-2.74569
1.71942	-2.75432
1.71917	-2.76298
1.71892	-2.77151
1.71857	-2.77987
1.71822	-2.78819
1.71786	-2.79647
1.71778	-2.80434
1.71798	-2.81175
1.71821	-2.81918
1.71846	-2.82721
1.71881	-2.83502
1.71936	-2.84268
1.72006	-2.85029
1.721	-2.85784
1.72198	-2.86505
1.72307	-2.87283
1.72467	-2.88043
1.72574	-2.88777

1.72676	2.88524
1.7279	2.8777
1.72981	2.86978
1.73155	2.862
1.73409	2.8532
1.7365	2.84389
1.73917	2.83496
1.74211	2.8262
1.74521	2.81823
1.74783	2.81033
1.74995	2.80371
1.75212	2.79682
1.75474	2.78985
1.75724	2.78285
1.75972	2.77573
1.7623	2.76856
1.76506	2.76136
1.76775	2.75404
1.77039	2.74668
1.77236	2.73878
1.77412	2.72984
1.77641	2.7209
1.77848	2.71216
1.78008	2.7028
1.78134	2.69337
1.78316	2.6841
1.78444	2.67523
1.78576	2.66659
1.7877	2.65742
1.78953	2.64876
1.79143	2.64022
1.79319	2.63155
1.79617	2.62285
1.79916	2.61418
1.80222	2.60556
1.80493	2.59727
1.80742	2.58866
1.80967	2.58032
1.81132	2.57268
1.8129	2.56517
1.81462	2.55766
1.81642	2.54983
1.81956	2.54189
1.82254	2.53429
1.82597	2.52633
1.82932	2.51848
1.83265	2.51074
1.83639	2.50308
1.84059	2.49467
1.84422	2.48665
1.84762	2.47862
1.85082	2.47079
1.85415	2.46328
1.85709	2.45585
1.86026	2.44784
1.86341	2.44
1.86622	2.4329
1.86883	2.42561
1.87139	2.41843
1.87413	2.4118
1.87693	2.40586
1.87983	2.39964
1.88218	2.39299
1.8845	2.3862
1.88726	2.37877
1.89016	2.3716
1.89306	2.36437
1.89508	2.3564
1.89713	2.34852
1.89883	2.34061
1.90045	2.33281
1.90199	2.32513
1.90379	2.31749
1.90581	2.30993
1.9078	2.30238
1.90986	2.29474
1.9121	2.28727
1.91437	2.27982
1.91646	2.27254
1.9197	2.26468
1.92346	2.2571
1.92626	2.24941
1.92899	2.24227
1.93202	2.23519
1.93469	2.22784
1.93734	2.22047
1.94086	2.21307
1.94419	2.20556
1.94816	2.19801
1.95211	2.19045
1.956	2.18303
1.95992	2.17583
1.96349	2.16837
1.96705	2.16102
1.9708	2.15345
1.97459	2.14602
1.97893	2.13833
1.98319	2.13032
1.98719	2.12297
1.99082	2.11572
1.99449	2.10853
1.99805	2.10079
2.00156	2.09367
2.00518	2.08663
2.00823	2.07932
2.01108	2.07182
2.01376	2.06515
2.01626	2.0582
2.01912	2.05136
2.02221	2.0445
2.02536	2.03814
2.02892	2.03159
2.03208	2.02577
2.03527	2.0198
2.03844	2.01355
2.0417	2.00713
2.04419	2.00037
2.04708	1.99364
2.05064	1.98661
2.05389	1.98071
2.05756	1.9745
2.06229	1.96836
2.06723	1.96286
2.07205	1.9578
2.0772	1.9529
2.08232	1.94829
2.0874	1.9433
2.09329	1.93802
2.09938	1.93282
2.10565	1.92765
2.11195	1.92146
2.11825	1.91546
2.12456	1.9094
2.13033	1.90313
2.13574	1.89723
2.14113	1.8913
2.14702	1.88573
2.15299	1.87943
2.1582	1.87407
2.16358	1.86876
2.16864	1.86322
2.17327	1.85831
2.17795	1.85331
2.1829	1.84827
2.18769	1.84384
2.19331	1.8392
2.19897	1.83434
2.20474	1.82923
2.21193	1.82408
2.21958	1.81911
2.22697	1.81466
2.23444	1.81051
2.24203	1.80645
2.24957	1.80272
2.25639	1.79858
2.26243	1.79465
2.26823	1.79061
2.27464	1.78728
2.28125	1.78411
2.2877	1.78117
2.29433	1.77818
2.30108	1.77519
2.30777	1.77231
2.31467	1.7696
2.32164	1.76644
2.32876	1.76281
2.33556	1.75985
2.34241	1.75702
2.35027	1.75412
2.35781	1.75151
2.36543	1.74886
2.37295	1.74633
2.38064	1.74357
2.38796	1.74085
2.39471	1.73835
2.40272	1.73621
2.41119	1.73402
2.41944	1.73153
2.42753	1.72928
2.43594	1.72671
2.44412	1.72425
2.45173	1.72189
2.45978	1.71949
2.46762	1.71661
2.47511	1.71372
2.48281	1.7102
2.49045	1.70707
2.49817	1.70471
2.50574	1.70249
2.51351	1.7004
2.52085	1.69837
2.52825	1.69638
2.53672	1.69418
2.5457	1.69166
2.5546	1.68933
2.56349	1.6875
2.57217	1.68581
2.58073	1.68418
2.58847	1.68198
2.59572	1.67967
2.60334	1.67702
2.61074	1.67476
2.61809	1.67265
2.62558	1.67118
2.63334	1.66966
2.64105	1.66798
2.64837	1.66663
2.65631	1.66553
2.66394	1.6647
2.67268	1.66371
2.68081	1.66302
2.68868	1.66297
2.6968	1.66307
2.7049	1.66314
2.71292	1.66316
2.72125	1.66351
2.72901	1.66357
2.73691	1.66371
2.74468	1.66373
2.75245	1.66383
2.76078	1.66418
2.76901	1.66452
2.77792	1.66524
2.78659	1.66584
2.79521	1.66636
2.80428	1.66751
2.81297	1.66839
2.82189	1.6694
2.83063	1.67041
2.83901	1.67078
2.84688	1.67112
2.85494	1.67074
2.8624	1.67046
2.86989	1.67029
2.87721	1.66975
2.88474	1.66985

-2.88765	1.67002
-2.87975	1.67059
-2.87174	1.67121
-2.86412	1.67232
-2.85648	1.67325
-2.84895	1.67439
-2.84073	1.67577
-2.83295	1.67723
-2.82628	1.67787
-2.81929	1.67844
-2.81244	1.67943
-2.80563	1.6802
-2.79841	1.681
-2.79107	1.68191
-2.78345	1.68253
-2.77619	1.68274
-2.76902	1.68314
-2.76185	1.68356
-2.75474	1.68413
-2.74763	1.68452
-2.73986	1.6841
-2.73189	1.68357
-2.72458	1.68334
-2.71795	1.68337
-2.71055	1.68312
-2.70345	1.68335
-2.69577	1.68396
-2.6875	1.68468
-2.67916	1.68521
-2.6711	1.68603
-2.66278	1.68647
-2.6546	1.68676
-2.64686	1.68656
-2.63909	1.6863
-2.63118	1.68607
-2.6235	1.68569
-2.61578	1.68538
-2.60802	1.68502
-2.60035	1.68509
-2.59389	1.68476
-2.58715	1.68427
-2.57956	1.68389
-2.57191	1.68347
-2.56377	1.68378
-2.55548	1.68408
-2.54747	1.68435
-2.53886	1.68473
-2.53169	1.68512
-2.52406	1.68496
-2.51676	1.68446
-2.50937	1.68386
-2.50127	1.68314
-2.49336	1.68226
-2.48576	1.68195
-2.47808	1.68159
-2.46999	1.68112
-2.46174	1.6814
-2.45369	1.68206
-2.44593	1.68271
-2.43841	1.68359
-2.43086	1.68444
-2.42332	1.68455
-2.41606	1.68424
-2.40866	1.68387
-2.40175	1.68313
-2.39474	1.6822
-2.38758	1.68181
-2.38063	1.68106
-2.3735	1.68037
-2.36637	1.67911
-2.35908	1.67779
-2.35203	1.67628
-2.34479	1.67447
-2.33837	1.67256
-2.33197	1.67001
-2.32552	1.66726
-2.3193	1.66447
-2.31242	1.66238
-2.30555	1.6601
-2.29883	1.65773
-2.2924	1.6538
-2.28582	1.64989
-2.27918	1.64618
-2.27288	1.64246
-2.26655	1.63927
-2.25977	1.63618
-2.2531	1.63268
-2.24632	1.62884
-2.23945	1.62516
-2.23307	1.62177
-2.22584	1.61753
-2.21853	1.61341
-2.21143	1.60855
-2.20412	1.6034
-2.19677	1.59872
-2.18933	1.59432
-2.1818	1.59036
-2.17428	1.58667
-2.16707	1.58361
-2.15986	1.58086
