###  Units are X_hat = 1.73cm.
1	0
0.994542	0.00442903
0.969209	-0.0116294
0.947911	-0.0258352
0.929064	-0.0381715
0.912844	-0.0489848
0.897608	-0.0580206
0.883784	-0.065157
0.87207	-0.0713101
0.861217	-0.0771457
0.852022	-0.0822604
0.844033	-0.0872469
0.836479	-0.0924715
0.829258	-0.0976212
0.822244	-0.102698
0.814497	-0.108022
0.807105	-0.113376
0.800664	-0.117948
0.7939	-0.123145
0.78772	-0.128307
0.781257	-0.132562
0.775018	-0.136917
0.768971	-0.141395
0.763209	-0.146444
0.757848	-0.152429
0.752705	-0.158624
0.747586	-0.164819
0.742857	-0.171052
0.738633	-0.177074
0.734847	-0.183726
0.730847	-0.190514
0.726917	-0.197445
0.723203	-0.204013
0.719465	-0.210673
0.715332	-0.21767
0.711265	-0.224573
0.706893	-0.231706
0.703203	-0.239033
0.69945	-0.246246
0.695934	-0.253554
0.693419	-0.260863
0.690935	-0.268012
0.688515	-0.275474
0.685808	-0.284011
0.682991	-0.292756
0.679705	-0.301207
0.676515	-0.30953
0.673434	-0.317672
0.670545	-0.325262
0.667721	-0.332655
0.665034	-0.340044
0.662268	-0.347211
0.6594	-0.354498
0.655895	-0.361776
0.652346	-0.369015
0.648315	-0.376357
0.644399	-0.383623
0.640716	-0.389719
0.637067	-0.396015
0.633663	-0.402613
0.630554	-0.40945
0.627666	-0.416506
0.624914	-0.423899
0.622253	-0.431293
0.619653	-0.438713
0.617255	-0.445913
0.615102	-0.453338
0.613069	-0.460868
0.611047	-0.468383
0.609142	-0.475933
0.607611	-0.483831
0.605945	-0.492099
0.603742	-0.500596
0.600847	-0.508124
0.598395	-0.515475
0.596132	-0.522975
0.594361	-0.531211
0.592666	-0.539313
0.59051	-0.547381
0.588068	-0.555733
0.585198	-0.563526
0.58209	-0.571553
0.57914	-0.579481
0.576268	-0.587587
0.573955	-0.595365
0.571897	-0.603052
0.569896	-0.610758
0.567852	-0.618948
0.5659	-0.62645
0.564606	-0.633988
0.563228	-0.641368
0.561954	-0.648882
0.560943	-0.656538
0.559999	-0.664242
0.559521	-0.672354
0.559002	-0.68013
0.55875	-0.687855
0.559474	-0.696268
0.560322	-0.705791
0.561117	-0.715048
0.561162	-0.7236
0.560918	-0.732496
0.561058	-0.741708
0.561315	-0.750391
0.561651	-0.759038
0.562178	-0.767584
0.562604	-0.775979
0.562948	-0.784276
0.563046	-0.793417
0.563473	-0.802595
0.563781	-0.811238
0.56424	-0.819787
0.565108	-0.827952
0.566858	-0.836318
0.56901	-0.844091
0.570432	-0.851775
0.571989	-0.859645
0.573842	-0.867753
0.57561	-0.875724
0.577361	-0.883569
0.579099	-0.891367
0.580661	-0.899285
0.582143	-0.907142
0.583535	-0.915415
0.5849	-0.923589
0.586444	-0.931635
0.587923	-0.939525
0.58918	-0.947318
0.589968	-0.955607
0.590842	-0.963467
0.591879	-0.971146
0.592941	-0.978813
0.593969	-0.986416
0.595684	-0.994709
0.597296	-1.00292
0.598765	-1.01097
0.600158	-1.01852
0.60173	-1.02641
0.603285	-1.03427
0.604757	-1.042
0.607076	-1.04961
0.609701	-1.05629
0.612247	-1.0631
0.614156	-1.07017
0.616276	-1.07727
0.618867	-1.0847
0.621362	-1.0921
0.623838	-1.09947
0.626744	-1.10678
0.629335	-1.11349
0.631911	-1.1201
0.634404	-1.12686
0.637244	-1.1334
0.640208	-1.13997
0.643311	-1.14724
0.646223	-1.15457
0.649042	-1.16193
0.651627	-1.16882
0.654212	-1.17567
0.65715	-1.18195
0.659997	-1.18756
0.66308	-1.19347
0.66605	-1.19977
0.668949	-1.20641
0.673116	-1.2132
0.677189	-1.21997
0.681159	-1.22675
0.684958	-1.23321
0.688822	-1.23958
0.692968	-1.24635
0.696516	-1.2537
0.700364	-1.25991
0.704202	-1.26636
0.708525	-1.27301
0.713122	-1.28
0.717376	-1.2871
0.721501	-1.29426
0.725289	-1.30109
0.729211	-1.3073
0.732849	-1.31398
0.737053	-1.32086
0.74102	-1.32783
0.745005	-1.33475
0.748703	-1.3417
0.752368	-1.34845
0.755909	-1.3554
0.759549	-1.36246
0.763521	-1.36944
0.767455	-1.376
0.771246	-1.38255
0.775037	-1.38929
0.779139	-1.39572
0.783445	-1.40237
0.787956	-1.40833
0.792154	-1.41426
0.796136	-1.42043
0.800168	-1.42661
0.804063	-1.43285
0.807919	-1.43944
0.812016	-1.44673
0.81542	-1.45416
0.818795	-1.46169
0.822173	-1.46873
0.825712	-1.47575
0.82919	-1.48249
0.832716	-1.48934
0.836228	-1.49637
0.83983	-1.50348
0.843194	-1.51086
0.847213	-1.51859
0.852036	-1.52672
0.856629	-1.53467
0.861047	-1.54187
0.86588	-1.54896
0.871244	-1.5565
0.876343	-1.56409
0.881238	-1.57131
0.886114	-1.57873
0.890535	-1.58655
0.894762	-1.59398
0.899157	-1.60134
0.903129	-1.60942
0.907471	-1.61676
0.911915	-1.624
0.916172	-1.63148
0.920327	-1.63907
0.923911	-1.64686
0.927549	-1.654
0.931934	-1.66096
0.936898	-1.66735
0.94238	-1.67383
0.947691	-1.68019
0.953143	-1.68716
0.959067	-1.69365
0.964739	-1.70014
0.970746	-1.70682
0.976235	-1.71321
0.981632	-1.71987
0.986733	-1.72651
0.991076	-1.7333
0.995283	-1.73929
0.999785	-1.74537
1.00347	-1.75168
1.00749	-1.75805
1.01153	-1.76455
1.01553	-1.77118
1.01979	-1.77772
1.02533	-1.78428
1.03134	-1.79122
1.03718	-1.79818
1.04209	-1.80504
1.04679	-1.81133
1.05273	-1.81758
1.05799	-1.82405
1.06373	-1.83068
1.06945	-1.83721
1.07511	-1.8439
1.08111	-1.85032
1.08732	-1.85589
1.09335	-1.86147
1.09923	-1.867
1.10498	-1.87295
1.11066	-1.87887
1.11669	-1.88534
1.1222	-1.89122
1.12817	-1.89695
1.13353	-1.90333
1.13987	-1.9102
1.14613	-1.91728
1.15224	-1.9239
1.15771	-1.93067
1.16232	-1.93719
1.16705	-1.94318
1.17235	-1.949
1.17771	-1.95447
1.18299	-1.95998
1.18824	-1.96554
1.1931	-1.97143
1.19754	-1.97716
1.20157	-1.98373
1.20516	-1.99068
1.20884	-1.99763
1.21303	-2.00437
1.2168	-2.01098
1.22103	-2.01766
1.22434	-2.02461
1.22766	-2.03164
1.23156	-2.03843
1.23496	-2.04525
1.23863	-2.05202
1.24264	-2.05881
1.24662	-2.06568
1.25057	-2.07251
1.25519	-2.0795
1.25935	-2.0864
1.2644	-2.09275
1.26944	-2.09904
1.27448	-2.10537
1.27933	-2.11037
1.28418	-2.1154
1.28919	-2.12036
1.29426	-2.12521
1.29967	-2.12984
1.3047	-2.13525
1.3091	-2.14031
1.31397	-2.14646
1.31887	-2.15259
1.32374	-2.15875
1.32862	-2.16482
1.33336	-2.17109
1.33768	-2.17715
1.34208	-2.18336
1.34646	-2.18965
1.35106	-2.19578
1.35564	-2.20193
1.36022	-2.20796
1.36477	-2.21429
1.3694	-2.22092
1.37401	-2.22764
1.37824	-2.23364
1.38253	-2.2398
1.38719	-2.24603
1.39186	-2.25235
1.39637	-2.25875
1.40086	-2.26507
1.40542	-2.27141
1.41112	-2.27793
1.41669	-2.284
1.42353	-2.28983
1.43054	-2.29442
1.4374	-2.29933
1.44399	-2.304
1.45026	-2.30891
1.45759	-2.31404
1.46415	-2.31872
1.47067	-2.32353
1.47708	-2.32838
1.48386	-2.33354
1.49129	-2.33792
1.49879	-2.34216
1.50603	-2.34641
1.51314	-2.35079
1.52059	-2.35491
1.52905	-2.35912
1.53695	-2.3639
1.54464	-2.36887
1.55202	-2.37388
1.55896	-2.37862
1.5661	-2.38316
1.57317	-2.38857
1.57924	-2.39412
1.58542	-2.39987
1.59128	-2.40607
1.59699	-2.41225
1.60349	-2.41891
1.60953	-2.42606
1.61549	-2.43296
1.62112	-2.43982
1.62632	-2.44765
1.63169	-2.45531
1.63721	-2.46261
1.64291	-2.46988
1.64781	-2.47736
1.65262	-2.4849
1.65801	-2.49199
1.66342	-2.49863
1.66873	-2.50517
1.67381	-2.51131
1.67852	-2.51726
1.68339	-2.52305
1.68778	-2.52881
1.69235	-2.53478
1.69744	-2.54044
1.70224	-2.54596
1.70716	-2.55148
1.71249	-2.55712
1.71798	-2.56403
1.72335	-2.57041
1.72835	-2.57719
1.73347	-2.58274
1.73856	-2.58905
1.74383	-2.59537
1.74923	-2.60157
1.75428	-2.6088
1.75958	-2.61576
1.76494	-2.62252
1.77012	-2.62838
1.7751	-2.63436
1.78015	-2.64038
1.78517	-2.64643
1.79042	-2.65285
1.7956	-2.65926
1.80058	-2.66566
1.80497	-2.67235
1.80923	-2.6789
1.81332	-2.68537
1.81761	-2.69191
1.82209	-2.69902
1.82614	-2.70577
1.83007	-2.71222
1.83416	-2.71899
1.83815	-2.72583
1.84216	-2.7326
1.84658	-2.73918
1.85072	-2.74574
1.85391	-2.75238
1.85774	-2.75891
1.86171	-2.76558
1.86572	-2.77199
1.86987	-2.77826
1.87401	-2.78391
1.87833	-2.78935
1.88236	-2.79539
1.88621	-2.80286
1.89002	-2.81021
1.89397	-2.81709
1.89785	-2.82326
1.90131	-2.82905
1.90526	-2.83449
1.90938	-2.84044
1.91423	-2.84627
1.91907	-2.85214
1.92367	-2.85773
1.92821	-2.86365
1.93265	-2.8695
1.93714	-2.87543
1.9421	-2.88108
1.94713	-2.88693
1.95255	2.88762
1.95852	2.88243
1.96432	2.87782
1.97006	2.87402
1.9762	2.87039
1.98256	2.86692
1.98926	2.86383
1.99618	2.86093
2.0022	2.85733
2.00849	2.85383
2.01509	2.85062
2.02177	2.84758
2.02837	2.84483
2.0351	2.84247
2.04188	2.84066
2.04889	2.83895
2.05619	2.83758
2.06357	2.83644
2.07097	2.83643
2.07807	2.83662
2.08503	2.83709
2.09211	2.83729
2.09957	2.83777
2.10737	2.83794
2.11544	2.83877
2.12345	2.84021
2.13146	2.84152
2.1399	2.84319
2.14808	2.84491
2.1571	2.84629
2.16587	2.84815
2.17446	2.8504
2.18276	2.85296
2.19061	2.85562
2.19846	2.85829
2.20614	2.86066
2.21354	2.86333
2.22095	2.86594
2.22793	2.86861
2.23498	2.87126
2.24211	2.87384
2.24922	2.87709
2.25647	2.88015
2.26382	2.88268
2.27129	2.88464
2.27884	2.88653
2.28629	2.88832
2.29346	-2.8899
2.30089	-2.88863
2.30862	-2.8884
2.31667	-2.8886
2.32474	-2.88878
2.33341	-2.88959
2.34176	2.88962
2.3497	2.88829
2.35722	2.88712
2.36487	2.88608
2.37181	2.8852
2.37893	2.88441
2.38592	2.88289
2.3932	2.8814
2.40101	2.88014
2.40884	2.87891
2.41685	2.8783
2.42501	2.87777
2.4331	2.87779
2.44106	2.87854
2.44914	2.87925
2.45645	2.88033
2.46369	2.8817
2.47088	2.88183
2.47891	2.88226
2.48742	2.8821
2.49575	2.88239
2.50414	2.88264
2.51277	2.88219
2.5213	2.88171
2.52974	2.88105
2.53787	2.88129
2.54606	2.88107
2.5536	2.881
2.56073	2.88109
2.56806	2.88119
2.57537	2.88142
2.58353	2.88153
2.59176	2.88173
2.59988	2.8822
2.60819	2.88257
2.61682	2.88349
2.62549	2.88404
2.6339	2.88502
2.64229	2.88688
2.65045	2.88878
2.65846	-2.88941
2.66669	-2.88796
2.67472	-2.88682
2.6827	-2.88549
2.69123	-2.88436
2.69916	-2.88323
2.70694	-2.882
2.7152	-2.88083
2.7233	-2.87982
2.73136	-2.87887
2.73934	-2.87804
2.74715	-2.87718
2.75478	-2.8762
2.76261	-2.87565
2.77058	-2.87506
2.77823	-2.87443
2.78573	-2.87401
2.79333	-2.87353
2.80095	-2.87328
2.80928	-2.87333
2.81718	-2.87359
2.82526	-2.87374
2.83374	-2.87387
2.84208	-2.8738
2.85018	-2.87381
2.85819	-2.87379
2.86463	-2.8736
2.87234	-2.87258
2.88022	-2.87201
2.88794	-2.87165
-2.88524	-2.87148
-2.87826	-2.87051
-2.87151	-2.86938
-2.86449	-2.86813
-2.85676	-2.86659
-2.84921	-2.86541
-2.84162	-2.8642
-2.83379	-2.86315
-2.82599	-2.86211
-2.81819	-2.86102
-2.81013	-2.86009
-2.80204	-2.85903
-2.79397	-2.85866
-2.78734	-2.85854
-2.78011	-2.85833
-2.77287	-2.85833
-2.76563	-2.85836
-2.75799	-2.85864
-2.75014	-2.85845
-2.74229	-2.85824
-2.7344	-2.85762
-2.72689	-2.85666
-2.71949	-2.85603
-2.71227	-2.85509
-2.70561	-2.85463
-2.69865	-2.85406
-2.69151	-2.85323
-2.68427	-2.85256
-2.67627	-2.85094
-2.66818	-2.84959
-2.66012	-2.84799
-2.65219	-2.84636
-2.64477	-2.84488
-2.63748	-2.84311
-2.63024	-2.84115
-2.62269	-2.83923
-2.61563	-2.83772
-2.60869	-2.83577
-2.60158	-2.83395
-2.59439	-2.83205
-2.58752	-2.83026
-2.58062	-2.82845
-2.57345	-2.82632
-2.56656	-2.82359
-2.55954	-2.82056
-2.55277	-2.8168
-2.54579	-2.81274
-2.53879	-2.8087
-2.53137	-2.80464
-2.524	-2.80006
-2.51684	-2.79604
-2.50979	-2.79244
-2.50342	-2.78892
-2.49694	-2.78546
-2.49045	-2.78182
-2.48388	-2.77821
-2.47698	-2.77469
-2.46968	-2.77119
-2.46242	-2.76768
-2.45528	-2.76393
-2.4483	-2.76087
-2.44092	-2.75767
-2.43329	-2.75501
-2.42508	-2.75264
-2.41725	-2.7506
-2.40948	-2.74858
-2.40171	-2.74653
-2.39368	-2.74451
-2.38544	-2.74166
-2.37757	-2.73863
-2.36984	-2.73555
-2.3614	-2.7321
-2.35204	-2.72799
-2.34336	-2.72404
-2.33495	-2.72042
-2.32636	-2.71668
-2.31746	-2.71264
-2.30803	-2.70884
-2.29916	-2.70504
-2.29044	-2.70115
-2.28203	-2.6968
-2.27406	-2.69249
-2.26608	-2.68943
-2.25893	-2.68618
-2.25179	-2.68242
-2.24533	-2.67887
-2.23873	-2.67516
-2.23237	-2.67135
-2.22562	-2.667
-2.21906	-2.66294
-2.21243	-2.65851
-2.20641	-2.6543
-2.20035	-2.65006
-2.19396	-2.6456
-2.18745	-2.64111
-2.18095	-2.63654
-2.17459	-2.63206
-2.16832	-2.62786
-2.16176	-2.62368
-2.15532	-2.61964
-2.14884	-2.61547
-2.14239	-2.61086
-2.13591	-2.6066
-2.12946	-2.60188
-2.123	-2.59731
-2.11628	-2.59246
-2.10943	-2.58749
-2.10258	-2.58266
-2.09564	-2.5781
-2.08883	-2.57244
-2.08227	-2.56644
-2.07566	-2.56074
-2.06929	-2.55573
-2.06305	-2.54951
-2.05707	-2.5428
-2.05134	-2.53684
-2.04566	-2.53097
-2.03967	-2.52484
-2.03381	-2.51879
-2.02814	-2.51284
-2.02282	-2.50665
-2.01745	-2.50039
-2.01215	-2.49411
-2.00729	-2.48857
-2.00239	-2.48292
-1.99765	-2.4777
-1.99328	-2.47257
-1.98895	-2.4674
-1.98418	-2.46267
-1.97854	-2.45744
-1.97299	-2.45224
-1.96637	-2.44666
-1.95997	-2.44095
-1.95387	-2.43505
-1.94795	-2.42886
-1.94272	-2.42274
-1.93758	-2.41703
-1.93229	-2.41122
-1.92701	-2.40547
-1.92167	-2.3994
-1.91564	-2.39383
-1.90973	-2.3882
-1.90436	-2.38313
-1.89904	-2.37804
-1.8937	-2.37298
-1.88832	-2.36784
-1.88283	-2.36162
-1.87746	-2.35464
-1.8721	-2.34738
-1.867	-2.34024
-1.86165	-2.33357
-1.85662	-2.32684
-1.85192	-2.3195
-1.84745	-2.3113
-1.84331	-2.30373
-1.8388	-2.2959
-1.8347	-2.28777
-1.8307	-2.27997
-1.82735	-2.2719
-1.82384	-2.26387
-1.8205	-2.25544
-1.81722	-2.247
-1.81404	-2.23885
-1.81078	-2.23095
-1.80754	-2.2234
-1.80457	-2.21609
-1.80096	-2.2094
-1.79739	-2.20266
-1.7935	-2.19558
-1.78923	-2.18878
-1.78565	-2.18223
-1.78268	-2.17592
-1.77961	-2.16936
-1.77675	-2.16254
-1.77387	-2.15594
-1.77105	-2.14926
-1.76828	-2.14228
-1.76607	-2.13594
-1.76382	-2.1293
-1.76171	-2.12251
-1.75961	-2.11608
-1.75744	-2.10945
-1.75523	-2.10238
-1.75339	-2.09493
-1.75157	-2.08748
-1.74988	-2.08007
-1.74809	-2.07257
-1.74624	-2.06453
-1.74408	-2.05634
-1.74191	-2.04823
-1.73963	-2.04017
-1.73729	-2.0317
-1.7355	-2.02429
-1.7337	-2.01705
-1.73192	-2.01001
-1.73027	-2.00265
-1.72871	-1.99397
-1.72694	-1.98488
-1.7254	-1.9765
-1.72344	-1.96881
-1.72186	-1.96138
-1.71963	-1.95337
-1.7175	-1.94522
-1.71543	-1.93715
-1.71343	-1.92928
-1.71144	-1.92105
-1.70994	-1.91303
-1.70833	-1.90487
-1.70695	-1.89677
-1.70555	-1.88875
-1.7034	-1.88011
-1.70105	-1.87159
-1.69984	-1.86303
-1.69867	-1.8541
-1.69757	-1.84538
-1.69661	-1.83724
-1.69501	-1.83016
-1.6935	-1.82302
-1.69241	-1.81613
-1.69101	-1.80876
-1.68955	-1.80156
-1.68775	-1.79375
-1.68626	-1.78596
-1.68475	-1.77819
-1.68324	-1.77041
-1.68179	-1.76257
-1.68022	-1.75476
-1.67859	-1.74665
-1.6768	-1.73823
-1.67537	-1.72923
-1.67359	-1.72079
-1.67184	-1.71275
-1.67016	-1.70485
-1.66848	-1.69703
-1.66648	-1.69018
-1.66444	-1.68313
-1.66241	-1.67635
-1.65984	-1.66969
-1.65733	-1.66259
-1.6545	-1.65547
-1.65179	-1.64824
-1.6489	-1.64092
-1.6466	-1.63291
-1.64434	-1.62499
-1.6418	-1.61679
-1.63914	-1.60855
-1.63698	-1.6005
-1.63485	-1.59253
-1.63306	-1.58496
-1.6314	-1.57664
-1.6303	-1.56836
-1.62914	-1.56044
-1.62865	-1.55271
-1.62821	-1.54449
-1.62773	-1.53557
-1.62702	-1.52653
-1.62633	-1.51787
-1.6255	-1.50948
-1.62409	-1.50189
-1.62279	-1.49427
-1.62203	-1.48662
-1.62136	-1.47907
-1.62023	-1.47243
-1.61891	-1.46533
-1.61723	-1.45815
-1.61554	-1.45087
-1.61382	-1.4434
-1.61169	-1.43599
-1.6096	-1.42822
-1.60755	-1.42057
-1.60565	-1.41281
-1.60394	-1.40541
-1.6023	-1.39843
-1.6002	-1.39147
-1.59777	-1.38547
-1.59534	-1.37897
-1.59296	-1.37198
-1.58966	-1.36534
-1.5872	-1.35924
-1.58481	-1.35314
-1.5826	-1.34684
-1.58036	-1.3403
-1.57777	-1.3342
-1.57528	-1.32852
-1.57268	-1.32227
-1.56894	-1.3166
-1.56526	-1.31078
-1.56183	-1.30486
-1.55827	-1.29878
-1.55449	-1.29255
-1.55103	-1.28631
-1.54745	-1.27963
-1.54457	-1.27311
-1.54189	-1.26678
-1.5389	-1.26028
-1.53611	-1.25326
-1.53336	-1.24614
-1.53054	-1.2391
-1.52782	-1.23199
-1.52545	-1.22513
-1.52324	-1.21744
-1.52075	-1.20934
-1.51863	-1.20139
-1.51599	-1.19381
-1.51331	-1.18561
-1.5101	-1.17716
-1.50726	-1.1686
-1.50454	-1.16042
-1.50212	-1.1527
-1.49981	-1.14501
-1.49745	-1.13711
-1.49475	-1.12891
-1.49169	-1.12061
-1.48848	-1.11256
-1.48552	-1.10549
-1.48276	-1.09883
-1.48041	-1.0915
-1.47827	-1.08402
-1.47622	-1.07671
-1.47422	-1.06927
-1.47234	-1.06153
-1.47127	-1.05312
-1.47003	-1.04461
-1.4689	-1.0363
-1.46753	-1.02801
-1.46591	-1.01952
-1.46366	-1.01124
-1.46173	-1.00369
-1.4595	-0.996392
-1.45766	-0.989084
-1.45572	-0.981828
-1.45402	-0.974413
-1.45231	-0.966773
-1.45087	-0.959143
-1.44914	-0.952061
-1.44734	-0.944477
-1.44607	-0.936811
-1.44482	-0.928896
-1.44355	-0.921101
-1.44235	-0.913325
-1.44092	-0.906261
-1.43927	-0.898925
-1.43858	-0.890761
-1.43885	-0.882508
-1.43955	-0.873965
-1.43995	-0.866071
-1.44057	-0.858459
-1.44006	-0.851168
-1.43942	-0.843391
-1.43872	-0.835798
-1.43789	-0.828658
-1.43749	-0.821317
-1.43676	-0.814221
-1.43607	-0.80691
-1.43582	-0.799668
-1.43492	-0.791805
-1.4331	-0.782998
-1.43146	-0.774433
-1.42956	-0.765585
-1.42776	-0.756114
-1.42607	-0.747026
-1.42455	-0.738118
-1.42297	-0.729329
-1.42175	-0.720324
-1.4201	-0.710834
-1.41883	-0.702425
-1.41734	-0.693847
-1.41604	-0.685374
-1.41456	-0.677274
-1.41325	-0.669928
-1.41216	-0.662564
-1.41089	-0.654948
-1.40965	-0.647493
-1.40808	-0.640138
-1.4063	-0.632817
-1.40463	-0.62542
-1.40235	-0.617278
-1.40045	-0.609043
-1.39811	-0.601263
-1.39577	-0.593537
-1.39354	-0.585805
-1.39192	-0.578403
-1.39023	-0.571288
-1.38784	-0.56358
-1.38585	-0.555923
-1.38391	-0.548062
-1.3814	-0.540233
-1.37912	-0.53245
-1.37686	-0.524879
-1.37423	-0.517446
-1.37179	-0.510015
-1.36956	-0.502437
-1.3673	-0.495127
-1.36509	-0.488069
-1.36266	-0.481101
-1.36023	-0.473972
-1.35802	-0.466426
-1.35597	-0.458831
-1.35399	-0.45104
-1.3521	-0.443284
-1.34992	-0.436254
-1.34783	-0.429007
-1.34583	-0.421217
-1.34426	-0.413279
-1.34208	-0.405905
-1.34003	-0.398453
-1.33782	-0.390796
-1.33547	-0.383128
-1.33341	-0.37537
-1.33117	-0.367445
-1.32897	-0.359166
-1.32686	-0.350788
-1.32482	-0.342629
-1.32276	-0.334316
-1.32128	-0.325918
-1.31993	-0.317499
-1.31866	-0.309115
-1.31754	-0.301025
-1.31665	-0.293187
-1.31581	-0.285532
-1.31482	-0.278486
-1.31392	-0.271411
-1.31328	-0.264765
-1.31252	-0.258043
-1.31218	-0.25071
-1.31157	-0.243419
-1.31065	-0.236245
-1.30967	-0.228909
-1.3086	-0.222064
-1.30766	-0.214973
-1.30613	-0.207363
-1.30458	-0.199782
-1.30348	-0.193202
-1.30278	-0.186577
-1.30212	-0.179391
-1.30187	-0.172045
-1.30167	-0.164594
-1.30157	-0.157263
-1.30117	-0.149535
-1.30189	-0.14183
-1.30263	-0.134086
-1.30321	-0.126159
-1.3039	-0.118088
-1.30519	-0.109496
-1.30619	-0.100998
-1.30718	-0.0926673
-1.30794	-0.0835523
-1.30786	-0.0746615
-1.30721	-0.0658134
-1.30683	-0.0573435
-1.30719	-0.0489191
-1.30757	-0.0405087
-1.30789	-0.0322432
-1.30847	-0.0233796
-1.30962	-0.0137863
-1.31094	-0.00390693
-1.31156	0.00452275
-1.31218	0.0129388
-1.31347	0.0208441
-1.31506	0.0291402
-1.31626	0.0367852
-1.31721	0.0443111
-1.31845	0.0518766
-1.31952	0.0600328
-1.32002	0.0682786
-1.3206	0.0763872
-1.32139	0.0841705
-1.32205	0.0918852
-1.32159	0.0999151
-1.32119	0.107713
-1.32076	0.115198
-1.32074	0.122581
-1.32128	0.130303
-1.32193	0.137615
-1.32232	0.145003
-1.32272	0.152477
-1.32351	0.159943
-1.32436	0.167684
-1.32543	0.175334
-1.32638	0.18267
-1.3277	0.190005
-1.32965	0.196988
-1.33173	0.20391
-1.33417	0.210541
-1.33635	0.217307
-1.33834	0.224582
-1.34027	0.232083
-1.34243	0.239496
-1.34423	0.247229
-1.34629	0.254869
-1.348	0.261976
-1.34898	0.269574
-1.35055	0.276194
-1.3521	0.28292
-1.35356	0.290498
-1.35552	0.298182
-1.3573	0.306056
-1.35899	0.313691
-1.36061	0.321358
-1.36209	0.329871
-1.36393	0.338323
-1.36552	0.34651
-1.36697	0.354606
-1.36793	0.362962
-1.36911	0.371067
-1.36947	0.379731
-1.37056	0.387944
-1.37223	0.395578
-1.37379	0.403267
-1.37525	0.411012
-1.37684	0.419413
-1.37873	0.428217
-1.38042	0.436773
-1.38234	0.445098
-1.3842	0.45283
-1.38575	0.460564
-1.38636	0.468326
-1.38711	0.475869
-1.3878	0.483387
-1.38848	0.491023
-1.38876	0.498885
-1.389	0.50677
-1.38928	0.51475
-1.38977	0.522557
-1.38991	0.529781
-1.39003	0.53718
-1.38962	0.544484
-1.38921	0.551863
-1.38885	0.559611
-1.38883	0.567468
-1.3888	0.575483
-1.38839	0.583884
-1.38817	0.591603
-1.38802	0.599726
-1.38792	0.607863
-1.38819	0.615698
-1.3881	0.623209
-1.38806	0.63097
-1.38826	0.638126
-1.38871	0.645582
-1.38952	0.652949
-1.38994	0.660763
-1.39057	0.66831
-1.39087	0.676309
-1.3903	0.683564
-1.38971	0.691009
-1.38929	0.698642
-1.38918	0.705741
-1.38852	0.713169
-1.38801	0.720213
-1.38756	0.727285
-1.38746	0.734506
-1.38733	0.741857
-1.38706	0.749157
-1.38673	0.757007
-1.38641	0.76479
-1.38608	0.772592
-1.38526	0.780316
-1.38458	0.787991
-1.38368	0.795727
-1.38281	0.803432
-1.38101	0.81137
-1.37947	0.819266
-1.37865	0.827253
-1.37721	0.835859
-1.37584	0.844275
-1.37406	0.852369
-1.37275	0.861164
-1.37217	0.86958
-1.37114	0.877881
-1.37039	0.885914
-1.37037	0.893819
-1.37032	0.901789
-1.37007	0.909684
-1.36946	0.917579
-1.36885	0.925284
-1.36828	0.932979
-1.36774	0.940787
-1.36725	0.947993
-1.36667	0.955292
-1.36597	0.963165
-1.36473	0.97055
-1.36358	0.978695
-1.3617	0.987067
-1.35975	0.995571
-1.3572	1.00351
-1.35512	1.01197
-1.35255	1.02065
-1.35029	1.02932
-1.34862	1.03821
-1.34713	1.04684
-1.34569	1.05533
-1.34416	1.06369
-1.34269	1.07193
-1.34118	1.08006
-1.33976	1.08796
-1.3385	1.09627
-1.33726	1.10403
-1.33618	1.11161
-1.33518	1.11927
-1.33423	1.12699
-1.33359	1.13444
-1.33298	1.14192
-1.33303	1.14905
-1.33295	1.15613
-1.33271	1.16336
-1.33258	1.17071
-1.33218	1.17755
-1.33158	1.18484
-1.33176	1.19201
-1.33214	1.19946
-1.3325	1.20717
-1.33297	1.21497
-1.33342	1.22266
-1.33384	1.23029
-1.334	1.23839
-1.33382	1.24663
-1.33364	1.25472
-1.33325	1.26241
-1.33292	1.27037
-1.33283	1.27795
-1.33289	1.28541
-1.3321	1.29267
-1.33163	1.29945
-1.33135	1.30651
-1.33121	1.31332
-1.33102	1.32031
-1.33076	1.32759
-1.32974	1.33495
-1.32864	1.34266
-1.32725	1.35102
-1.32585	1.35934
-1.32492	1.36671
-1.32399	1.37422
-1.3235	1.38138
-1.32325	1.3884
-1.32308	1.39554
-1.32314	1.40182
-1.32312	1.40859
-1.32313	1.41571
-1.32336	1.42318
-1.32353	1.43112
-1.32379	1.43916
-1.32413	1.44725
-1.32402	1.45599
-1.32396	1.46457
-1.324	1.47345
-1.32415	1.48212
-1.32416	1.49027
-1.32411	1.49846
-1.32406	1.50646
-1.32305	1.51456
-1.32319	1.52314
-1.32381	1.53172
-1.32439	1.54016
-1.32489	1.54846
-1.32544	1.55688
-1.32615	1.56519
-1.32756	1.57353
-1.32903	1.58208
-1.33053	1.59048
-1.33246	1.59969
-1.33406	1.60865
-1.33542	1.61793
-1.33674	1.62675
-1.3387	1.63526
-1.34069	1.6436
-1.34352	1.6526
-1.34617	1.6613
-1.34855	1.66986
-1.35074	1.67831
-1.3528	1.68668
-1.35474	1.69491
-1.35663	1.70292
-1.35869	1.71083
-1.36067	1.71864
-1.36211	1.72694
-1.36329	1.73503
-1.36451	1.74308
-1.36531	1.75135
-1.36595	1.75939
-1.36659	1.76767
-1.36727	1.77597
-1.36803	1.78433
-1.36796	1.79214
-1.36796	1.8002
-1.36807	1.80856
-1.36853	1.81679
-1.36883	1.8249
-1.36898	1.83306
-1.36901	1.84115
-1.36914	1.84931
-1.36953	1.85744
-1.37001	1.86556
-1.37058	1.87365
-1.37111	1.88176
-1.37131	1.88987
-1.37163	1.89767
-1.37186	1.90564
-1.37174	1.91379
-1.37105	1.92169
-1.37075	1.92906
-1.37045	1.93652
-1.36967	1.94384
-1.36897	1.95095
-1.36821	1.959
-1.36775	1.96721
-1.36737	1.97519
-1.36684	1.98242
-1.3661	1.99012
-1.36552	1.99767
-1.3655	2.00511
-1.36542	2.01248
-1.36532	2.01998
-1.36518	2.02755
-1.3643	2.03577
-1.36355	2.04473
-1.36303	2.05304
-1.36243	2.06062
-1.36189	2.06834
-1.36207	2.07629
-1.36217	2.08421
-1.36148	2.09123
-1.36088	2.09851
-1.35966	2.10583
-1.35876	2.11315
-1.35858	2.12064
-1.359	2.12804
-1.35999	2.13563
-1.36031	2.14311
-1.36011	2.15062
-1.36027	2.15796
-1.35982	2.16541
-1.35938	2.17299
-1.35889	2.18065
-1.3586	2.18842
-1.3584	2.19622
-1.3583	2.20337
-1.35809	2.21068
-1.35762	2.21747
-1.3571	2.22455
-1.35608	2.23088
-1.35461	2.2375
-1.3535	2.24393
-1.35264	2.25064
-1.35182	2.25766
-1.35106	2.26482
-1.35007	2.27217
-1.34912	2.28022
-1.34818	2.28832
-1.34835	2.29616
-1.34853	2.30401
-1.34879	2.31207
-1.34892	2.3204
-1.34914	2.32845
-1.34936	2.33647
-1.34954	2.34432
-1.35031	2.35226
-1.35117	2.36001
-1.35203	2.3677
-1.35297	2.37543
-1.35394	2.38302
-1.35504	2.3901
-1.35642	2.39788
-1.35755	2.40584
-1.3585	2.41365
-1.35988	2.42137
-1.36137	2.42935
-1.36289	2.43689
-1.36432	2.44433
-1.36568	2.4519
-1.36736	2.4592
-1.36923	2.46623
-1.37093	2.4733
-1.37188	2.4804
-1.3737	2.48803
-1.37549	2.49607
-1.37702	2.50399
-1.3786	2.5115
-1.381	2.52032
-1.3834	2.52917
-1.38606	2.53771
-1.38785	2.5462
-1.38973	2.55468
-1.39083	2.56326
-1.39186	2.5717
-1.3925	2.57986
-1.39249	2.58716
-1.39323	2.59428
-1.39411	2.60155
-1.39466	2.60943
-1.395	2.61729
-1.39509	2.62529
-1.39498	2.63312
-1.39453	2.64118
-1.39414	2.64931
-1.39419	2.65679
-1.39449	2.66459
-1.3956	2.67255
-1.39659	2.68032
-1.39784	2.68794
-1.39879	2.69545
-1.39939	2.70318
-1.40005	2.71086
-1.40098	2.71857
-1.402	2.72611
-1.40212	2.73412
-1.40088	2.74234
-1.39977	2.75046
-1.39873	2.75849
-1.39823	2.76619
-1.39794	2.7749
-1.39738	2.78341
-1.39684	2.79157
-1.39623	2.79992
-1.39555	2.80836
-1.39494	2.8167
-1.39444	2.82514
-1.39415	2.83372
-1.39488	2.84218
-1.39551	2.85117
-1.39634	2.85984
-1.39703	2.86819
-1.39756	2.87653
-1.39787	2.88464
-1.39758	-2.88751
-1.39746	-2.88015
-1.39723	-2.87232
-1.39714	-2.86432
-1.39697	-2.85624
-1.39695	-2.84814
-1.39695	-2.84011
-1.3971	-2.83202
-1.39774	-2.82444
-1.3985	-2.81654
-1.3991	-2.80843
-1.40009	-2.80034
-1.40113	-2.79219
-1.40245	-2.7838
-1.40351	-2.77617
-1.40487	-2.76885
-1.40623	-2.76045
-1.40756	-2.75156
-1.40886	-2.74259
-1.41005	-2.73386
-1.41209	-2.72488
-1.41441	-2.71634
-1.41665	-2.70794
-1.4192	-2.69928
-1.42178	-2.69159
-1.4244	-2.68374
-1.42688	-2.67582
-1.42915	-2.66845
-1.43033	-2.66086
-1.43162	-2.65304
-1.4328	-2.64528
-1.43408	-2.63737
-1.43573	-2.62916
-1.43725	-2.62106
-1.43915	-2.61319
-1.44108	-2.60529
-1.44278	-2.59728
-1.44423	-2.58887
-1.44556	-2.58052
-1.44674	-2.57231
-1.44773	-2.56373
-1.44898	-2.55583
-1.45003	-2.54754
-1.45094	-2.53912
-1.45186	-2.53122
-1.45278	-2.52334
-1.4535	-2.51485
-1.45442	-2.50656
-1.45511	-2.49873
-1.45574	-2.49069
-1.45647	-2.48267
-1.4572	-2.47465
-1.45772	-2.4669
-1.45799	-2.45908
-1.45825	-2.45105
-1.45862	-2.44382
-1.45954	-2.43639
-1.46057	-2.4284
-1.46111	-2.41994
-1.46157	-2.41163
-1.46171	-2.40296
-1.46101	-2.39413
-1.46049	-2.38586
-1.45995	-2.37765
-1.45919	-2.36872
-1.45819	-2.35914
-1.4567	-2.35019
-1.45509	-2.34183
-1.45376	-2.33305
-1.45253	-2.32406
-1.45153	-2.31505
-1.45138	-2.30692
-1.45106	-2.29863
-1.45105	-2.29101
-1.4512	-2.28325
-1.45134	-2.27524
-1.45137	-2.26807
-1.45128	-2.26082
-1.452	-2.2534
-1.45271	-2.24595
-1.45352	-2.23882
-1.4544	-2.23115
-1.45583	-2.22371
-1.45709	-2.21622
-1.45849	-2.20871
-1.45972	-2.20095
-1.46012	-2.19372
-1.46023	-2.18632
-1.46055	-2.17879
-1.46081	-2.17111
-1.46167	-2.16274
-1.46246	-2.15374
-1.46309	-2.14485
-1.46394	-2.13616
-1.46453	-2.12757
-1.46538	-2.11896
-1.46578	-2.11068
-1.46627	-2.10307
-1.46666	-2.09595
-1.46703	-2.08869
-1.46669	-2.08097
-1.4669	-2.07365
-1.46712	-2.06628
-1.4677	-2.05813
-1.46829	-2.05009
-1.46821	-2.04154
-1.4682	-2.03338
-1.46856	-2.02504
-1.46928	-2.01703
-1.46994	-2.0087
-1.47057	-2.00048
-1.47109	-1.99197
-1.47085	-1.98335
-1.47033	-1.9751
-1.46966	-1.96673
-1.46903	-1.95842
-1.46831	-1.9502
-1.46768	-1.94234
-1.46646	-1.93434
-1.46551	-1.92657
-1.46462	-1.91838
-1.46373	-1.91007
-1.46288	-1.90187
-1.46175	-1.89387
-1.4607	-1.88595
-1.45935	-1.87832
-1.45696	-1.87051
-1.45483	-1.86265
-1.45263	-1.85471
-1.45055	-1.84687
-1.44857	-1.83905
-1.44694	-1.83171
-1.44439	-1.82485
-1.44182	-1.8179
-1.4393	-1.81083
-1.43686	-1.80367
-1.43425	-1.79634
-1.4324	-1.78885
-1.4306	-1.78159
-1.42895	-1.77416
-1.42717	-1.76669
-1.42553	-1.75924
-1.42373	-1.75172
-1.42203	-1.74416
-1.42052	-1.73649
-1.41949	-1.72871
-1.41791	-1.72094
-1.41635	-1.71333
-1.41502	-1.70606
-1.41369	-1.69872
-1.41248	-1.69183
-1.41106	-1.6844
-1.41008	-1.6774
-1.40959	-1.67075
-1.4091	-1.66385
-1.4085	-1.65662
-1.40805	-1.64943
-1.40809	-1.64247
-1.40813	-1.63534
-1.40821	-1.62806
-1.40802	-1.62037
-1.40765	-1.61266
-1.4072	-1.60518
-1.4062	-1.59773
-1.40524	-1.59022
-1.40431	-1.58236
-1.40339	-1.57428
-1.40258	-1.56594
-1.40219	-1.55755
-1.40198	-1.5496
-1.40186	-1.54147
-1.40103	-1.53318
-1.40044	-1.52531
-1.39984	-1.51745
-1.39914	-1.50962
-1.39751	-1.5021
-1.3958	-1.49448
-1.394	-1.48695
-1.39167	-1.48056
-1.38963	-1.47452
-1.38754	-1.46799
-1.3854	-1.46085
-1.38362	-1.4532
-1.38193	-1.44542
-1.3803	-1.43768
-1.37883	-1.42989
-1.3777	-1.4229
-1.37659	-1.41563
-1.37507	-1.40762
-1.37366	-1.40046
-1.37253	-1.39338
-1.37107	-1.38572
-1.3694	-1.37877
-1.36764	-1.37178
-1.36597	-1.36451
-1.36399	-1.3573
-1.36207	-1.34982
-1.36024	-1.34264
-1.35877	-1.33534
-1.3572	-1.32792
-1.35574	-1.32044
-1.35442	-1.31322
-1.3532	-1.30587
-1.35218	-1.29857
-1.35121	-1.29113
-1.35033	-1.28481
-1.34977	-1.2795
-1.3492	-1.27375
-1.3499	-1.26803
-1.35075	-1.26205
-1.35121	-1.25565
-1.35171	-1.24924
-1.35223	-1.24252
-1.35168	-1.23559
-1.35059	-1.2279
-1.34964	-1.22002
-1.34879	-1.2118
-1.34788	-1.20375
-1.34734	-1.19565
-1.34665	-1.18749
-1.34607	-1.17941
-1.34509	-1.17223
-1.34424	-1.16434
-1.34349	-1.15609
-1.34301	-1.14697
-1.34264	-1.13778
-1.34301	-1.12923
-1.34445	-1.12105
-1.34589	-1.11283
-1.34723	-1.10477
-1.3485	-1.09675
-1.34908	-1.08914
-1.34948	-1.08208
-1.35042	-1.07505
-1.35115	-1.06868
-1.35206	-1.0622
-1.35302	-1.05556
-1.35395	-1.04872
-1.35502	-1.04132
-1.35623	-1.03378
-1.35704	-1.02633
-1.35779	-1.01882
-1.35809	-1.01067
-1.35816	-1.00258
-1.35772	-0.995025
-1.35714	-0.987542
-1.35704	-0.979681
-1.35609	-0.97211
-1.35474	-0.964823
-1.35345	-0.957791
-1.3529	-0.950558
-1.3526	-0.943205
-1.35247	-0.935749
-1.35201	-0.928719
-1.35175	-0.921567
-1.35054	-0.914781
-1.34928	-0.907535
-1.34841	-0.900206
-1.3477	-0.893241
-1.34693	-0.886025
-1.34567	-0.878902
-1.34449	-0.871469
-1.34314	-0.864666
-1.3413	-0.857925
-1.34005	-0.851115
-1.33878	-0.843749
-1.33757	-0.836541
-1.33663	-0.829383
-1.3359	-0.822048
-1.33639	-0.815805
-1.33592	-0.809359
-1.33538	-0.802813
-1.33431	-0.796239
-1.33335	-0.789284
-1.33199	-0.781646
-1.33088	-0.773994
-1.32963	-0.766424
-1.32836	-0.758535
-1.32711	-0.750418
-1.32576	-0.742049
-1.32439	-0.733784
-1.32262	-0.725725
-1.32078	-0.717781
-1.3189	-0.710059
-1.31682	-0.702579
-1.31471	-0.695241
-1.31314	-0.688707
-1.31131	-0.682174
-1.30918	-0.675569
-1.30719	-0.66871
-1.30463	-0.661818
-1.30252	-0.654442
-1.30051	-0.64698
-1.29833	-0.63904
-1.29641	-0.631128
-1.29468	-0.623372
-1.2929	-0.615695
-1.29128	-0.608196
-1.28956	-0.600645
-1.28781	-0.592902
-1.28596	-0.585113
-1.28486	-0.577191
-1.28338	-0.569351
-1.28206	-0.561523
-1.28074	-0.553619
-1.27977	-0.545917
-1.27871	-0.538252
-1.27761	-0.530496
-1.27614	-0.522847
-1.27531	-0.516395
-1.27465	-0.510473
-1.27382	-0.504273
-1.27208	-0.497949
-1.27054	-0.491068
-1.26893	-0.484077
-1.26689	-0.47676
-1.26468	-0.469639
-1.26179	-0.461952
-1.25874	-0.45493
-1.25563	-0.447729
-1.25257	-0.440282
-1.24934	-0.433117
-1.24612	-0.425931
-1.2432	-0.418429
-1.24022	-0.411845
-1.23716	-0.405067
-1.23343	-0.397367
-1.23041	-0.390295
-1.22735	-0.383248
-1.22444	-0.376545
-1.22201	-0.369262
-1.21951	-0.361994
-1.21699	-0.35468
-1.21433	-0.347287
-1.21206	-0.340538
-1.20981	-0.333392
-1.20761	-0.326046
-1.20568	-0.317676
-1.20384	-0.310055
-1.20172	-0.302421
-1.19949	-0.29513
-1.19715	-0.287802
-1.19468	-0.280894
-1.19219	-0.273751
-1.18946	-0.266758
-1.18652	-0.259282
-1.18323	-0.251815
-1.18016	-0.244445
-1.17697	-0.236831
-1.17473	-0.229919
-1.172	-0.22358
-1.16983	-0.217351
-1.16681	-0.210484
-1.16359	-0.203608
-1.16004	-0.196802
-1.1561	-0.190112
-1.15261	-0.183579
-1.14871	-0.177464
-1.1448	-0.171096
-1.14098	-0.1648
-1.13694	-0.158476
-1.13287	-0.152159
-1.12882	-0.145804
-1.12488	-0.139715
-1.12074	-0.13356
-1.11665	-0.127922
-1.11263	-0.12205
-1.10811	-0.116613
-1.10315	-0.110799
-1.09847	-0.105149
-1.09361	-0.0999438
-1.08864	-0.0948178
-1.08356	-0.0896261
-1.07835	-0.0843599
-1.07329	-0.0788328
-1.06829	-0.073283
-1.06352	-0.067477
-1.05858	-0.0615279
-1.05365	-0.0550367
-1.04876	-0.0485783
-1.04385	-0.0421978
-1.03896	-0.0358551
-1.03408	-0.0295459
-1.02962	-0.0233028
-1.02551	-0.0174428
-1.02142	-0.011408
-1.01711	-0.00529949
-1.01267	0.00104271
-1.00814	0.00738986
-1.00368	0.0141052
-0.999195	0.0205165
-0.994481	0.0269825
-0.989408	0.0334552
-0.983839	0.0394097
-0.978263	0.0452596
-0.972874	0.0511472
-0.966784	0.0571907
-0.960806	0.0634323
-0.954878	0.0701379
-0.94891	0.0764238
-0.942972	0.0825383
-0.936806	0.0881825
-0.930841	0.0940658
-0.924956	0.0990964
-0.919652	0.104233
-0.914042	0.110157
-0.908646	0.116366
-0.903241	0.122466
-0.89779	0.127798
-0.893261	0.132965
-0.888916	0.138324
-0.884189	0.143568
-0.879075	0.148323
-0.873993	0.153657
-0.869009	0.159284
-0.863737	0.165105
-0.858805	0.170604
-0.853822	0.176104
-0.848526	0.181121
-0.842788	0.186481
-0.837014	0.191583
-0.831341	0.196502
-0.825643	0.201256
-0.819969	0.205956
-0.813716	0.210766
-0.807369	0.215148
-0.801349	0.219804
-0.795418	0.225085
-0.789983	0.22934
-0.784489	0.233548
-0.778691	0.237999
-0.772802	0.242508
-0.76645	0.247554
-0.760145	0.252561
-0.754276	0.257472
-0.748333	0.262712
-0.742368	0.267992
-0.736431	0.273239
-0.731103	0.278514
-0.725573	0.283868
-0.720299	0.288565
-0.714235	0.293299
-0.708615	0.297919
-0.702705	0.302648
-0.696367	0.307519
-0.690504	0.31217
-0.684394	0.317212
-0.67843	0.322455
-0.672048	0.327928
-0.665812	0.333328
-0.659638	0.338617
-0.653188	0.343606
-0.646691	0.348738
-0.640267	0.353837
-0.6337	0.358877
-0.627733	0.363966
-0.621995	0.369007
-0.616922	0.373767
-0.611437	0.378844
-0.605558	0.384156
-0.599861	0.389404
-0.592959	0.394624
-0.58634	0.399815
-0.579747	0.404844
-0.573361	0.409681
-0.566993	0.414534
-0.560696	0.419367
-0.553914	0.424906
-0.547216	0.430247
-0.540535	0.435577
-0.533577	0.440634
-0.526647	0.44562
-0.519475	0.450429
-0.512564	0.455212
-0.506166	0.460206
-0.499484	0.464672
-0.492375	0.468779
-0.485392	0.473514
-0.478515	0.47857
-0.471461	0.483567
-0.464792	0.48854
-0.458292	0.493876
-0.451919	0.499133
-0.445003	0.503882
-0.438647	0.508919
-0.432209	0.514226
-0.42536	0.520414
-0.418733	0.52648
-0.412225	0.532525
-0.406518	0.538691
-0.400955	0.545273
-0.39529	0.551488
-0.389574	0.557357
-0.383538	0.562882
-0.378027	0.568677
-0.372494	0.574294
-0.366981	0.579928
-0.36118	0.586465
-0.35525	0.592324
-0.348746	0.597901
-0.342577	0.603552
-0.336795	0.60902
-0.331429	0.614143
-0.325815	0.620083
-0.320359	0.625926
-0.315343	0.631663
-0.309876	0.636658
-0.305048	0.641439
-0.300195	0.646364
-0.295133	0.650612
-0.289683	0.654948
-0.283868	0.660139
-0.278164	0.665173
-0.272498	0.670324
-0.267044	0.675261
-0.26172	0.679825
-0.255794	0.684646
-0.249993	0.689328
-0.24361	0.694785
-0.237368	0.700318
-0.230938	0.705727
-0.224502	0.711115
-0.218779	0.71634
-0.212506	0.721477
-0.206341	0.726673
-0.199935	0.731443
-0.193372	0.735697
-0.18681	0.740285
-0.180955	0.745344
-0.175485	0.75091
-0.169981	0.756302
-0.164295	0.761782
-0.158839	0.767707
-0.153539	0.773069
-0.148739	0.778749
-0.144021	0.784477
-0.139378	0.789787
-0.134476	0.795261
-0.129502	0.800532
-0.124308	0.806074
-0.119234	0.81174
-0.114357	0.817377
-0.109283	0.823254
-0.104165	0.82924
-0.0989966	0.836157
-0.0939615	0.842889
-0.0892429	0.850029
-0.08414	0.85697
-0.0784871	0.864444
-0.0732916	0.871991
-0.0680863	0.878956
-0.0629698	0.886122
-0.0579197	0.893185
-0.0531287	0.900011
-0.0483885	0.906752
-0.0435847	0.91292
-0.0385013	0.91921
-0.033478	0.925589
-0.0287298	0.932249
-0.0241185	0.938897
-0.0195089	0.94547
-0.0144914	0.952168
-0.00960643	0.958747
-0.00465692	0.965187
0.000816053	0.971359
0.00669662	0.9777
0.0123385	0.984543
0.0179396	0.990513
0.023536	0.996563
0.0290099	1.0027
0.0343905	1.00902
0.0398537	1.0152
0.0461775	1.02111
0.0522491	1.02657
0.0582893	1.0321
0.0640525	1.03774
0.0697967	1.04335
0.0747066	1.04836
0.0793752	1.05358
0.0847335	1.05906
0.0903111	1.06482
0.0958816	1.07056
0.101392	1.07632
0.1069	1.08188
0.112734	1.08754
0.118693	1.09312
0.124483	1.0985
0.130186	1.10365
0.135377	1.10791
0.140438	1.11237
0.145526	1.11693
0.150643	1.12141
0.156603	1.12644
0.161664	1.13204
0.16683	1.13789
0.172455	1.14382
0.177343	1.15003
0.182104	1.15549
0.186755	1.16102
0.191097	1.16712
0.195874	1.17269
0.200358	1.17822
0.204579	1.18411
0.20894	1.19069
0.213358	1.19771
0.217614	1.20411
0.222037	1.21043
0.227058	1.21712
0.232506	1.22333
0.237875	1.22924
0.243728	1.23456
0.250094	1.23963
0.255622	1.24392
0.261224	1.24792
0.266882	1.25238
0.272775	1.25688
0.279097	1.26106
0.285727	1.26477
0.291968	1.26931
0.298142	1.27371
0.303808	1.27758
0.309597	1.28141
0.315533	1.28539
0.321668	1.28873
0.327986	1.29236
0.334049	1.29605
