0.995302	0.00475676
0.990202	0.00877325
0.985042	0.013149
0.980026	0.0177182
0.974875	0.0230498
0.969155	0.0293558
0.964445	0.036032
0.959879	0.0426853
0.955129	0.0486321
0.949949	0.0547164
0.944515	0.0609231
0.939963	0.0674964
0.935413	0.0741534
0.930817	0.0810584
0.926415	0.0883231
0.922349	0.0954459
0.918351	0.102584
0.9142	0.10963
0.910027	0.116729
0.90592	0.123766
0.901857	0.130791
0.898905	0.138054
0.895895	0.145522
0.89293	0.15232
0.890336	0.159624
0.88735	0.166872
0.884498	0.17417
0.881845	0.181369
0.879249	0.188176
0.876223	0.194683
0.872634	0.200641
0.868803	0.20654
0.864626	0.212437
0.860513	0.218833
0.856257	0.225552
0.851592	0.232304
0.846456	0.239097
0.841125	0.245625
0.835804	0.252005
0.829901	0.257322
0.824057	0.262507
0.818194	0.267888
0.811557	0.273531
0.805573	0.279132
0.799631	0.284697
0.79388	0.290283
0.787104	0.29565
0.780213	0.301216
0.773324	0.306985
0.767335	0.312774
0.761223	0.318541
0.755272	0.324257
0.74938	0.32937
0.743394	0.334229
0.736863	0.338879
0.730558	0.343374
0.724538	0.347714
0.717775	0.352153
0.710991	0.357016
0.704679	0.36162
0.698443	0.366292
0.692137	0.37095
0.685587	0.375653
0.677927	0.379656
0.670384	0.383442
0.663106	0.386814
0.655745	0.389844
0.648276	0.393272
0.64115	0.396999
0.634344	0.400568
0.626687	0.405136
0.619456	0.409445
0.612868	0.412843
0.606303	0.416345
0.59971	0.419964
0.593225	0.42362
0.587113	0.42745
0.581137	0.431864
0.575155	0.436352
0.569019	0.440733
0.562534	0.445276
0.556096	0.449506
0.550157	0.454563
0.544069	0.459611
0.538335	0.463868
0.532694	0.46825
0.527103	0.472533
0.521442	0.477192
0.51565	0.481921
0.510426	0.48674
0.505083	0.491847
0.499561	0.497063
0.493859	0.502531
0.488174	0.508068
0.48237	0.51357
0.475953	0.519181
0.469359	0.524754
0.462819	0.530536
0.456337	0.535221
0.4495	0.539997
0.442671	0.544606
0.435432	0.54993
0.428043	0.554254
0.420824	0.558057
0.413667	0.562068
0.406197	0.566049
0.399163	0.56985
0.392268	0.573662
0.385366	0.577683
0.378374	0.581789
0.371081	0.585695
0.363858	0.589505
0.357116	0.593436
0.350208	0.597044
0.343443	0.600427
0.336366	0.603683
0.329295	0.606809
0.322708	0.609933
0.316079	0.613409
0.309585	0.617427
0.304002	0.62122
0.298071	0.624574
0.292418	0.628135
0.286353	0.631572
0.279845	0.635105
0.272903	0.638746
0.26594	0.642253
0.258901	0.64647
0.252071	0.650546
0.244275	0.65425
0.236636	0.657525
0.229742	0.66128
0.223243	0.664548
0.216912	0.668115
0.210705	0.671904
0.204332	0.675809
0.197725	0.680187
0.191137	0.684832
0.184761	0.68887
0.178641	0.693
0.172557	0.696681
0.166101	0.701058
0.15894	0.705742
0.152063	0.710296
0.145238	0.714692
0.138104	0.718756
0.131121	0.722397
0.124139	0.72596
0.117036	0.72919
0.110154	0.732113
0.102803	0.735146
0.0956824	0.738266
0.0878515	0.741622
0.0801469	0.74489
0.0725076	0.748279
0.0648102	0.751682
0.0574202	0.754815
0.0504441	0.757699
0.0437491	0.759934
0.0360702	0.761947
0.0288812	0.764117
0.022077	0.766084
0.0149825	0.768074
0.00756455	0.770199
0.000104272	0.772374
-0.00742103	0.774826
-0.0154677	0.777524
-0.0234435	0.780123
-0.0312908	0.782711
-0.0391779	0.785319
-0.0466531	0.787868
-0.0541251	0.790435
-0.0607106	0.793068
-0.0677505	0.796256
-0.0752237	0.798781
-0.082656	0.801561
-0.0901426	0.804341
-0.0975601	0.80714
-0.104745	0.810336
-0.112325	0.8135
-0.120453	0.816866
-0.12791	0.820167
-0.135276	0.823395
-0.142706	0.826774
-0.14939	0.829549
-0.15615	0.832362
-0.162467	0.83445
-0.168785	0.836193
-0.175344	0.838625
-0.182764	0.841262
-0.189966	0.843995
-0.197222	0.846798
-0.204384	0.849783
-0.211472	0.852772
-0.218461	0.856056
-0.225042	0.859596
-0.231912	0.863317
-0.238467	0.867257
-0.24458	0.871217
-0.250896	0.87516
-0.257162	0.878759
-0.263597	0.882665
-0.270571	0.886422
-0.276938	0.890093
-0.283667	0.894121
-0.290681	0.897957
-0.297616	0.902021
-0.304495	0.906283
-0.311412	0.910013
-0.31806	0.913546
-0.32473	0.917633
-0.330991	0.92131
-0.33711	0.92569
-0.343472	0.93021
-0.349729	0.93429
-0.355973	0.938533
-0.362011	0.943066
-0.368153	0.947575
-0.374632	0.952856
-0.380931	0.958076
-0.386909	0.963086
-0.392963	0.968042
-0.399091	0.972904
-0.406203	0.978418
-0.413059	0.984209
-0.419232	0.990341
-0.425339	0.996271
-0.431342	1.00156
-0.437678	1.00701
-0.443991	1.01237
-0.450411	1.01756
-0.456786	1.0216
-0.463338	1.02583
-0.469815	1.02991
-0.476297	1.0343
-0.482877	1.03855
-0.489671	1.04303
-0.496481	1.04739
-0.503413	1.05205
-0.510272	1.05681
-0.517199	1.06144
-0.523438	1.06558
-0.529749	1.06986
-0.536223	1.07409
-0.542956	1.07812
-0.549452	1.08213
-0.556239	1.08607
-0.562841	1.0896
-0.569301	1.09312
-0.575864	1.09668
-0.582526	1.10018
-0.589256	1.10333
-0.596203	1.10612
-0.602997	1.10894
-0.610004	1.112
-0.617528	1.11473
-0.625195	1.11742
-0.632789	1.12012
-0.640825	1.12288
-0.649216	1.12653
-0.657792	1.13121
-0.665909	1.1354
-0.673807	1.13946
-0.681048	1.14342
-0.688192	1.14706
-0.696597	1.15085
-0.704759	1.15454
-0.712424	1.15851
-0.719572	1.16247
-0.726627	1.16647
-0.733609	1.1704
-0.740881	1.17483
-0.747943	1.17936
-0.754919	1.18392
-0.761843	1.1884
-0.768679	1.19256
-0.775753	1.19681
-0.78232	1.20105
-0.78876	1.20551
-0.795236	1.20979
-0.801575	1.21425
-0.80761	1.21878
-0.813652	1.22332
-0.819915	1.22774
-0.826311	1.23223
-0.832946	1.23693
-0.83906	1.24049
-0.845253	1.24416
-0.851487	1.24791
-0.857214	1.25191
-0.863699	1.25604
-0.870008	1.26022
-0.876412	1.26504
-0.882939	1.27045
-0.88896	1.27582
-0.894674	1.28057
-0.900168	1.28534
-0.905745	1.29017
-0.911484	1.29569
-0.916967	1.30132
-0.922348	1.30688
-0.92737	1.31285
-0.932099	1.31861
-0.936916	1.32454
-0.941691	1.33061
-0.946847	1.336
-0.951727	1.34156
-0.95632	1.34766
-0.960924	1.35357
-0.965524	1.35964
-0.970101	1.3658
-0.974958	1.37193
-0.979765	1.3781
-0.984091	1.38475
-0.988222	1.39156
-0.992567	1.39809
-0.997694	1.40389
-1.00217	1.40974
-1.00648	1.41581
-1.01018	1.42169
-1.0136	1.42796
-1.01695	1.43513
-1.02088	1.44307
-1.02531	1.4506
-1.02963	1.45801
-1.0333	1.4655
-1.03693	1.47292
-1.04053	1.48028
-1.0445	1.48717
-1.04837	1.49394
-1.05263	1.50042
-1.05681	1.50749
-1.06092	1.51362
-1.06591	1.51978
-1.07076	1.52591
-1.07558	1.53175
-1.08149	1.53815
-1.08748	1.54361
-1.09362	1.54951
-1.0996	1.55541
-1.10532	1.56119
-1.11095	1.56709
-1.11623	1.57314
-1.12058	1.579
-1.12468	1.58508
-1.12857	1.59143
-1.13236	1.59794
-1.13576	1.60451
-1.13862	1.61109
-1.14151	1.61781
-1.14407	1.62467
-1.14593	1.63213
-1.14772	1.63963
-1.14934	1.64677
-1.15096	1.65397
-1.15247	1.66137
-1.15334	1.66991
-1.15409	1.67835
-1.15469	1.68653
-1.15585	1.69445
-1.15755	1.7029
-1.15914	1.7112
-1.16014	1.71944
-1.16114	1.72749
-1.1626	1.73572
-1.16392	1.74364
-1.16535	1.75104
-1.16707	1.75924
-1.16875	1.7673
-1.17031	1.77524
-1.17178	1.78317
-1.17302	1.79095
-1.17373	1.79915
-1.17455	1.80759
-1.17492	1.81598
-1.17532	1.82407
-1.17554	1.83226
-1.17588	1.84014
-1.17649	1.84778
-1.17638	1.85594
-1.17618	1.86366
-1.17609	1.87146
-1.17598	1.87927
-1.1757	1.88711
-1.17542	1.89498
-1.17533	1.90336
-1.17515	1.91149
-1.17493	1.91903
-1.17504	1.92685
-1.17481	1.934
-1.17492	1.9414
-1.17476	1.94863
-1.17472	1.95616
-1.17449	1.96381
-1.17405	1.97128
-1.1738	1.97835
-1.17376	1.98583
-1.17378	1.9934
-1.17382	2.00101
-1.17323	2.00825
-1.17352	2.01558
-1.17367	2.023
-1.17319	2.0301
-1.17327	2.03779
-1.17385	2.04517
-1.17445	2.05215
-1.17465	2.05909
-1.17432	2.06609
-1.17409	2.07359
-1.17418	2.08122
-1.17408	2.08795
-1.17372	2.09489
-1.17398	2.10247
-1.17412	2.11
-1.17429	2.11769
-1.17448	2.12532
-1.17493	2.13322
-1.17573	2.14082
-1.17649	2.14772
-1.17737	2.15483
-1.17818	2.16205
-1.17908	2.16933
-1.17834	2.17593
-1.17799	2.18204
-1.17775	2.18864
-1.17702	2.19593
-1.17692	2.20296
-1.17719	2.20878
-1.17776	2.21575
-1.17842	2.22284
-1.17859	2.23018
-1.17871	2.23822
-1.17827	2.24654
-1.17791	2.25473
-1.17799	2.26281
-1.17811	2.27087
-1.17825	2.2789
-1.17848	2.28717
-1.17865	2.29461
-1.17892	2.30239
-1.17921	2.31018
-1.17971	2.31807
-1.18009	2.32592
-1.18062	2.33294
-1.18019	2.34087
-1.17983	2.34864
-1.17901	2.35579
-1.17839	2.36309
-1.17772	2.37038
-1.17732	2.37771
-1.17694	2.38535
-1.1761	2.39279
-1.17508	2.39945
-1.1742	2.40589
-1.17342	2.41285
-1.17285	2.42002
-1.17177	2.42804
-1.17038	2.43572
-1.16905	2.44346
-1.1683	2.45162
-1.16736	2.46054
-1.16653	2.46907
-1.16635	2.47681
-1.16584	2.48421
-1.16567	2.49184
-1.16576	2.49957
-1.1659	2.50737
-1.16544	2.51543
-1.1649	2.52393
-1.16451	2.53238
-1.16424	2.54093
-1.16382	2.54996
-1.16333	2.55888
-1.16274	2.56785
-1.16208	2.57589
-1.16121	2.58371
-1.1607	2.59141
-1.1599	2.59881
-1.15941	2.60663
-1.15899	2.61447
-1.15836	2.62194
-1.15728	2.62946
-1.15725	2.63744
-1.15817	2.64513
-1.1597	2.65249
-1.16124	2.66015
-1.16282	2.66782
-1.16396	2.6754
-1.1651	2.68304
-1.16607	2.69033
-1.16711	2.69702
-1.16793	2.7043
-1.16871	2.7124
-1.16954	2.72013
-1.17069	2.72847
-1.17153	2.73713
-1.17257	2.74567
-1.17357	2.75399
-1.17448	2.76213
-1.17574	2.77009
-1.1772	2.77811
-1.17903	2.78575
-1.18081	2.79354
-1.18237	2.80109
-1.18414	2.8088
-1.18549	2.81615
-1.18706	2.82347
-1.18878	2.83114
-1.19082	2.83839
-1.19194	2.84627
-1.19294	2.85406
-1.19467	2.8621
-1.19656	2.87023
-1.19853	2.87786
-1.20033	2.88595
-1.20214	-2.88639
-1.20388	-2.87849
-1.20547	-2.8706
-1.20676	-2.86235
-1.20824	-2.85428
-1.20943	-2.84628
-1.20985	-2.83815
-1.21014	-2.82993
-1.2108	-2.82142
-1.21142	-2.81317
-1.21183	-2.80498
-1.21269	-2.79635
-1.21309	-2.78812
-1.2135	-2.78015
-1.21376	-2.77224
-1.21393	-2.76447
-1.21402	-2.75661
-1.21327	-2.74796
-1.21222	-2.73945
-1.21072	-2.73102
-1.2089	-2.72303
-1.20703	-2.71538
-1.20473	-2.70712
-1.20254	-2.69912
-1.20054	-2.69128
-1.19862	-2.68352
-1.19669	-2.67587
-1.19459	-2.66793
-1.19262	-2.65968
-1.19064	-2.65155
-1.18926	-2.64372
-1.18789	-2.63546
-1.18638	-2.62742
-1.18519	-2.61973
-1.18396	-2.61196
-1.18278	-2.60407
-1.18288	-2.59595
-1.18294	-2.58791
-1.184	-2.57995
-1.18541	-2.57174
-1.18689	-2.56363
-1.18844	-2.55568
-1.19033	-2.5479
-1.19208	-2.54035
-1.19379	-2.53284
-1.19554	-2.52535
-1.19713	-2.51738
-1.19893	-2.50948
-1.20066	-2.50168
-1.20263	-2.49378
-1.20455	-2.48587
-1.20604	-2.47798
-1.20746	-2.47018
-1.20871	-2.46229
-1.21003	-2.45467
-1.21109	-2.44689
-1.21285	-2.43861
-1.21406	-2.43046
-1.21379	-2.42297
-1.21378	-2.41525
-1.21387	-2.40765
-1.21432	-2.39933
-1.21465	-2.39095
-1.21601	-2.38275
-1.2175	-2.37441
-1.21945	-2.36627
-1.22137	-2.35853
-1.22362	-2.35064
-1.22575	-2.3425
-1.2278	-2.3348
-1.23028	-2.3272
-1.23267	-2.31962
-1.23453	-2.3111
-1.2364	-2.30288
-1.2382	-2.29482
-1.24049	-2.28698
-1.24269	-2.27913
-1.24559	-2.27153
-1.24899	-2.26355
-1.25199	-2.25554
-1.25439	-2.24796
-1.25657	-2.23962
-1.2587	-2.23138
-1.26125	-2.2236
-1.26408	-2.21587
-1.26735	-2.20882
-1.27027	-2.20143
-1.27304	-2.19418
-1.27684	-2.18664
-1.28117	-2.17895
-1.2852	-2.17169
-1.28967	-2.16429
-1.29397	-2.15695
-1.29875	-2.14984
-1.30388	-2.14333
-1.30876	-2.1367
-1.31385	-2.13023
-1.31837	-2.12391
-1.32246	-2.11758
-1.3263	-2.11101
-1.33096	-2.1042
-1.335	-2.09707
-1.33881	-2.08985
-1.34182	-2.08281
-1.3447	-2.07553
-1.3475	-2.06823
-1.35043	-2.06067
-1.3532	-2.05321
-1.35591	-2.0457
-1.35858	-2.03679
-1.36094	-2.02827
-1.36308	-2.01994
-1.36512	-2.01172
-1.36701	-2.00348
-1.36898	-1.99602
-1.37088	-1.98845
-1.37282	-1.98088
-1.37465	-1.97316
-1.37699	-1.96547
-1.37926	-1.95785
-1.38215	-1.95052
-1.38486	-1.94316
-1.38702	-1.93587
-1.38838	-1.92805
-1.39004	-1.91975
-1.39156	-1.91187
-1.39274	-1.90362
-1.39393	-1.89545
-1.39524	-1.88729
-1.39586	-1.87945
-1.39762	-1.87199
-1.3991	-1.86453
-1.40029	-1.85688
-1.40126	-1.84953
-1.40221	-1.8421
-1.40311	-1.83455
-1.40393	-1.82699
-1.40487	-1.81962
-1.40565	-1.81215
-1.40634	-1.80431
-1.4069	-1.79614
-1.4074	-1.78796
-1.40747	-1.78005
-1.40729	-1.77193
-1.40768	-1.76435
-1.40802	-1.75627
-1.40841	-1.74821
-1.40884	-1.74016
-1.41002	-1.73225
-1.41211	-1.72416
-1.41367	-1.716
-1.41555	-1.70849
-1.41744	-1.70105
-1.41926	-1.69346
-1.42029	-1.68562
-1.42168	-1.67712
-1.42329	-1.66968
-1.42545	-1.6616
-1.42669	-1.65412
-1.4279	-1.64666
-1.4294	-1.63897
-1.43151	-1.63034
-1.43359	-1.62187
-1.4358	-1.61312
-1.43801	-1.60467
-1.44015	-1.59686
-1.44216	-1.58945
-1.44407	-1.58252
-1.44584	-1.57612
-1.44775	-1.56905
-1.44974	-1.56192
-1.45181	-1.55492
-1.45367	-1.54788
-1.45547	-1.54099
-1.4575	-1.53437
-1.45983	-1.5269
-1.46148	-1.51945
-1.46241	-1.51173
-1.46242	-1.50443
-1.46259	-1.4969
-1.46295	-1.48914
-1.46364	-1.48158
-1.46453	-1.47424
-1.46574	-1.46703
-1.46682	-1.45934
-1.46753	-1.45197
-1.46816	-1.44444
-1.47	-1.43736
-1.47212	-1.43021
-1.47442	-1.42201
-1.47655	-1.41372
-1.47857	-1.40557
-1.48053	-1.39725
-1.48305	-1.3896
-1.48537	-1.38177
-1.48743	-1.37384
-1.48939	-1.36598
-1.49131	-1.35807
-1.4925	-1.34926
-1.49378	-1.34096
-1.49484	-1.33267
-1.49574	-1.32463
-1.49671	-1.31645
-1.49729	-1.30905
-1.49807	-1.30199
-1.49938	-1.29458
-1.50041	-1.28708
-1.50119	-1.27944
-1.50166	-1.27156
-1.5019	-1.26277
-1.50212	-1.2539
-1.5017	-1.24513
-1.50138	-1.23662
-1.50068	-1.22811
-1.50019	-1.21969
-1.49928	-1.21099
-1.49832	-1.20252
-1.49693	-1.19424
-1.49567	-1.1858
-1.49476	-1.17698
-1.49399	-1.16888
-1.49288	-1.1617
-1.49198	-1.15442
-1.49112	-1.14708
-1.49092	-1.13945
-1.49022	-1.13174
-1.48956	-1.12392
-1.48866	-1.11648
-1.4878	-1.10897
-1.48708	-1.10127
-1.48614	-1.09327
-1.4857	-1.08517
-1.48521	-1.07704
-1.48467	-1.0689
-1.48378	-1.06089
-1.48267	-1.05331
-1.4813	-1.04569
-1.47958	-1.03817
-1.478	-1.0306
-1.47611	-1.02234
-1.47435	-1.01477
-1.47253	-1.0074
-1.4702	-1.00008
-1.46788	-0.992711
-1.46562	-0.985573
-1.46323	-0.978106
-1.46117	-0.970295
-1.45897	-0.962382
-1.45684	-0.954368
-1.45502	-0.946293
-1.45298	-0.938681
-1.45176	-0.93118
-1.45055	-0.923246
-1.44967	-0.915709
-1.44876	-0.908117
-1.44793	-0.900765
-1.44772	-0.892827
-1.44749	-0.8849
-1.4473	-0.877102
-1.44672	-0.869286
-1.4466	-0.86157
-1.44723	-0.853827
-1.44787	-0.846226
-1.44879	-0.838505
-1.44947	-0.831247
-1.4503	-0.822978
-1.45129	-0.815211
-1.45224	-0.807426
-1.4534	-0.799969
-1.45435	-0.792445
-1.45513	-0.784095
-1.45512	-0.775167
-1.45458	-0.766284
-1.45436	-0.757671
-1.45335	-0.74918
-1.45218	-0.741008
-1.45102	-0.733141
-1.4499	-0.725397
-1.44888	-0.717517
-1.44782	-0.709553
-1.44673	-0.701584
-1.44627	-0.693499
-1.4463	-0.684711
-1.44631	-0.675941
-1.44634	-0.667439
-1.44637	-0.659036
-1.44561	-0.650472
-1.44531	-0.64171
-1.44491	-0.633278
-1.44461	-0.624985
-1.44441	-0.617132
-1.4444	-0.609107
-1.44386	-0.601372
-1.44294	-0.594522
-1.44211	-0.586959
-1.44225	-0.580125
-1.44255	-0.572998
-1.44284	-0.565993
-1.44323	-0.558726
-1.44361	-0.55129
-1.4442	-0.543765
-1.44501	-0.536206
-1.44553	-0.528364
-1.44586	-0.52047
-1.44665	-0.5126
-1.44671	-0.505449
-1.44644	-0.49847
-1.44543	-0.490604
-1.44495	-0.482763
-1.44441	-0.475156
-1.44408	-0.467172
-1.44354	-0.459516
-1.44321	-0.451419
-1.44297	-0.443556
-1.44275	-0.435459
-1.44253	-0.427456
-1.44266	-0.419068
-1.44335	-0.410265
-1.44427	-0.401936
-1.44474	-0.394209
-1.44509	-0.386744
-1.44612	-0.379031
-1.44699	-0.370927
-1.4479	-0.362901
-1.44871	-0.354967
-1.4495	-0.347013
-1.44996	-0.33939
-1.45088	-0.332218
-1.45146	-0.324675
-1.4523	-0.316577
-1.45297	-0.308479
-1.45368	-0.300927
-1.45412	-0.292888
-1.45472	-0.284966
-1.45529	-0.27755
-1.45581	-0.270335
-1.45627	-0.262637
-1.4567	-0.254908
-1.45788	-0.247627
-1.45977	-0.240365
-1.46209	-0.232799
-1.46424	-0.224783
-1.46632	-0.21683
-1.46844	-0.208884
-1.47056	-0.201156
-1.47258	-0.193407
-1.47482	-0.185592
-1.4772	-0.1783
-1.47946	-0.171298
-1.48173	-0.164211
-1.48418	-0.156946
-1.48674	-0.150334
-1.48872	-0.14399
-1.49088	-0.137551
-1.49245	-0.131522
-1.49403	-0.125229
-1.49521	-0.118636
-1.49629	-0.111257
-1.49738	-0.104151
-1.49841	-0.0968868
-1.49968	-0.0891723
-1.50078	-0.0812596
-1.50182	-0.0733284
-1.50207	-0.065732
-1.50229	-0.0581061
-1.50245	-0.0510804
-1.50259	-0.0437706
-1.50292	-0.0364346
-1.5027	-0.0299909
-1.50242	-0.0233111
-1.50193	-0.0163932
-1.50139	-0.00898498
-1.5012	-0.00220433
-1.50073	0.00426965
-1.50043	0.0110737
-1.5003	0.0175964
-1.50031	0.0249501
-1.49983	0.032457
-1.49944	0.0398762
-1.49914	0.0473218
-1.49934	0.0549811
-1.49937	0.0629039
-1.49925	0.0709103
-1.49915	0.0789467
-1.49894	0.0870339
-1.49889	0.0955824
-1.49878	0.104103
-1.49862	0.11253
-1.49815	0.120791
-1.49768	0.129103
-1.49807	0.137124
-1.4982	0.144955
-1.49824	0.152883
-1.49827	0.160795
-1.4983	0.168493
-1.49692	0.17576
-1.49519	0.182965
-1.49301	0.190943
-1.49068	0.198882
-1.48828	0.206779
-1.48592	0.214536
-1.48312	0.221892
-1.48019	0.229125
-1.47723	0.236357
-1.47432	0.24365
-1.47056	0.25114
-1.46767	0.258421
-1.46487	0.26634
-1.46185	0.274222
-1.45856	0.282152
-1.45509	0.289288
-1.45178	0.296619
-1.44911	0.304157
-1.44647	0.311552
-1.44385	0.318977
-1.44087	0.326237
-1.43789	0.333641
-1.43494	0.340875
-1.43202	0.347965
-1.42889	0.355189
-1.42559	0.363082
-1.42198	0.370611
-1.41859	0.377628
-1.4157	0.385316
-1.41363	0.392777
-1.41233	0.399555
-1.41122	0.406386
-1.41016	0.413479
-1.40956	0.421042
-1.40873	0.428621
-1.40788	0.436251
-1.40711	0.443738
-1.40628	0.451371
-1.40532	0.459379
-1.40433	0.467108
-1.40321	0.475197
-1.40281	0.483127
-1.40179	0.491309
-1.40075	0.499357
-1.39963	0.507409
-1.39834	0.514823
-1.39697	0.522489
-1.39589	0.530084
-1.39454	0.538181
-1.393	0.546644
-1.3916	0.555804
-1.38956	0.565659
-1.38811	0.574567
-1.3869	0.583894
-1.38604	0.592911
-1.38478	0.601354
-1.38352	0.609399
-1.38211	0.617189
-1.38121	0.624968
-1.38077	0.632354
-1.38041	0.639568
-1.37988	0.647121
-1.37966	0.654648
-1.37895	0.661881
-1.37781	0.668915
-1.37615	0.676247
-1.37455	0.683408
-1.37307	0.690694
-1.37239	0.698513
-1.37132	0.707069
-1.37026	0.715711
-1.36882	0.724192
-1.36742	0.732541
-1.36604	0.740396
-1.36443	0.748404
-1.36291	0.756278
-1.36152	0.764374
-1.36012	0.772444
-1.35896	0.780284
-1.35778	0.788153
-1.35695	0.795802
-1.35632	0.803382
-1.35561	0.811061
-1.35522	0.819322
-1.35499	0.828242
-1.35475	0.836883
-1.35432	0.845237
-1.35361	0.853384
-1.3529	0.861478
-1.35287	0.869651
-1.35345	0.877964
-1.35399	0.88609
-1.3545	0.89415
-1.3548	0.902038
-1.35501	0.909622
-1.35492	0.917564
-1.35472	0.925474
-1.35474	0.933893
-1.35474	0.942538
-1.35502	0.95071
-1.35522	0.958859
-1.35559	0.967742
-1.35623	0.976131
-1.35608	0.984838
-1.35588	0.993315
-1.3555	1.00253
-1.35495	1.01132
-1.35423	1.01992
-1.35352	1.02837
-1.35248	1.03672
-1.35166	1.04473
-1.35065	1.05269
-1.34964	1.06076
-1.34926	1.06873
-1.34887	1.07669
-1.34855	1.08448
-1.34794	1.09242
-1.34734	1.10085
-1.34653	1.10923
-1.3454	1.11761
-1.3443	1.12585
-1.34334	1.134
-1.34269	1.14182
-1.34217	1.14935
-1.34137	1.15713
-1.34067	1.16531
-1.33995	1.17359
-1.33918	1.18164
-1.33797	1.18923
-1.33677	1.19616
-1.33591	1.20294
-1.33448	1.21009
-1.33352	1.21702
-1.33245	1.22442
-1.33137	1.23193
-1.32986	1.23957
-1.32761	1.24755
-1.32605	1.25573
-1.32481	1.26311
-1.32313	1.27045
-1.32162	1.2779
-1.32008	1.28568
-1.31855	1.29357
-1.31624	1.30163
-1.31501	1.30916
-1.31343	1.31723
-1.31165	1.32539
-1.30874	1.33343
-1.30568	1.34182
-1.30305	1.35058
-1.30009	1.35925
-1.2973	1.36772
-1.29464	1.37599
-1.29242	1.38442
-1.29084	1.39282
-1.29034	1.40182
-1.28978	1.41079
-1.28936	1.42026
-1.28914	1.42939
-1.2887	1.43843
-1.28832	1.44729
-1.2882	1.45633
-1.28807	1.46514
-1.28886	1.47283
-1.28964	1.48079
-1.29016	1.48866
-1.29124	1.49682
-1.29222	1.50478
-1.29325	1.513
-1.29483	1.52113
-1.29628	1.52932
-1.2978	1.53734
-1.29969	1.54526
-1.30199	1.5533
-1.30416	1.56114
-1.30611	1.56879
-1.30775	1.57683
-1.30998	1.58505
-1.31274	1.59399
-1.31514	1.60258
-1.31713	1.61114
-1.31825	1.62043
-1.31927	1.62942
-1.32012	1.63775
-1.32117	1.64591
-1.32241	1.65392
-1.32357	1.66175
-1.32478	1.66971
-1.32599	1.6777
-1.32726	1.68584
-1.32843	1.69381
-1.32962	1.70183
-1.3308	1.70963
-1.33198	1.71706
-1.33269	1.72479
-1.33318	1.73254
-1.33379	1.7402
-1.33438	1.7479
-1.33398	1.75519
-1.33384	1.76195
-1.33417	1.76795
-1.33445	1.7741
-1.33401	1.78087
-1.33354	1.7875
-1.33389	1.79439
-1.33386	1.80154
-1.33374	1.8084
-1.33433	1.81545
-1.33467	1.82298
-1.33495	1.83059
-1.33552	1.83922
-1.33593	1.84771
-1.33626	1.85612
-1.33657	1.86442
-1.33771	1.87206
-1.33877	1.88004
-1.33981	1.88874
-1.34028	1.89792
-1.34114	1.90719
-1.34206	1.91587
-1.34238	1.9243
-1.34278	1.93253
-1.34313	1.94076
-1.34352	1.94912
-1.34449	1.95742
-1.34519	1.96594
-1.3461	1.97426
-1.34698	1.98264
-1.34758	1.99165
-1.34845	2.0007
-1.34923	2.00948
-1.35001	2.018
-1.3509	2.02591
-1.35171	2.03371
-1.35246	2.04215
-1.35294	2.05021
-1.35335	2.05847
-1.35366	2.06665
-1.35386	2.07495
-1.35422	2.08342
-1.35455	2.09171
-1.35508	2.10028
-1.35558	2.10872
-1.35619	2.11712
-1.35675	2.12541
-1.35719	2.13348
-1.35735	2.14193
-1.35809	2.15033
-1.35878	2.15862
-1.35937	2.167
-1.36005	2.17525
-1.36097	2.18355
-1.36131	2.19221
-1.36152	2.20086
-1.36171	2.21001
-1.36174	2.21897
-1.36226	2.22788
-1.36311	2.23667
-1.3641	2.24533
-1.36487	2.25486
-1.36599	2.26408
-1.36725	2.27272
-1.36841	2.28121
-1.36951	2.28957
-1.37051	2.29768
-1.37175	2.30608
-1.3729	2.31438
-1.37383	2.32252
-1.37488	2.33141
-1.37592	2.34008
-1.37598	2.34822
-1.37599	2.35592
-1.37591	2.36386
-1.37533	2.37186
-1.37466	2.38056
-1.37438	2.38813
-1.37364	2.39537
-1.37275	2.40266
-1.37151	2.41012
-1.37063	2.41788
-1.36926	2.42601
-1.36836	2.43454
-1.3675	2.44349
-1.36667	2.45225
-1.36591	2.46083
-1.36397	2.46904
-1.36211	2.47705
-1.36035	2.48512
-1.35829	2.49381
-1.35661	2.50244
-1.35462	2.51006
-1.35243	2.51733
-1.35085	2.52492
-1.34929	2.53334
-1.34768	2.54168
-1.34673	2.54919
-1.34631	2.55652
-1.34566	2.56377
-1.34503	2.57121
-1.34429	2.57856
-1.34382	2.58605
-1.34297	2.59372
-1.34223	2.60128
-1.34155	2.60872
-1.34079	2.61627
-1.34013	2.62335
-1.33913	2.63097
-1.33844	2.63882
-1.33768	2.64665
-1.33702	2.65443
-1.33638	2.66222
-1.33655	2.66962
-1.33744	2.67688
-1.33818	2.6843
-1.33882	2.69174
-1.33932	2.69993
-1.33973	2.70799
-1.34033	2.71564
-1.34024	2.7233
-1.34004	2.73113
-1.33947	2.73898
-1.33916	2.74676
-1.33857	2.75428
-1.33787	2.76172
-1.33751	2.76921
-1.33747	2.77637
-1.33702	2.78391
-1.33643	2.79158
-1.3366	2.79869
-1.33621	2.80566
-1.33605	2.81267
-1.33567	2.82004
-1.3351	2.82783
-1.33477	2.83574
-1.33446	2.84365
-1.33419	2.85154
-1.33377	2.85902
-1.33335	2.86651
-1.33286	2.87384
-1.33255	2.88124
-1.33199	2.88842
-1.33074	-2.88476
-1.32911	-2.87735
-1.32779	-2.86983
-1.32654	-2.86225
-1.32536	-2.85486
-1.3242	-2.84746
-1.32247	-2.8405
-1.32034	-2.83336
-1.31857	-2.82615
-1.31769	-2.81726
-1.31744	-2.80839
-1.31666	-2.79964
-1.31591	-2.79106
-1.31519	-2.78242
-1.31384	-2.77335
-1.31276	-2.76445
-1.31211	-2.75556
-1.31203	-2.7469
-1.31209	-2.73829
-1.31215	-2.72985
-1.31236	-2.72179
-1.31264	-2.71378
-1.31409	-2.70555
-1.31554	-2.69742
-1.31691	-2.68935
-1.31735	-2.68286
-1.31756	-2.67655
-1.317	-2.66984
-1.31582	-2.6633
-1.31424	-2.65679
-1.31239	-2.65
-1.31051	-2.64295
-1.30897	-2.63618
-1.30757	-2.62949
-1.30627	-2.62248
-1.30447	-2.61501
-1.30267	-2.60711
-1.30072	-2.59925
-1.29914	-2.59138
-1.29772	-2.58356
-1.29641	-2.57552
-1.29525	-2.56745
-1.29454	-2.55932
-1.29483	-2.5515
-1.29514	-2.54363
-1.29601	-2.53669
-1.29713	-2.52961
-1.29823	-2.52239
-1.30057	-2.51503
-1.30261	-2.50777
-1.30508	-2.50038
-1.30745	-2.49296
-1.30969	-2.4858
-1.31246	-2.47881
-1.31518	-2.47168
-1.31816	-2.46384
-1.32125	-2.45584
-1.32432	-2.44814
-1.32779	-2.44066
-1.33135	-2.43379
-1.33455	-2.42691
-1.33744	-2.41962
-1.33995	-2.41216
-1.34243	-2.40483
-1.34512	-2.3972
-1.34774	-2.38952
-1.34998	-2.38202
-1.35179	-2.37461
-1.35356	-2.36711
-1.3551	-2.3594
-1.35687	-2.35123
-1.35831	-2.34295
-1.359	-2.33489
-1.35946	-2.32682
-1.35986	-2.31887
-1.36004	-2.311
-1.3608	-2.30324
-1.36148	-2.29514
-1.36211	-2.28714
-1.36249	-2.27911
-1.36285	-2.27127
-1.36315	-2.26341
-1.36337	-2.25533
-1.36358	-2.24721
-1.36405	-2.23929
-1.36509	-2.23185
-1.36619	-2.22444
-1.3668	-2.21686
-1.36702	-2.20917
-1.36725	-2.20134
-1.3672	-2.19401
-1.36675	-2.18711
-1.36572	-2.1795
-1.36422	-2.17139
-1.36281	-2.16352
-1.36223	-2.15638
-1.36142	-2.14952
-1.36078	-2.14269
-1.36055	-2.13576
-1.36036	-2.12876
-1.36028	-2.12164
-1.36033	-2.11455
-1.36078	-2.10712
-1.36129	-2.09968
-1.36253	-2.09326
-1.36366	-2.08648
-1.36491	-2.07959
-1.36607	-2.07229
-1.36764	-2.0644
-1.36916	-2.05658
-1.37134	-2.04906
-1.37373	-2.04159
-1.37667	-2.0342
-1.38019	-2.02654
-1.38311	-2.01882
-1.38546	-2.01159
-1.3879	-2.00407
-1.39015	-1.99683
-1.39239	-1.98953
-1.39468	-1.98211
-1.39669	-1.9746
-1.39809	-1.9666
-1.39942	-1.95871
-1.40124	-1.95085
-1.40301	-1.94297
-1.40461	-1.9347
-1.40609	-1.92658
-1.40752	-1.91852
-1.40879	-1.91079
-1.41006	-1.90264
-1.41108	-1.89443
-1.41241	-1.88712
-1.41307	-1.88024
-1.41325	-1.87308
-1.41349	-1.86583
-1.4137	-1.85843
-1.41445	-1.85077
-1.41463	-1.84375
-1.41483	-1.83651
-1.41514	-1.82895
-1.4157	-1.82121
-1.41623	-1.81365
-1.41679	-1.80608
-1.41728	-1.79832
-1.41806	-1.78971
-1.41862	-1.78128
-1.41836	-1.77277
-1.4185	-1.76459
-1.41799	-1.75712
-1.41706	-1.74917
-1.41529	-1.74103
-1.41402	-1.7332
-1.41284	-1.72458
-1.41192	-1.71594
-1.41112	-1.70756
-1.41064	-1.69983
-1.4107	-1.69231
-1.41081	-1.68466
-1.41123	-1.67679
-1.41167	-1.66847
-1.41215	-1.66044
-1.41271	-1.65234
-1.41334	-1.64491
-1.41325	-1.6372
-1.41295	-1.62928
-1.41211	-1.62063
-1.41178	-1.61138
-1.41111	-1.60156
-1.40993	-1.59194
-1.40919	-1.58219
-1.4082	-1.5726
-1.40729	-1.56335
-1.4063	-1.55448
-1.40533	-1.54617
-1.40438	-1.53809
-1.40367	-1.53036
-1.40296	-1.52271
-1.40258	-1.51466
-1.40174	-1.5071
-1.40136	-1.50006
-1.40147	-1.49279
-1.40153	-1.48532
-1.40222	-1.47668
-1.40335	-1.46799
-1.40409	-1.46105
-1.40483	-1.45392
-1.40537	-1.44676
-1.40584	-1.43944
-1.4063	-1.43194
-1.40667	-1.42443
-1.40695	-1.41692
-1.40645	-1.40888
-1.40611	-1.40124
-1.40565	-1.39366
-1.40518	-1.386
-1.40472	-1.37829
-1.4041	-1.37054
-1.4034	-1.36253
-1.40283	-1.35474
-1.4024	-1.34712
-1.40216	-1.33965
-1.40203	-1.3318
-1.40157	-1.32378
-1.40109	-1.31592
-1.40067	-1.30808
-1.40021	-1.30069
-1.39868	-1.29322
-1.39738	-1.28518
-1.39587	-1.27728
-1.39442	-1.26931
-1.39307	-1.26141
-1.39172	-1.25367
-1.39051	-1.24593
-1.38932	-1.23771
-1.38823	-1.2302
-1.38703	-1.22256
-1.38606	-1.21499
-1.38535	-1.20745
-1.38463	-1.19993
-1.38399	-1.19354
-1.38301	-1.18705
-1.38209	-1.18051
-1.38065	-1.17434
-1.3787	-1.16846
-1.37676	-1.16218
-1.37486	-1.1556
-1.37306	-1.14884
-1.37124	-1.14205
-1.36956	-1.13527
-1.36818	-1.12822
-1.36699	-1.12078
-1.36584	-1.11318
-1.36476	-1.10556
-1.36392	-1.09753
-1.3629	-1.0893
-1.36181	-1.08111
-1.36084	-1.07264
-1.36009	-1.06417
-1.3594	-1.05584
-1.35864	-1.04763
-1.35849	-1.0393
-1.35758	-1.03137
-1.35693	-1.02357
-1.356	-1.01587
-1.35519	-1.00872
-1.35492	-1.00142
-1.35482	-0.993903
-1.35431	-0.985563
-1.35413	-0.977161
-1.35378	-0.968768
-1.35359	-0.960176
-1.35352	-0.951514
-1.35294	-0.942676
-1.35198	-0.933874
-1.3519	-0.92561
-1.35222	-0.917333
-1.3526	-0.908689
-1.35406	-0.900406
-1.35549	-0.892325
-1.35703	-0.884107
-1.35877	-0.875942
-1.36005	-0.8682
-1.36129	-0.86051
-1.3621	-0.852593
-1.36332	-0.844701
-1.36508	-0.837697
-1.36721	-0.830592
-1.36915	-0.823277
-1.37146	-0.816279
-1.3738	-0.808897
-1.37609	-0.801414
-1.37813	-0.794037
-1.38101	-0.787231
-1.38383	-0.780299
-1.38673	-0.772351
-1.38934	-0.765053
-1.3919	-0.75724
-1.39425	-0.749206
-1.39647	-0.741344
-1.39833	-0.733554
-1.39996	-0.725308
-1.40164	-0.716635
-1.40353	-0.708279
-1.40589	-0.699494
-1.40826	-0.690528
-1.41117	-0.681303
-1.41384	-0.672371
-1.41617	-0.663757
-1.41836	-0.655237
-1.4207	-0.646966
-1.42282	-0.638884
-1.4248	-0.630973
-1.42642	-0.623149
-1.42797	-0.614325
-1.4313	-0.605094
-1.43433	-0.596229
-1.43765	-0.587452
-1.44056	-0.578861
-1.44359	-0.571078
-1.44633	-0.563227
-1.4487	-0.554924
-1.45108	-0.54696
-1.45282	-0.540223
-1.45481	-0.533189
-1.45589	-0.525656
-1.45682	-0.518043
-1.45758	-0.510174
-1.45764	-0.502117
-1.45651	-0.494414
-1.45514	-0.487622
-1.45346	-0.48094
-1.45071	-0.474239
-1.44835	-0.467155
-1.44555	-0.459752
-1.44312	-0.453047
-1.44038	-0.446265
-1.43699	-0.439828
-1.43323	-0.433351
-1.42847	-0.426613
-1.42278	-0.420738
-1.41749	-0.414443
-1.41231	-0.408444
-1.40757	-0.40148
-1.40281	-0.394644
-1.39857	-0.388192
-1.39451	-0.381562
-1.39083	-0.374723
-1.38724	-0.367737
-1.3844	-0.36114
-1.38072	-0.35453
-1.3765	-0.347891
-1.37228	-0.341467
-1.36757	-0.335478
-1.36336	-0.329366
-1.35794	-0.322275
-1.35224	-0.315324
-1.34621	-0.308241
-1.34138	-0.301486
-1.33697	-0.294737
-1.3324	-0.287778
-1.327	-0.280293
-1.32198	-0.273121
-1.31704	-0.265649
-1.3119	-0.258185
-1.30551	-0.250809
-1.2993	-0.243517
-1.29393	-0.237369
-1.28837	-0.23102
-1.28313	-0.223653
-1.2771	-0.21705
-1.2714	-0.210469
-1.26575	-0.204074
-1.2606	-0.197224
-1.25556	-0.19003
-1.2511	-0.183259
-1.24647	-0.176689
-1.24183	-0.170259
-1.2371	-0.163706
-1.23201	-0.157289
-1.22729	-0.150933
-1.22249	-0.145131
-1.21789	-0.138841
-1.213	-0.132404
-1.20811	-0.126043
-1.20328	-0.119683
-1.19856	-0.113477
-1.19377	-0.107164
-1.1884	-0.101552
-1.18321	-0.0963501
-1.1778	-0.0903889
-1.17216	-0.08447
-1.16654	-0.0784288
-1.16084	-0.0726121
-1.15473	-0.0670101
-1.14856	-0.0616467
-1.14259	-0.0566856
-1.13688	-0.0518212
-1.13151	-0.0468524
-1.12632	-0.0418371
-1.12101	-0.0367317
-1.11612	-0.0315314
-1.11124	-0.0257995
-1.10627	-0.0202344
-1.1017	-0.0137151
-1.09653	-0.00682865
-1.09183	-0.000127031
-1.08684	0.0061076
-1.08176	0.0123252
-1.07662	0.0185329
-1.07147	0.0246322
-1.06612	0.0305321
-1.06048	0.0366247
-1.05471	0.0420742
-1.04862	0.0473197
-1.04226	0.052646
-1.03548	0.0577068
-1.0276	0.0626634
-1.02013	0.0669311
-1.01315	0.0710556
-1.00689	0.0751748
-1.00071	0.0789255
-0.994339	0.0828116
-0.987935	0.0868028
-0.981519	0.0908539
-0.974345	0.0955249
-0.967172	0.100106
-0.960177	0.104505
-0.953451	0.109063
-0.947622	0.113411
-0.941665	0.117936
-0.935597	0.123028
-0.929227	0.128076
-0.923233	0.133077
-0.917339	0.13844
-0.911421	0.142827
-0.905355	0.147683
-0.8991	0.152337
-0.892722	0.156929
-0.886649	0.161778
-0.880574	0.166658
-0.874646	0.171566
-0.868072	0.175925
-0.861559	0.180202
-0.855208	0.184485
-0.848536	0.189122
-0.841926	0.193784
-0.836033	0.198547
-0.830116	0.203701
-0.823205	0.20845
-0.816415	0.213108
-0.809361	0.217568
-0.802542	0.222185
-0.795154	0.226765
-0.787675	0.231296
-0.780541	0.236498
-0.773506	0.241507
-0.765845	0.246598
-0.757873	0.251701
-0.75043	0.256234
-0.743033	0.260153
-0.735697	0.263883
-0.72878	0.267754
-0.721688	0.270503
-0.714445	0.272995
-0.707518	0.27533
-0.700702	0.277615
-0.693931	0.279707
-0.687012	0.281901
-0.679447	0.284868
-0.672286	0.287872
-0.665201	0.291085
-0.657547	0.294984
-0.650056	0.298872
-0.642288	0.30291
-0.634215	0.306107
-0.625487	0.310755
-0.617578	0.315496
-0.609346	0.320002
-0.601392	0.324393
-0.59403	0.32945
-0.586763	0.334895
-0.579642	0.340227
-0.572421	0.345472
-0.565975	0.350938
-0.559202	0.356541
-0.552133	0.362036
-0.545435	0.368434
-0.538113	0.375102
-0.530954	0.381402
-0.524715	0.38794
-0.518442	0.394459
-0.512909	0.40054
-0.507741	0.406546
-0.502666	0.412693
-0.498114	0.419072
-0.493343	0.425423
-0.488124	0.431165
-0.483011	0.43707
-0.478035	0.443061
-0.47269	0.44907
-0.466744	0.455424
-0.460809	0.461555
-0.454417	0.467614
-0.449029	0.47288
-0.442342	0.478394
-0.436491	0.483695
-0.430772	0.488743
-0.425119	0.493878
-0.419481	0.499036
-0.413657	0.504405
-0.407773	0.509826
-0.401669	0.515311
-0.395085	0.520682
-0.388601	0.525984
-0.382208	0.53123
-0.376206	0.536402
-0.369852	0.541274
-0.364382	0.545955
-0.358909	0.550697
-0.353462	0.555427
-0.347373	0.559637
-0.341124	0.563938
-0.334925	0.568622
-0.328933	0.573632
-0.32287	0.577906
-0.317014	0.582239
-0.311248	0.586403
-0.305271	0.590518
-0.299948	0.593859
-0.295048	0.596929
-0.290029	0.599783
-0.284524	0.602481
-0.278693	0.604674
-0.272962	0.606832
-0.266888	0.609288
-0.2604	0.611272
-0.253125	0.614151
-0.245952	0.617177
-0.239513	0.620583
-0.233344	0.62535
-0.227036	0.630082
-0.221339	0.634658
-0.215603	0.63926
-0.209832	0.643945
-0.204183	0.64794
-0.198449	0.652188
-0.192901	0.657224
-0.18802	0.662264
-0.183547	0.668104
-0.178697	0.673731
-0.174138	0.679613
-0.16948	0.685391
-0.165081	0.69178
-0.160511	0.698414
-0.155871	0.704952
-0.150911	0.711165
-0.14591	0.717303
-0.140805	0.723429
-0.135406	0.73017
-0.130022	0.736936
-0.12422	0.74422
-0.118441	0.751665
-0.112464	0.758817
-0.106208	0.76523
-0.100669	0.77145
-0.0950109	0.777823
-0.0893663	0.784205
-0.0847235	0.790621
-0.0799723	0.796716
-0.0752517	0.80284
-0.0704532	0.80893
-0.0648854	0.814982
-0.059743	0.821008
-0.0545143	0.827155
-0.0492713	0.833235
-0.0441107	0.839407
-0.0397634	0.845959
-0.0367177	0.852225
-0.0332472	0.858743
-0.0300575	0.865008
-0.0267568	0.871277
-0.0233266	0.877667
-0.02028	0.884047
-0.0173656	0.890365
-0.0142511	0.896769
-0.0111015	0.903373
-0.00762236	0.910054
-0.00394976	0.916762
-0.00139029	0.923978
0.00131248	0.930823
0.0042119	0.937711
0.00783299	0.944846
0.0109796	0.951717
0.0140066	0.957467
0.0172846	0.96348
0.0206695	0.969606
0.0243042	0.975458
0.0281247	0.98138
0.0322753	0.987481
0.0370067	0.994101
0.0408865	1.00128
0.0445925	1.00787
0.048399	1.01529
0.0521842	1.02233
0.0562208	1.02989
0.0610235	1.03679
0.0655606	1.04347
0.0695908	1.04997
0.0734408	1.05624
0.0774649	1.06278
0.0821975	1.06948
0.0872872	1.07592
0.092391	1.08207
0.0975874	1.08797
0.102855	1.09385
0.107648	1.10064
0.111873	1.10736
0.116694	1.11344
0.121659	1.11969
0.12616	1.12613
0.131159	1.13225
0.136167	1.13857
0.141031	1.14424
0.146298	1.15007
0.151607	1.15591
0.156536	1.16181
0.161395	1.16719
0.166338	1.17267
0.171029	1.17888
0.175485	1.18466
0.179888	1.18981
0.184734	1.19511
0.189736	1.20046
0.194921	1.20564
0.20025	1.21092
0.205625	1.21625
0.211087	1.22234
0.21656	1.22864
0.222142	1.23541
0.226892	1.24178
0.231862	1.24739
0.23591	1.25238
0.240278	1.25751
0.245379	1.26376
0.25057	1.2699
0.255746	1.27602
0.260989	1.28222
0.265394	1.28761
0.270137	1.29321
0.274939	1.29891
0.279836	1.30482
0.284908	1.31071
0.290019	1.31668
0.294865	1.32246
0.299617	1.32817
0.304365	1.33404
0.309127	1.33994
0.314095	1.34617
0.319929	1.3519
0.325457	1.35796
0.33078	1.36432
0.336067	1.37052
0.340953	1.37661
0.346212	1.38238
0.351486	1.38817
0.356865	1.39401
0.362326	1.40019
0.367713	1.40588
0.373281	1.41217
0.379523	1.41903
0.385647	1.42556
0.3913	1.4322
0.397005	1.43815
0.403133	1.44429
0.410101	1.45082
0.416778	1.45701
0.423491	1.46292
0.429597	1.46893
0.436085	1.47477
0.442865	1.47994
0.450075	1.48537
0.457627	1.49045
0.46424	1.49526
0.470429	1.50038
0.476367	1.50501
0.482309	1.50966
0.488296	1.51436
0.494342	1.51928
0.500577	1.52396
0.506856	1.52867
0.513368	1.53335
0.520325	1.53876
0.527033	1.54419
0.534034	1.54884
0.541046	1.55391
0.547694	1.55929
0.553843	1.56427
0.560226	1.56949
0.566532	1.57415
0.572916	1.57874
0.579306	1.58335
0.586426	1.58868
0.59337	1.59417
0.599598	1.59896
0.605817	1.60374
0.61242	1.60894
0.61884	1.61412
0.62486	1.61964
0.630697	1.62502
0.636548	1.63038
0.642665	1.63601
0.648809	1.64137
0.654955	1.64675
0.660789	1.65181
0.666463	1.65701
0.671948	1.66218
0.676581	1.66744
0.681957	1.67291
0.687307	1.67843
0.692703	1.68425
0.698311	1.69005
0.703831	1.69532
0.70946	1.70053
0.715697	1.70563
0.721646	1.7109
0.727703	1.71648
0.733482	1.72242
0.739645	1.72823
0.745753	1.7339
0.751306	1.73955
0.757408	1.74546
0.763271	1.75124
0.769118	1.75736
0.774971	1.76315
0.780861	1.76894
0.786661	1.77459
0.792353	1.78087
0.797898	1.78681
0.803041	1.79278
0.808103	1.79861
0.81307	1.80442
0.818771	1.80973
0.824074	1.81532
0.829398	1.82092
0.834671	1.82666
0.840062	1.8313
0.845549	1.83603
0.85155	1.84059
0.857877	1.84465
0.864818	1.84938
0.871348	1.85432
0.877813	1.85875
0.883905	1.86391
0.890051	1.86896
0.896466	1.87491
0.90279	1.8809
0.909023	1.88688
0.915902	1.89308
0.922352	1.89926
0.92929	1.90562
0.936003	1.91184
0.942748	1.91852
0.949003	1.92518
0.955431	1.93215
0.961897	1.93913
0.968152	1.9458
0.974002	1.95304
0.979909	1.96045
0.985618	1.96766
0.990933	1.97482
