0.994037	0.00527958
0.987694	0.0100963
0.981341	0.0149583
0.976333	0.0197208
0.970773	0.024543
0.965209	0.0293046
0.959231	0.0339411
0.953345	0.038267
0.947003	0.0421669
0.940675	0.0460152
0.934132	0.0496857
0.927544	0.0528183
0.921056	0.0560062
0.914354	0.0596764
0.907502	0.0628879
0.901053	0.066395
0.894487	0.069412
0.887373	0.0715707
0.879864	0.0732947
0.872908	0.0744726
0.865234	0.0757313
0.857654	0.0770924
0.850694	0.0771776
0.843606	0.0778848
0.836315	0.0783557
0.8286	0.078981
0.8208	0.0793293
0.813002	0.0794038
0.805235	0.0795661
0.797231	0.0796654
0.789424	0.0786159
0.781368	0.0780694
0.773292	0.0773696
0.764375	0.0765347
0.755928	0.0761761
0.74755	0.0763301
0.739369	0.0758999
0.731474	0.0752474
0.723928	0.0743726
0.716267	0.0733172
0.708572	0.0722617
0.701163	0.0713371
0.693828	0.0703322
0.686309	0.0683939
0.678455	0.0661628
0.671025	0.0642493
0.662509	0.0625032
0.654303	0.0604534
0.646396	0.0590636
0.638482	0.0572078
0.630682	0.0554188
0.62298	0.053368
0.614966	0.051365
0.606959	0.0494312
0.598857	0.0474622
0.591399	0.0456818
0.584775	0.0432659
0.578236	0.0409104
0.570579	0.038646
0.563238	0.036473
0.556008	0.0339506
0.547827	0.0319721
0.539563	0.0298948
0.531303	0.0282021
0.523452	0.0265091
0.515672	0.0246899
0.508818	0.0233811
0.501241	0.0227369
0.494133	0.0216099
0.486389	0.0201957
0.478656	0.0186611
0.471186	0.0169729
0.4636	0.0152028
0.455685	0.0136015
0.447765	0.0120442
0.440423	0.0105781
0.433132	0.00872775
0.425812	0.00680281
0.41822	0.00457387
0.410978	0.00249262
0.403636	0.000394466
0.396898	-0.000969561
0.389277	-0.00250751
0.381478	-0.00420598
0.373705	-0.0060217
0.366673	-0.00770471
0.359314	-0.00925339
0.352188	-0.0115692
0.344818	-0.012812
0.337755	-0.0132672
0.33035	-0.0142203
0.323047	-0.0153023
0.315483	-0.0161752
0.307846	-0.0171492
0.299791	-0.0185249
0.291998	-0.0200329
0.284855	-0.0213668
0.276828	-0.0231227
0.269019	-0.0250305
0.261182	-0.0269642
0.253535	-0.0290786
0.245544	-0.0310566
0.237673	-0.0329782
0.229878	-0.0351518
0.221284	-0.0371296
0.213045	-0.039586
0.204823	-0.0423874
0.196654	-0.0452831
0.189023	-0.0480476
0.181369	-0.0509246
0.174233	-0.0539983
0.167204	-0.0567525
0.160077	-0.0595411
0.153112	-0.062258
0.146455	-0.0647916
0.139821	-0.067265
0.132842	-0.0701631
0.126452	-0.0737225
0.11996	-0.0774566
0.113296	-0.0811712
0.106585	-0.084885
0.0997605	-0.0888321
0.0928581	-0.0927369
0.0857989	-0.0965866
0.0787389	-0.0998175
0.071092	-0.102796
0.0636517	-0.105366
0.0562345	-0.106903
0.0494019	-0.108293
0.0425431	-0.109863
0.0357447	-0.111796
0.0283939	-0.113793
0.0203125	-0.115558
0.0122519	-0.117623
0.00426241	-0.12001
-0.00369633	-0.122453
-0.0113555	-0.124934
-0.0183393	-0.126962
-0.0254174	-0.129089
-0.0330384	-0.131708
-0.0406001	-0.134105
-0.0478575	-0.136447
-0.0552157	-0.138776
-0.0626376	-0.141042
-0.0696391	-0.143697
-0.076919	-0.146352
-0.0838606	-0.148327
-0.0907904	-0.150505
-0.0979595	-0.152719
-0.104455	-0.155107
-0.110858	-0.157105
-0.117713	-0.159563
-0.124839	-0.16204
-0.13223	-0.165002
-0.139692	-0.167971
-0.147361	-0.170764
-0.155029	-0.173653
-0.162631	-0.17654
-0.169906	-0.179555
-0.177765	-0.182663
-0.18546	-0.185764
-0.193406	-0.188769
-0.202074	-0.192239
-0.210541	-0.195593
-0.218904	-0.198224
-0.227479	-0.200449
-0.235839	-0.202523
-0.243771	-0.204703
-0.252193	-0.20587
-0.260296	-0.207044
-0.268303	-0.208256
-0.276261	-0.20957
-0.284716	-0.21118
-0.292411	-0.212613
-0.300092	-0.214095
-0.307469	-0.216304
-0.314196	-0.218997
-0.321056	-0.221732
-0.328027	-0.22453
-0.335071	-0.227358
-0.341813	-0.230178
-0.348502	-0.233183
-0.355277	-0.236192
-0.362085	-0.239332
-0.369336	-0.242416
-0.376544	-0.245519
-0.383498	-0.248581
-0.390669	-0.251596
-0.398172	-0.255481
-0.406054	-0.259555
-0.413586	-0.263398
-0.421827	-0.266704
-0.429995	-0.269603
-0.438125	-0.272233
-0.44628	-0.274169
-0.454616	-0.275716
-0.463039	-0.277507
-0.471385	-0.279525
-0.480387	-0.282281
-0.488732	-0.284761
-0.497102	-0.287279
-0.50486	-0.289701
-0.512855	-0.292637
-0.520062	-0.295221
-0.528151	-0.298613
-0.536066	-0.301947
-0.543841	-0.305214
-0.55182	-0.308694
-0.559843	-0.311982
-0.568503	-0.314944
-0.576854	-0.317812
-0.584337	-0.320069
-0.591969	-0.322798
-0.599787	-0.325502
-0.607975	-0.328904
-0.615521	-0.331909
-0.622911	-0.334925
-0.630385	-0.338189
-0.638415	-0.340877
-0.646469	-0.343452
-0.654214	-0.345992
-0.661478	-0.348275
-0.669399	-0.350778
-0.676645	-0.353637
-0.684289	-0.356355
-0.691303	-0.359108
-0.698453	-0.362359
-0.706428	-0.365425
-0.713928	-0.368099
-0.721412	-0.370429
-0.728952	-0.372774
-0.736694	-0.375438
-0.744337	-0.378098
-0.751855	-0.380778
-0.759254	-0.383484
-0.766112	-0.385556
-0.773008	-0.387639
-0.779883	-0.390457
-0.787044	-0.393348
-0.794384	-0.396508
-0.80199	-0.39959
-0.809399	-0.402847
-0.817152	-0.405796
-0.824803	-0.408566
-0.832504	-0.41229
-0.840255	-0.415936
-0.848594	-0.419424
-0.856725	-0.422811
-0.865834	-0.425867
-0.874806	-0.428127
-0.88373	-0.430182
-0.892115	-0.43227
-0.900371	-0.434317
-0.908231	-0.436286
-0.916098	-0.438464
-0.923372	-0.441232
-0.930761	-0.444002
-0.938044	-0.446849
-0.945357	-0.44993
-0.952726	-0.453336
-0.95961	-0.457663
-0.966512	-0.4619
-0.97395	-0.465997
-0.98133	-0.470012
-0.988974	-0.473186
-0.997215	-0.476921
-1.0055	-0.480571
-1.01337	-0.484355
-1.02059	-0.48753
-1.02787	-0.490731
-1.0348	-0.493136
-1.04118	-0.495641
-1.04814	-0.498774
-1.05501	-0.502141
-1.06141	-0.505756
-1.06786	-0.509098
-1.07439	-0.512391
-1.081	-0.515117
-1.08803	-0.518205
-1.0948	-0.520744
-1.10172	-0.523253
-1.10878	-0.525769
-1.11575	-0.528399
-1.12302	-0.531273
-1.13033	-0.534146
-1.13746	-0.536723
-1.1446	-0.539358
-1.15178	-0.541989
-1.15973	-0.544243
-1.16757	-0.546082
-1.17576	-0.547938
-1.18452	-0.549921
-1.19314	-0.551983
-1.20143	-0.553692
-1.2096	-0.555795
-1.21761	-0.558272
-1.22617	-0.560822
-1.23452	-0.563306
-1.24247	-0.566087
-1.24943	-0.569333
-1.25571	-0.573034
-1.26139	-0.577757
-1.26621	-0.582985
-1.26967	-0.589613
-1.27219	-0.597845
-1.27406	-0.605891
-1.27574	-0.613935
-1.27688	-0.621589
-1.27699	-0.629116
-1.27683	-0.636557
-1.27639	-0.644064
-1.27538	-0.651768
-1.27409	-0.659601
-1.27282	-0.667143
-1.27128	-0.67546
-1.26958	-0.683576
-1.26768	-0.691573
-1.26605	-0.698962
-1.26481	-0.70612
-1.26331	-0.713305
-1.26194	-0.720488
-1.26042	-0.727733
-1.25983	-0.735042
-1.259	-0.742389
-1.25793	-0.74958
-1.25615	-0.756359
-1.25394	-0.762678
-1.2515	-0.768915
-1.24885	-0.775329
-1.24598	-0.781766
-1.24256	-0.78849
-1.23884	-0.795228
-1.23499	-0.801932
-1.23016	-0.809059
-1.22588	-0.816149
-1.22225	-0.823889
-1.21742	-0.830883
-1.21251	-0.837743
-1.20805	-0.844553
-1.2036	-0.850601
-1.19857	-0.856828
-1.19373	-0.862477
-1.18892	-0.868028
-1.18433	-0.874143
-1.17989	-0.880307
-1.17545	-0.886522
-1.17097	-0.892754
-1.16669	-0.899338
-1.16231	-0.905882
-1.15781	-0.911847
-1.15339	-0.917411
-1.14857	-0.923006
-1.14357	-0.928527
-1.13893	-0.93425
-1.1345	-0.940142
-1.12999	-0.946109
-1.12598	-0.952222
-1.12202	-0.958755
-1.1179	-0.9649
-1.11377	-0.971008
-1.10952	-0.977137
-1.10573	-0.982841
-1.10127	-0.989157
-1.09599	-0.995694
-1.09042	-1.00217
-1.08488	-1.00852
-1.07944	-1.01481
-1.0743	-1.02112
-1.06909	-1.02806
-1.06396	-1.03421
-1.05885	-1.04035
-1.05272	-1.04624
-1.04647	-1.05207
-1.04078	-1.05803
-1.03522	-1.06386
-1.02971	-1.06961
-1.02368	-1.07562
-1.01775	-1.08163
-1.01169	-1.08759
-1.00563	-1.09364
-1.0003	-1.09938
-0.994578	-1.10524
-0.989302	-1.11114
-0.983711	-1.11704
-0.978148	-1.12264
-0.972814	-1.12829
-0.96728	-1.13365
-0.961768	-1.13875
-0.956687	-1.14367
-0.951518	-1.14874
-0.945825	-1.15351
-0.939946	-1.15845
-0.934312	-1.16363
-0.928755	-1.16878
-0.92334	-1.17357
-0.91764	-1.17866
-0.911969	-1.18374
-0.906464	-1.18893
-0.900843	-1.19426
-0.894787	-1.20011
-0.888899	-1.20663
-0.883684	-1.21304
-0.878628	-1.21941
-0.873742	-1.22529
-0.869245	-1.23163
-0.864575	-1.23767
-0.860328	-1.24419
-0.856345	-1.25052
-0.852185	-1.25703
-0.848232	-1.26353
-0.843826	-1.26996
-0.839286	-1.27601
-0.834317	-1.282
-0.829583	-1.28778
-0.824921	-1.29354
-0.819608	-1.29932
-0.814641	-1.30532
-0.809542	-1.31128
-0.804196	-1.31732
-0.798872	-1.32348
-0.793454	-1.33013
-0.788412	-1.3371
-0.782989	-1.34351
-0.777496	-1.34988
-0.771792	-1.35667
-0.76627	-1.36376
-0.761024	-1.37045
-0.756045	-1.37685
-0.750766	-1.38229
-0.745335	-1.38729
-0.739575	-1.39279
-0.73383	-1.39806
-0.728101	-1.40341
-0.722374	-1.40884
-0.717138	-1.41438
-0.712467	-1.42036
-0.708357	-1.42727
-0.704548	-1.43399
-0.701583	-1.43985
-0.698295	-1.44583
-0.694818	-1.45194
-0.691188	-1.4582
-0.687692	-1.46468
-0.684123	-1.47121
-0.679864	-1.47782
-0.675058	-1.48449
-0.670187	-1.49132
-0.664919	-1.49834
-0.659922	-1.50547
-0.654481	-1.51232
-0.648963	-1.51902
-0.643662	-1.52547
-0.638455	-1.53188
-0.633577	-1.53853
-0.628793	-1.5448
-0.624075	-1.55132
-0.619389	-1.55779
-0.613882	-1.5657
-0.608539	-1.5729
-0.603281	-1.57985
-0.598112	-1.58666
-0.593019	-1.5932
-0.588439	-1.59993
-0.58338	-1.60647
-0.577962	-1.61309
-0.572582	-1.62005
-0.567715	-1.62677
-0.562557	-1.6339
-0.557418	-1.6416
-0.553175	-1.64917
-0.548534	-1.65623
-0.543932	-1.66329
-0.539057	-1.67038
-0.534209	-1.67731
-0.529377	-1.68421
-0.523798	-1.69184
-0.517865	-1.69937
-0.512061	-1.70665
-0.506379	-1.71368
-0.501465	-1.72084
-0.496992	-1.72834
-0.492637	-1.73567
-0.488146	-1.74274
-0.483569	-1.74936
-0.478781	-1.756
-0.473688	-1.76289
-0.468537	-1.7696
-0.46384	-1.7754
-0.458169	-1.78144
-0.452552	-1.7879
-0.446974	-1.79441
-0.441083	-1.80006
-0.435189	-1.80561
-0.429323	-1.81096
-0.423503	-1.81633
-0.41775	-1.82168
-0.411908	-1.82687
-0.404864	-1.83222
-0.397809	-1.83762
-0.390872	-1.84295
-0.383442	-1.84867
-0.37596	-1.85479
-0.368658	-1.86058
-0.361855	-1.86592
-0.355538	-1.87097
-0.349392	-1.87611
-0.343507	-1.88176
-0.337714	-1.88711
-0.331999	-1.8925
-0.326961	-1.89762
-0.320912	-1.90279
-0.315518	-1.90841
-0.309611	-1.91449
-0.303851	-1.92006
-0.298113	-1.92604
-0.292653	-1.93223
-0.287176	-1.93859
-0.282268	-1.94427
-0.277318	-1.95001
-0.272503	-1.95561
-0.26762	-1.96117
-0.262696	-1.9668
-0.25726	-1.9723
-0.251188	-1.978
-0.245068	-1.98376
-0.239089	-1.98942
-0.232746	-1.99462
-0.226356	-1.99984
-0.219957	-2.00515
-0.213563	-2.01035
-0.206964	-2.01518
-0.200622	-2.0199
-0.194353	-2.02471
-0.188093	-2.02954
-0.181773	-2.03457
-0.17591	-2.04007
-0.170212	-2.04625
-0.164492	-2.05229
-0.158838	-2.05831
-0.153994	-2.06486
-0.149393	-2.07154
-0.14537	-2.07777
-0.141161	-2.08381
-0.136802	-2.08976
-0.132324	-2.09562
-0.127977	-2.10217
-0.123503	-2.10862
-0.119132	-2.1152
-0.114741	-2.12193
-0.110498	-2.12884
-0.106051	-2.13557
-0.101508	-2.14215
-0.0969184	-2.1485
-0.09254	-2.15497
-0.0878153	-2.16174
-0.0835623	-2.16793
-0.0799786	-2.17468
-0.0769779	-2.18105
-0.0735219	-2.18773
-0.0696832	-2.195
-0.0658679	-2.20214
-0.0616843	-2.20997
-0.0575794	-2.21762
-0.0530844	-2.22494
-0.0473691	-2.2318
-0.0413202	-2.23808
-0.0357396	-2.2445
-0.0300636	-2.2512
-0.0245191	-2.25734
-0.0190567	-2.26343
-0.0137199	-2.26916
-0.00833813	-2.27507
-0.00314938	-2.28082
0.00143119	-2.28568
0.00678458	-2.29054
0.011839	-2.29529
0.0178205	-2.2994
0.0235991	-2.30333
0.0294652	-2.30751
0.0350382	-2.31149
0.0410981	-2.3156
0.0470713	-2.31995
0.0530529	-2.32485
0.058969	-2.3295
0.0648905	-2.33415
0.0708374	-2.33887
0.0773905	-2.34312
0.083608	-2.34733
0.089832	-2.35166
0.096571	-2.35534
0.103242	-2.35899
0.109388	-2.36331
0.115304	-2.3681
0.120723	-2.37383
0.125807	-2.37955
0.130759	-2.385
0.135789	-2.39071
0.140886	-2.3964
0.145991	-2.40212
0.151089	-2.40769
0.155399	-2.41355
0.159505	-2.4189
0.163835	-2.42458
0.167998	-2.43034
0.172252	-2.43623
0.176947	-2.44244
0.181647	-2.4486
0.186145	-2.45406
0.190716	-2.45912
0.195239	-2.46454
0.199697	-2.46993
0.204123	-2.47483
0.208384	-2.48039
0.212724	-2.48594
0.217259	-2.49164
0.221653	-2.49802
0.225594	-2.50447
0.229975	-2.51117
0.234299	-2.51767
0.238604	-2.52419
0.243517	-2.53078
0.248453	-2.53674
0.253942	-2.54279
0.259446	-2.54886
0.265115	-2.55498
0.270397	-2.56056
0.275847	-2.56573
0.280424	-2.57125
0.285722	-2.57745
0.291156	-2.58414
0.296967	-2.59116
0.302544	-2.59806
0.308305	-2.60457
0.31419	-2.61104
0.319912	-2.61747
0.325635	-2.62331
0.331347	-2.62921
0.33699	-2.63511
0.342337	-2.64044
0.347792	-2.64615
0.353185	-2.65186
0.358283	-2.65794
0.363335	-2.66375
0.368298	-2.6694
0.373207	-2.67497
0.37824	-2.68089
0.383636	-2.68619
0.389161	-2.69202
0.394608	-2.6979
0.40007	-2.70367
0.405454	-2.70931
0.410444	-2.71573
0.415274	-2.72147
0.420083	-2.72643
0.424235	-2.7315
0.428134	-2.73682
0.431951	-2.74258
0.435734	-2.74829
0.439625	-2.75418
0.443811	-2.75975
0.448098	-2.76575
0.452501	-2.7717
0.457451	-2.77764
0.462465	-2.78367
0.467489	-2.79035
0.472703	-2.79726
0.478069	-2.80415
0.483482	-2.81104
0.48867	-2.81765
0.493841	-2.8241
0.498878	-2.83088
0.503701	-2.83679
0.508736	-2.84334
0.514187	-2.8497
0.519871	-2.8561
0.525326	-2.86254
0.530141	-2.86828
0.534942	-2.87455
0.539532	-2.88128
0.54434	-2.88758

0.548908	2.8864
0.552977	2.87955
0.556284	2.87253
0.559292	2.8652
0.56214	2.85851
0.56476	2.85147
0.567099	2.8442
0.569097	2.83705
0.571361	2.82946
0.573238	2.82188
0.575129	2.81424
0.576484	2.80641
0.577289	2.79876
0.577051	2.79164
0.57647	2.78494
0.575535	2.77806
0.574538	2.77123
0.57357	2.76416
0.572199	2.75715
0.569984	2.75001
0.567617	2.74284
0.564443	2.73629
0.561517	2.72964
0.558353	2.72281
0.555269	2.71597
0.552209	2.70895
0.549124	2.7019
0.546124	2.69464
0.543377	2.68738
0.540592	2.68009
0.538026	2.67241
0.535802	2.66555
0.532778	2.65855
0.528742	2.65201
0.524526	2.64567
0.520716	2.63866
0.517493	2.63161
0.514035	2.62418
0.510672	2.61702
0.506671	2.60999
0.502752	2.60295
0.498934	2.59591
0.495148	2.58848
0.491359	2.58114
0.487498	2.57382
0.483366	2.56673
0.479577	2.55979
0.475834	2.55257
0.472153	2.54547
0.46864	2.53829
0.465132	2.53112
0.461775	2.52388
0.458054	2.5167
0.454242	2.50928
0.450077	2.50171
0.445644	2.4936
0.441404	2.4856
0.436598	2.47751
0.431981	2.46972
0.427734	2.46099
0.423737	2.45311
0.420662	2.44505
0.417716	2.43649
0.414763	2.42786
0.410823	2.41933
0.407271	2.41152
0.403886	2.40392
0.400554	2.39639
0.397474	2.38888
0.39359	2.38061
0.389799	2.37239
0.385395	2.36446
0.380972	2.35683
0.376638	2.34964
0.372226	2.34135
0.368333	2.33316
0.36357	2.32535
0.359507	2.31851
0.356061	2.31137
0.352713	2.30425
0.348887	2.2976
0.344892	2.29061
0.341622	2.28355
0.339012	2.27622
0.336226	2.26885
0.333314	2.26086
0.32986	2.25301
0.326159	2.24519
0.322895	2.23724
0.319767	2.22878
0.316124	2.22029
0.312378	2.21207
0.309019	2.20456
0.305537	2.19719
0.302069	2.18997
0.299432	2.18354
0.29751	2.1763
0.295575	2.16936
0.293771	2.16206
0.291729	2.15494
0.289308	2.14803
0.286638	2.14127
0.283446	2.13439
0.28012	2.1274
0.27702	2.12011
0.273365	2.11312
0.269575	2.10612
0.265736	2.09898
0.26212	2.09156
0.258477	2.08418
0.254114	2.07671
0.249752	2.06948
0.245293	2.06303
0.240535	2.05666
0.235957	2.05022
0.231746	2.04431
0.228191	2.0376
0.224642	2.03141
0.220701	2.0253
0.216676	2.01922
0.212586	2.01304
0.20847	2.00704
0.204362	2.00114
0.199719	1.99544
0.194595	1.98919
0.189541	1.98266
0.184685	1.97655
0.179694	1.97047
0.174986	1.96452
0.170075	1.95907
0.164884	1.95372
0.159534	1.94904
0.15328	1.94412
0.147535	1.94013
0.142518	1.93655
0.137174	1.93317
0.131512	1.92956
0.125598	1.92569
0.119627	1.9217
0.11401	1.91765
0.10852	1.91361
0.102485	1.9102
0.0961203	1.90644
0.0895607	1.90253
0.0828518	1.89796
0.0762988	1.89331
0.0697567	1.88889
0.0632879	1.88435
0.0569391	1.88024
0.0505358	1.87617
0.0442529	1.87197
0.037998	1.86774
0.0309392	1.86367
0.0245174	1.8594
0.0181525	1.85501
0.0111801	1.85109
0.00447095	1.84723
-0.00206789	1.84201
-0.00839766	1.8366
-0.014261	1.83114
-0.0202043	1.82566
-0.0258799	1.82077
-0.0317212	1.8155
-0.0370627	1.81028
-0.0425795	1.80556
-0.0482542	1.80099
-0.054158	1.79576
-0.0599692	1.79022
-0.0659816	1.78486
-0.07193	1.77924
-0.0777739	1.77362
-0.0833918	1.7672
-0.0888347	1.76136
-0.0937533	1.75553
-0.0976312	1.75012
-0.10122	1.74474
-0.104941	1.73918
-0.108388	1.73288
-0.111895	1.72719
-0.115201	1.72187
-0.117713	1.71677
-0.120474	1.7111
-0.123298	1.7054
-0.12595	1.69952
-0.129095	1.69349
-0.132386	1.68728
-0.136747	1.6811
-0.140718	1.67474
-0.14391	1.66837
-0.147091	1.66173
-0.151095	1.65506
-0.155063	1.64816
-0.159031	1.64126
-0.163049	1.6337
-0.166784	1.62657
-0.170567	1.6195
-0.174412	1.612
-0.178204	1.6046
-0.182435	1.59752
-0.186772	1.59053
-0.191189	1.58357
-0.195556	1.57608
-0.200319	1.56836
-0.20532	1.5615
-0.209958	1.55478
-0.214882	1.54901
-0.219722	1.54355
-0.224698	1.53794
-0.229729	1.53247
-0.23518	1.52634
-0.240337	1.52023
-0.245119	1.51411
-0.249941	1.50802
-0.254474	1.50205
-0.259142	1.49626
-0.263703	1.49046
-0.26854	1.48523
-0.273602	1.48077
-0.279009	1.47512
-0.284455	1.46923
-0.289886	1.46347
-0.295101	1.45742
-0.300392	1.45155
-0.30571	1.44563
-0.311826	1.44022
-0.317925	1.4351
-0.324694	1.42961
-0.331241	1.42414
-0.337884	1.41854
-0.34416	1.41277
-0.350356	1.40629
-0.356334	1.40054
-0.362768	1.39488
-0.368992	1.38915
-0.374918	1.3839
-0.381127	1.3787
-0.387471	1.37363
-0.393794	1.36775
-0.399774	1.36229
-0.405501	1.35702
-0.411323	1.35254
-0.417492	1.34793
-0.423701	1.34316
-0.430296	1.33847
-0.437058	1.33344
-0.44431	1.32887
-0.45121	1.32449
-0.458013	1.32039
-0.465118	1.31567
-0.471648	1.31121
-0.477857	1.30665
-0.484576	1.30246
-0.491385	1.29822
-0.497259	1.29382
-0.503051	1.28941
-0.508757	1.28552
-0.514055	1.28145
-0.519799	1.27705
-0.524876	1.27207
-0.53002	1.26718
-0.535424	1.2622
-0.540944	1.25716
-0.546043	1.25258
-0.551434	1.24783
-0.556989	1.24299
-0.562581	1.23825
-0.568485	1.23343
-0.574262	1.22899
-0.580084	1.22445
-0.585958	1.21982
-0.591549	1.21503
-0.597508	1.2106
-0.603346	1.20619
-0.609283	1.20185
-0.6153	1.1974
-0.621378	1.19285
-0.627365	1.1885
-0.633408	1.18407
-0.638755	1.17994
-0.644042	1.17555
-0.648709	1.17148
-0.653277	1.16705
-0.658324	1.1625
-0.663878	1.15857
-0.669419	1.15458
-0.67508	1.15025
-0.680875	1.14563
-0.686724	1.14105
-0.693883	1.13664
-0.700474	1.1313
-0.707567	1.12631
-0.715682	1.12072
-0.722886	1.11503
-0.729884	1.10947
-0.73712	1.10475
-0.744466	1.10029
-0.751699	1.09565
-0.758855	1.09057
-0.765381	1.08531
-0.771643	1.08077
-0.778844	1.07696
-0.785908	1.07296
-0.792662	1.0685
-0.799939	1.06411
-0.807038	1.05976
-0.813628	1.05544
-0.820563	1.05119
-0.827866	1.0474
-0.835024	1.04443
-0.841984	1.04122
-0.849051	1.03783
-0.856594	1.03476
-0.864184	1.0316
-0.871759	1.02817
-0.879418	1.02466
-0.887028	1.02146
-0.894341	1.01767
-0.901552	1.01386
-0.908831	1.0101
-0.91579	1.00643
-0.92254	1.00291
-0.929372	0.999122
-0.936365	0.995528
-0.942945	0.991241
-0.949297	0.986989
-0.955429	0.982737
-0.96142	0.978923
-0.967421	0.97523
-0.973539	0.971396
-0.979251	0.968037
-0.985014	0.964619
-0.991826	0.961358
-0.999258	0.958598
-1.00696	0.955133
-1.0144	0.951618
-1.02175	0.948054
-1.02881	0.944551
-1.03527	0.941074
-1.04179	0.937465
-1.04867	0.933173
-1.05638	0.929142
-1.06378	0.925028
-1.07121	0.920598
-1.07839	0.916219
-1.08522	0.912583
-1.09169	0.908826
-1.09822	0.90496
-1.10445	0.901018
-1.10953	0.895082
-1.11347	0.888171
-1.11729	0.881282
-1.11948	0.874101
-1.12081	0.86632
-1.12117	0.858897
-1.12109	0.851553
-1.12115	0.843675
-1.12028	0.835648
-1.11898	0.827974
-1.11715	0.820115
-1.11437	0.813445
-1.11119	0.807383
-1.10756	0.801163
-1.10382	0.795406
-1.10025	0.789475
-1.09663	0.783893
-1.09248	0.777914
-1.0875	0.771713
-1.08325	0.76491
-1.07882	0.758253
-1.07409	0.751469
-1.06899	0.745415
-1.06373	0.739957
-1.05828	0.734785
-1.05231	0.72992
-1.04729	0.724325
-1.04192	0.718771
-1.03642	0.713171
-1.03066	0.707851
-1.02447	0.70242
-1.01723	0.697376
-1.01009	0.692606
-1.00334	0.688086
-0.996072	0.683523
-0.988496	0.6795
-0.981005	0.6756
-0.973748	0.671783
-0.966429	0.668053
-0.959749	0.664155
-0.953275	0.660305
-0.946647	0.656154
-0.940125	0.65186
-0.9337	0.647721
-0.927711	0.643876
-0.921426	0.640692
-0.915209	0.636831
-0.908972	0.633345
-0.90241	0.630311
-0.895623	0.62747
-0.888661	0.624366
-0.881335	0.621189
-0.874363	0.618192
-0.867221	0.615241
-0.860119	0.612385
-0.852949	0.609518
-0.845719	0.606674
-0.837482	0.603494
-0.829463	0.600371
-0.82177	0.596346
-0.814349	0.592207
-0.80695	0.588227
-0.799494	0.584411
-0.792072	0.580686
-0.784364	0.577171
-0.77645	0.573794
-0.768819	0.570581
-0.762243	0.567209
-0.755559	0.563808
-0.74853	0.560385
-0.741589	0.556851
-0.734733	0.553302
-0.727389	0.549727
-0.720143	0.546209
-0.712575	0.542454
-0.70492	0.538954
-0.69668	0.535986
-0.68861	0.533084
-0.681367	0.53
-0.674284	0.526689
-0.667513	0.523395
-0.660518	0.52006
-0.653724	0.517004
-0.646754	0.514098
-0.639873	0.511177
-0.633141	0.508319
-0.626703	0.50516
-0.620676	0.502611
-0.614649	0.500934
-0.609116	0.499115
-0.603359	0.497047
-0.59712	0.494358
-0.590715	0.491476
-0.58438	0.488782
-0.577556	0.485848
-0.570535	0.482948
-0.563664	0.480035
-0.556856	0.477706
-0.550501	0.475031
-0.543937	0.472067
-0.536717	0.469103
-0.529515	0.466242
-0.52209	0.463314
-0.514453	0.460869
-0.506806	0.45868
-0.499186	0.456484
-0.491287	0.454339
-0.483708	0.452323
-0.476127	0.450267
-0.468664	0.448112
-0.461373	0.446262
-0.454536	0.444264
-0.447685	0.442158
-0.441109	0.439684
-0.434325	0.437147
-0.427115	0.434612
-0.419977	0.43208
-0.41301	0.429535
-0.405957	0.426998
-0.398563	0.424435
-0.391472	0.421901
-0.384194	0.419695
-0.376767	0.417273
-0.368775	0.413531
-0.360807	0.410583
-0.35403	0.408164
-0.347219	0.405686
-0.340272	0.402276
-0.333368	0.398712
-0.326491	0.395252
-0.319382	0.391814
-0.31227	0.38828
-0.304961	0.384838
-0.297605	0.381539
-0.290507	0.378329
-0.283451	0.375154
-0.276352	0.371984
-0.268809	0.369163
-0.260493	0.366125
-0.252542	0.363836
-0.243429	0.361288
-0.235183	0.359332
-0.227389	0.358137
-0.219037	0.35616
-0.211028	0.352798
-0.203077	0.349519
-0.195432	0.346428
-0.188248	0.343779
-0.180698	0.34134
-0.173269	0.338223
-0.165752	0.335076
-0.158324	0.331904
-0.150899	0.328735
-0.143418	0.325363
-0.135867	0.322085
-0.128315	0.319092
-0.121685	0.316102
-0.114482	0.312624
-0.107979	0.309096
-0.102241	0.306121
-0.0964391	0.302862
-0.0908426	0.299836
-0.084984	0.296362
-0.0796252	0.293401
-0.0735636	0.290184
-0.0673129	0.286898
-0.0611886	0.28336
-0.0545304	0.279393
-0.0478413	0.275372
-0.0411325	0.27134
-0.03476	0.26821
-0.0281075	0.265447
-0.0213122	0.262789
-0.0142046	0.259984
-0.00715345	0.257501
-3.58482e-05	0.254969
0.00730496	0.252196
0.01454	0.249472
0.0208703	0.246795
0.0273993	0.244016
0.0341427	0.241018
0.0406364	0.237774
0.0471884	0.234723
0.0536423	0.232274
0.0600094	0.229483
0.0665277	0.226571
0.0733438	0.223228
0.080474	0.218896
0.0875013	0.214584
0.0947188	0.211176
0.101366	0.207836
0.108068	0.204388
0.114231	0.200549
0.120671	0.196576
0.127189	0.192578
0.133716	0.188517
0.140278	0.184439
0.14685	0.180224
0.1534	0.175986
0.159938	0.171682
0.166467	0.167327
0.173032	0.162053
0.179882	0.156626
0.186643	0.151007
0.193169	0.145636
0.199382	0.140368
0.20551	0.135475
0.211586	0.130398
0.217783	0.125389
0.22483	0.120609
0.231192	0.115739
0.237468	0.110662
0.244348	0.105477
0.250645	0.100659
0.256858	0.0956697
0.262674	0.0902794
0.26788	0.0842063
0.273954	0.0784147
0.279776	0.0725286
0.284833	0.0664643
0.289451	0.060545
0.294405	0.0544671
0.299329	0.0488931
0.30445	0.0431049
0.31003	0.037608
0.315459	0.0321087
0.320658	0.026434
0.325863	0.0207944
0.330963	0.0153084
0.335347	0.010169
0.340726	0.00425256
0.346189	-0.00120408
0.352038	-0.00626821
0.35739	-0.0117727
0.362531	-0.0176174
0.367791	-0.0235809
0.373088	-0.0286478
0.378127	-0.0339449
0.383338	-0.0397692
0.38821	-0.0457436
0.392505	-0.0520341
0.397533	-0.0579508
0.402239	-0.0636517
0.406967	-0.0693995
0.411688	-0.0744715
0.416391	-0.080006
0.421284	-0.085639
0.42621	-0.091447
0.4311	-0.0969991
0.435303	-0.103174
0.438979	-0.108625
0.442349	-0.113839
0.445783	-0.119481
0.449427	-0.125283
0.452922	-0.131071
0.456639	-0.137071
0.460437	-0.143337
0.464487	-0.14945
0.469351	-0.155551
0.473914	-0.161385
0.478794	-0.166844
0.482962	-0.172793
0.487033	-0.178685
0.491967	-0.184942
0.497275	-0.191007
0.503113	-0.196731
0.508863	-0.202528
0.514457	-0.208413
0.521076	-0.214418
0.527541	-0.220255
0.534025	-0.226038
0.540616	-0.232572
0.547097	-0.238858
0.553497	-0.245034
0.559588	-0.251389
0.566031	-0.25784
0.571859	-0.264503
0.577906	-0.270663
0.583774	-0.276912
0.589723	-0.282741
0.595668	-0.288595
0.601363	-0.29477
0.607572	-0.301421
0.61343	-0.307974
0.619257	-0.314355
0.625671	-0.320964
0.631233	-0.327069
0.636789	-0.333043
0.642337	-0.33894
0.648576	-0.344859
0.65464	-0.350824
0.660407	-0.357242
0.666776	-0.363929
0.673032	-0.370385
0.678461	-0.37676
0.683955	-0.382846
0.689415	-0.388539
0.69545	-0.394337
0.701297	-0.400036
0.706775	-0.404902
0.712043	-0.409798
0.716757	-0.414793
0.72197	-0.419822
0.726817	-0.424036
0.731652	-0.428467
0.737082	-0.433643
0.742448	-0.438542
0.747336	-0.443084
0.751255	-0.447117
0.75501	-0.451403
0.758497	-0.456014
0.762254	-0.460923
0.766271	-0.465991
0.769857	-0.471255
0.773475	-0.476649
0.7776	-0.482092
0.781549	-0.48774
0.78565	-0.493708
0.789879	-0.500091
0.794354	-0.506455
0.79929	-0.512667
0.80471	-0.518791
0.810797	-0.524882
0.81745	-0.530865
0.823773	-0.536734
0.829933	-0.542683
0.835702	-0.548244
0.84154	-0.553859
0.847426	-0.559203
0.852903	-0.565006
0.858563	-0.570788
0.86423	-0.576435
0.87005	-0.581947
0.875723	-0.587677
0.881389	-0.593401
0.887183	-0.598947
0.892638	-0.604859
0.898047	-0.610984
0.903091	-0.617419
0.908061	-0.623365
0.912796	-0.629303
0.917522	-0.635672
0.922312	-0.642051
0.926537	-0.648032
0.931415	-0.654017
0.936561	-0.659661
0.941944	-0.665256
0.947467	-0.671084
0.953545	-0.677018
0.959437	-0.682987
0.965049	-0.689079
0.9705	-0.69552
0.976146	-0.701705
0.981531	-0.707354
0.987642	-0.713333
0.993667	-0.719661
0.999102	-0.726218
1.00425	-0.732193
1.0089	-0.738267
1.01392	-0.744307
1.01869	-0.750733
1.02323	-0.757646
1.02761	-0.764451
1.03147	-0.770613
1.03544	-0.776831
1.03947	-0.783155
1.04351	-0.789425
1.04751	-0.795372
1.0514	-0.801704
1.05565	-0.807719
1.05995	-0.813937
1.06483	-0.820883
1.06957	-0.827723
1.07426	-0.834504
1.07921	-0.841425
1.08441	-0.848507
1.08956	-0.855451
1.09476	-0.862643
1.09996	-0.869744
1.10513	-0.876688
1.11	-0.883814
1.11496	-0.891055
1.11991	-0.898176
1.12483	-0.904887
1.12976	-0.912277
1.13442	-0.919151
1.13877	-0.926352
1.14206	-0.933409
1.14564	-0.940283
1.14912	-0.947504
1.15263	-0.954469
1.15548	-0.96117
1.15838	-0.967665
1.16094	-0.973677
1.16356	-0.980215
1.16685	-0.986478
1.16933	-0.992558
1.17203	-0.998735
1.17555	-1.00539
1.17911	-1.01195
1.18248	-1.01844
1.18602	-1.0253
1.18943	-1.03259
1.19266	-1.03993
1.19532	-1.04751
1.19845	-1.05548
1.2013	-1.06337
1.20371	-1.07063
1.20606	-1.07788
1.2093	-1.0848
1.2128	-1.09169
1.2164	-1.09869
1.22053	-1.10516
1.22465	-1.11181
1.22888	-1.11853
1.233	-1.12512
1.23715	-1.13167
1.24103	-1.1383
1.2446	-1.14466
1.24771	-1.15143
1.25087	-1.15834
1.25407	-1.16572
1.25731	-1.17305
1.26099	-1.18073
1.26434	-1.18858
1.26804	-1.19646
1.27155	-1.20446
1.27455	-1.21237
1.2776	-1.21989
1.28053	-1.22747
1.2837	-1.23474
1.28712	-1.24159
1.29043	-1.24837
1.29417	-1.25551
1.29787	-1.26263
1.30152	-1.26864
1.30537	-1.27492
1.30931	-1.28175
1.31284	-1.28896
1.31651	-1.29615
1.32044	-1.3032
1.32431	-1.31006
1.32808	-1.31694
1.33175	-1.32305
1.3349	-1.32918
1.33808	-1.33538
1.34118	-1.34153
1.34474	-1.34818
1.34835	-1.35493
1.3516	-1.36269
1.35524	-1.36943
1.35891	-1.37621
1.36266	-1.38294
1.36558	-1.3892
1.36871	-1.39605
1.37171	-1.40245
1.37506	-1.40898
1.37855	-1.41603
1.38204	-1.4232
1.38481	-1.4311
1.3875	-1.43885
1.39052	-1.44661
1.39344	-1.45429
1.3962	-1.46217
1.39862	-1.47006
1.40187	-1.4781
1.40525	-1.48583
1.40865	-1.49355
1.41275	-1.50056
1.41677	-1.50748
1.42027	-1.51521
1.4237	-1.5229
1.42748	-1.53085
1.43179	-1.53898
1.43667	-1.54637
1.44157	-1.55378
1.44706	-1.56052
1.45256	-1.56701
1.4577	-1.57343
1.4618	-1.57974
1.46604	-1.58593
1.46984	-1.59286
1.47332	-1.59962
1.47735	-1.60631
1.48181	-1.61318
1.48659	-1.61965
1.49135	-1.62614
1.49634	-1.63317
1.50025	-1.63984
1.50415	-1.64628
1.50793	-1.65224
1.51197	-1.65795
1.51642	-1.66454
1.52087	-1.6713
1.52534	-1.67799
1.52973	-1.68471
1.53431	-1.69127
1.53774	-1.69786
1.54115	-1.70465
1.5446	-1.71198
1.54825	-1.71971
1.55192	-1.72717
1.55612	-1.73456
1.56015	-1.74196
1.56376	-1.74937
1.5683	-1.75714
1.5721	-1.76555
1.57526	-1.77381
1.5782	-1.78178
1.58136	-1.78899
1.58423	-1.7962
1.58679	-1.80323
1.5884	-1.81143
1.58982	-1.81966
1.59098	-1.82783
1.59184	-1.83616
1.59258	-1.84436
1.59297	-1.85216
1.5937	-1.85918
1.59433	-1.86672
1.59492	-1.87362
1.59611	-1.88003
1.59764	-1.88716
1.59894	-1.89443
1.6001	-1.90097
1.60118	-1.9078
1.60221	-1.91484
1.60274	-1.9221
1.60307	-1.92983
1.60378	-1.938
1.60375	-1.94644
1.60429	-1.95507
1.60429	-1.96349
1.60491	-1.97182
1.60533	-1.9803
1.606	-1.98781
1.60602	-1.99534
1.6054	-2.00219
1.60478	-2.00927
1.60408	-2.01635
1.60301	-2.02345
1.60222	-2.03021
1.60165	-2.03717
1.60055	-2.04454
1.59992	-2.05236
1.5991	-2.06024
1.59816	-2.06797
1.59705	-2.07598
1.59556	-2.08343
1.59437	-2.09088
1.59318	-2.09832
1.59194	-2.10587
1.59153	-2.1133
1.59056	-2.1206
1.5903	-2.12821
1.59039	-2.13631
1.59044	-2.14444
1.59037	-2.1526
1.58942	-2.16066
1.58865	-2.1689
1.58784	-2.17836
1.58654	-2.18782
1.58476	-2.19693
1.5829	-2.206
1.58126	-2.21499
1.57959	-2.22354
1.57767	-2.23158
1.57557	-2.23997
1.57297	-2.24875
1.57047	-2.25688
1.56725	-2.2648
1.56396	-2.27244
1.56104	-2.28024
1.55851	-2.28804
1.55612	-2.2958
1.55351	-2.30348
1.55092	-2.31124
1.54835	-2.31933
1.54578	-2.32806
1.544	-2.33644
1.54226	-2.3445
1.54145	-2.35247
1.5407	-2.36024
1.54011	-2.36801
1.54001	-2.37557
1.53965	-2.38269
1.53997	-2.38918
1.54027	-2.39595
1.541	-2.40272
1.54162	-2.40967
1.5423	-2.41741
1.54354	-2.42513
1.54477	-2.43285
1.54557	-2.44062
1.54596	-2.4485
1.54628	-2.45654
1.54671	-2.46452
1.5472	-2.47269
1.54845	-2.47992
1.54947	-2.48707
1.55047	-2.49466
1.55144	-2.50248
1.55327	-2.50983
1.55509	-2.51699
1.55686	-2.52433
1.55899	-2.53149
1.56055	-2.53886
1.56183	-2.5472
1.5624	-2.55515
1.56292	-2.56283
1.56379	-2.57042
1.56446	-2.57821
1.56509	-2.58598
1.56572	-2.59398
1.56644	-2.60205
1.56709	-2.61009
1.56721	-2.61795
1.5673	-2.62578
1.56718	-2.63347
1.56653	-2.64129
1.56581	-2.64928
1.56511	-2.65721
1.56455	-2.66515
1.56431	-2.67222
1.56401	-2.67937
1.56389	-2.68541
1.56371	-2.69172
1.56372	-2.69759
1.56447	-2.70396
1.56533	-2.71061
1.56512	-2.718
1.56541	-2.72563
1.56543	-2.73264
1.56592	-2.73926
1.56588	-2.74687
1.5658	-2.75476
1.56581	-2.76265
1.56669	-2.77082
1.56801	-2.77913
1.56927	-2.78731
1.5704	-2.79537
1.57173	-2.80349
1.573	-2.81011
1.57459	-2.81687
1.57625	-2.82412
1.57834	-2.83165
1.5799	-2.83891
1.58237	-2.84634
1.58508	-2.85371
1.58765	-2.86111
1.5902	-2.86845
1.59258	-2.8758
1.59479	-2.88278

1.59678	2.89008
1.59848	2.88259
1.5999	2.87539
1.60167	2.86794
1.60298	2.86023
1.60419	2.85263
1.6055	2.84524
1.60736	2.83783
1.60929	2.83041
1.61103	2.82271
1.61256	2.81565
1.61472	2.80805
1.61699	2.80055
1.61877	2.79301
1.62088	2.78571
1.6232	2.77844
1.62553	2.77114
1.62819	2.76325
1.63074	2.75526
1.63347	2.74676
1.63591	2.73874
1.63879	2.73059
1.64148	2.72295
1.64325	2.71564
1.64528	2.70876
1.64778	2.70218
1.65057	2.69505
1.65314	2.68833
1.65556	2.68171
1.65807	2.6744
1.66043	2.6671
1.66305	2.65916
1.66555	2.65173
1.66805	2.64434
1.67024	2.63673
1.67198	2.62943
1.67289	2.62177
1.6747	2.61413
1.67638	2.60734
1.6781	2.60037
1.67976	2.59312
1.68088	2.58573
1.68283	2.57779
1.68481	2.56995
1.68681	2.56206
1.68822	2.55387
1.68942	2.54593
1.68963	2.53818
1.6897	2.52988
1.68903	2.52188
1.68883	2.51324
1.68881	2.50475
1.68949	2.49733
1.69038	2.48987
1.69146	2.48253
1.69266	2.47512
1.69432	2.46773
1.69608	2.46021
1.69799	2.45245
1.70016	2.44462
1.70271	2.4369
1.70574	2.42876
1.70837	2.42188
1.71116	2.41494
1.71402	2.40795
1.71712	2.40105
1.72051	2.39387
1.72448	2.38688
1.72792	2.37965
1.73143	2.37227
1.73506	2.365
1.73865	2.35694
1.74222	2.34909
1.74594	2.34162
1.74984	2.33428
1.75386	2.32702
1.75776	2.31986
1.76166	2.31265
1.76543	2.30551
1.76871	2.29837
1.77203	2.29137
1.77529	2.2842
1.77897	2.27715
1.78241	2.27115
1.78609	2.2649
1.78981	2.25845
1.79391	2.25141
1.79779	2.24432
1.80172	2.23732
1.80553	2.22992
1.80929	2.2224
1.813	2.21496
1.81694	2.20795
1.82117	2.20204
1.82604	2.19657
1.83077	2.19095
1.83548	2.18472
1.84007	2.17864
1.84512	2.17245
1.85009	2.16664
1.85485	2.1611
1.85971	2.15548
1.8643	2.15028
1.86882	2.14441
1.87343	2.13842
1.87757	2.13251
1.88222	2.12709
1.88703	2.12091
1.89207	2.11459
1.89613	2.10868
1.90028	2.10264
1.90487	2.09608
1.90951	2.08962
1.91428	2.08288
1.9195	2.07636
1.92452	2.07006
1.92938	2.06385
1.93416	2.05783
1.93913	2.05199
1.94388	2.04606
1.94849	2.03982
1.95321	2.03379
1.95775	2.02782
1.96264	2.0225
1.96771	2.0175
1.97279	2.01146
1.97793	2.00542
1.98291	1.99987
1.98835	1.99435
1.99389	1.98908
1.99867	1.98415
2.00319	1.97936
2.00813	1.97442
2.01367	1.96954
2.02163	1.96701
2.02953	1.96477
2.03766	1.96332
2.04531	1.96113
2.05312	1.95892
2.06088	1.95696
2.0685	1.9546
2.07585	1.95251
2.08307	1.9507
2.09071	1.94924
2.09818	1.9483
2.10565	1.94778
2.11339	1.94691
2.1214	1.94625
2.1293	1.9461
2.13715	1.94597
2.14495	1.94601
2.15302	1.94668
2.16149	1.94738
2.16989	1.94821
2.1783	1.94898
2.18661	1.94978
2.19468	1.95042
2.20273	1.9511
2.21058	1.95153
2.21858	1.95196
2.22662	1.95302
2.2346	1.95405
2.24264	1.95518
2.25095	1.95607
2.25916	1.95691
2.26731	1.95772
2.27524	1.95856
2.28319	1.95978
2.29115	1.96104
2.29892	1.96165
2.30701	1.96242
2.31444	1.9626
2.32263	1.9632
2.3308	1.96454
2.33904	1.96589
2.34725	1.96731
2.35627	1.96842
2.36521	1.96943
2.37435	1.97017
2.3823	1.9712
2.39007	1.97193
2.39762	1.97287
2.40523	1.97379
2.41261	1.97552
2.42014	1.97721
2.42655	1.97859
2.43361	1.98023
2.44076	1.98205
2.4482	1.98358
2.45555	1.98518
2.46288	1.98791
2.47033	1.99067
2.47787	1.99332
2.48478	1.9948
2.49122	1.99633
2.49794	1.99795
2.50487	2.0005
2.51129	2.0036
2.51829	2.00652
2.52582	2.00947
2.53363	2.01231
2.54139	2.01505
2.54926	2.01767
2.55711	2.02018
2.56501	2.02255
2.57249	2.02506
2.58043	2.02754
2.58836	2.03017
2.59644	2.03268
2.60433	2.03472
2.61196	2.03669
2.6202	2.03879
2.62807	2.0406
2.63611	2.04243
2.64401	2.04415
2.65186	2.04602
2.65925	2.04741
2.6662	2.04992
2.67284	2.05152
2.68008	2.0539
2.6872	2.05611
2.69432	2.05911
2.70146	2.06238
2.70849	2.06504
2.71596	2.06747
2.72334	2.07002
2.73117	2.07294
2.73932	2.07592
2.74816	2.07856
2.75654	2.08052
2.76426	2.08168
2.77222	2.08319
2.77972	2.0837
2.7876	2.0841
2.79538	2.0847
2.80373	2.08593
2.81129	2.08581
2.81962	2.08498
2.82767	2.08433
2.83566	2.08347
2.84379	2.08261
2.85295	2.08198
2.86135	2.08159
2.8707	2.08149
2.87978	2.08171
2.8888	2.08122

-2.88298	2.08119
-2.87473	2.08089
-2.86617	2.0803
-2.8583	2.08028
-2.85049	2.08026
-2.84313	2.07998
-2.83563	2.07976
-2.8283	2.07938
-2.8214	2.07925
-2.81368	2.07897
-2.80599	2.07871
-2.79854	2.07862
-2.7911	2.07808
-2.78311	2.07747
-2.77561	2.07667
-2.76797	2.07511
-2.76038	2.07345
-2.75292	2.07163
-2.74536	2.06908
-2.73794	2.06655
-2.73082	2.06339
-2.72373	2.06026
-2.71679	2.05784
-2.70971	2.05523
-2.70315	2.05228
-2.69656	2.04939
-2.68946	2.04665
-2.68198	2.0433
-2.6745	2.0396
-2.66627	2.03596
-2.65835	2.0329
-2.65065	2.02986
-2.64301	2.02682
-2.63533	2.0237
-2.62779	2.02041
-2.619	2.01728
-2.61094	2.01503
-2.60313	2.0135
-2.59545	2.01202
-2.58761	2.00993
-2.57975	2.00775
-2.57192	2.00545
-2.56385	2.00228
-2.55593	1.99947
-2.548	1.99672
-2.54012	1.99354
-2.53236	1.99037
-2.52524	1.98684
-2.51764	1.9833
-2.5102	1.97961
-2.50315	1.97588
-2.49615	1.9722
-2.48917	1.96845
-2.48214	1.96461
-2.47566	1.96083
-2.46933	1.95744
-2.46303	1.95381
-2.45659	1.95019
-2.44987	1.94652
-2.4431	1.94264
-2.43616	1.93887
-2.42962	1.9353
-2.42341	1.93159
-2.41697	1.92814
-2.41062	1.92492
-2.40413	1.92145
-2.39757	1.91812
-2.39118	1.91453
-2.38403	1.91069
-2.37691	1.90703
-2.36991	1.90318
-2.36302	1.89945
-2.35542	1.89637
-2.34788	1.89322
