0.994798	0.00466598
0.990358	0.00974051
0.985936	0.0151123
0.980793	0.0209592
0.976071	0.0270722
0.97087	0.0327006
0.965856	0.0387282
0.960627	0.0445796
0.955716	0.0506552
0.950894	0.0573918
0.946105	0.0646014
0.941506	0.0717608
0.937331	0.0786636
0.933353	0.0856813
0.929953	0.0925027
0.92653	0.0994933
0.923397	0.106458
0.920017	0.113768
0.916693	0.12065
0.913198	0.128072
0.909339	0.136353
0.905683	0.144428
0.902232	0.152291
0.899276	0.159567
0.896444	0.166976
0.893263	0.174067
0.889919	0.181216
0.886228	0.188681
0.882382	0.196364
0.879772	0.203638
0.876955	0.211516
0.874149	0.219935
0.871495	0.2279
0.869006	0.234817
0.866257	0.242107
0.863307	0.249376
0.860439	0.256305
0.857781	0.263773
0.854696	0.271262
0.85176	0.278751
0.848767	0.286151
0.845817	0.293276
0.842992	0.300656
0.840716	0.307632
0.838736	0.315129
0.836895	0.32288
0.835654	0.330264
0.833996	0.337061
0.832502	0.344065
0.830667	0.351419
0.82876	0.359139
0.826524	0.366691
0.825039	0.374116
0.82341	0.381808
0.821974	0.389706
0.821007	0.397356
0.820879	0.404894
0.821297	0.413113
0.821936	0.421362
0.822933	0.429726
0.824786	0.437549
0.827158	0.445973
0.829852	0.454375
0.832563	0.462617
0.835388	0.470941
0.838221	0.479062
0.841829	0.486847
0.845356	0.494814
0.848905	0.502577
0.852906	0.509998
0.856896	0.517092
0.86073	0.523955
0.864496	0.53109
0.86845	0.538064
0.872253	0.545258
0.876895	0.552748
0.881351	0.559407
0.886024	0.565825
0.891192	0.57218
0.896219	0.578863
0.901735	0.585561
0.907165	0.593122
0.91259	0.600954
0.917613	0.609
0.923384	0.61591
0.928907	0.622398
0.93391	0.628849
0.93873	0.635096
0.94364	0.641642
0.948415	0.648103
0.953313	0.654476
0.958447	0.660871
0.963425	0.667495
0.968759	0.673657
0.974234	0.679627
0.979745	0.686186
0.985732	0.693421
0.991176	0.700351
0.996534	0.707129
1.00185	0.713598
1.00765	0.719999
1.01367	0.725872
1.02013	0.7313
1.0268	0.736585
1.03346	0.74193
1.04013	0.747192
1.0475	0.752127
1.05508	0.756862
1.06269	0.761984
1.0704	0.76676
1.07839	0.771119
1.08651	0.775245
1.09454	0.779606
1.10257	0.783569
1.1102	0.788549
1.11776	0.793546
1.12611	0.79844
1.13415	0.803126
1.14202	0.807636
1.15004	0.81201
1.15783	0.816193
1.16628	0.820514
1.17463	0.824823
1.18308	0.829147
1.1913	0.833668
1.19878	0.837607
1.20643	0.842177
1.21405	0.847708
1.22119	0.853237
1.22822	0.858468
1.23548	0.863657
1.24286	0.868247
1.25024	0.873217
1.25741	0.877969
1.26404	0.882642
1.26983	0.886488
1.27604	0.890182
1.28236	0.893524
1.28884	0.89681
1.2953	0.899631
1.30208	0.902572
1.3088	0.905707
1.31562	0.908786
1.32256	0.911846
1.32951	0.914602
1.33655	0.917304
1.34322	0.919663
1.34998	0.921978
1.35776	0.925574
1.36549	0.929632
1.37314	0.933571
1.38055	0.937174
1.38784	0.940497
1.3956	0.943483
1.40317	0.946641
1.41041	0.949663
1.41765	0.952621
1.4253	0.955159
1.43271	0.957859
1.43995	0.960133
1.44702	0.962465
1.4547	0.964386
1.46272	0.966558
1.47165	0.968173
1.48077	0.970117
1.49007	0.972295
1.49908	0.974361
1.50773	0.976354
1.51628	0.978424
1.5245	0.980237
1.53275	0.98207
1.54102	0.983469
1.54872	0.984565
1.55591	0.985895
1.5631	0.987259
1.57039	0.988034
1.57779	0.98872
1.58552	0.989406
1.59313	0.990297
1.60066	0.991023
1.60787	0.99158
1.61526	0.991883
1.62257	0.992747
1.63037	0.993711
1.63807	0.994822
1.64534	0.995665
1.6522	0.996587
1.65956	0.997457
1.66698	0.998448
1.67425	0.99948
1.68093	1.00091
1.68789	1.00237
1.69485	1.0037
1.70187	1.00508
1.70827	1.00696
1.71435	1.00875
1.72082	1.01032
1.72744	1.01226
1.73466	1.0144
1.74331	1.01603
1.75182	1.0176
1.76085	1.01914
1.76972	1.0208
1.77843	1.02216
1.78638	1.02329
1.79409	1.02431
1.80163	1.02536
1.80936	1.02638
1.81722	1.02709
1.82509	1.02752
1.83336	1.0276
1.84228	1.02729
1.85101	1.027
1.85937	1.02736
1.86784	1.02864
1.87613	1.03001
1.88451	1.03121
1.89358	1.03223
1.90231	1.03317
1.91017	1.03406
1.91797	1.03492
1.92715	1.03507
1.9359	1.03517
1.94435	1.03574
1.95264	1.03665
1.96091	1.03736
1.96822	1.03783
1.97591	1.03787
1.9836	1.03781
1.99166	1.03741
1.9995	1.03713
2.00793	1.03685
2.0166	1.03668
2.02521	1.03633
2.03358	1.03588
2.04197	1.03536
2.05027	1.03466
2.05908	1.03337
2.06762	1.03203
2.07606	1.03078
2.08481	1.02936
2.09354	1.02773
2.10216	1.02619
2.11161	1.02427
2.12091	1.02246
2.13012	1.02154
2.13954	1.02109
2.1488	1.02088
2.15769	1.02023
2.16638	1.01964
2.17475	1.01905
2.18444	1.01849
2.19364	1.01773
2.20216	1.01656
2.2106	1.01559
2.2189	1.01444
2.22718	1.01288
2.23541	1.0114
2.24355	1.00999
2.25122	1.00842
2.25896	1.00674
2.26692	1.00502
2.27487	1.0033
2.28277	1.00144
2.2906	0.999369
2.29876	0.997461
2.30578	0.995513
2.31285	0.993652
2.32006	0.991804
2.32723	0.990186
2.33398	0.988544
2.33996	0.986793
2.34561	0.985775
2.35173	0.985029
2.35819	0.984317
2.36492	0.983587
2.37196	0.982852
2.37893	0.982335
2.38698	0.981808
2.39539	0.980534
2.40407	0.978855
2.41258	0.977242
2.42111	0.975783
2.42973	0.974358
2.43863	0.973051
2.44727	0.971944
2.45596	0.970727
2.46444	0.969148
2.47233	0.96773
2.48036	0.96642
2.48829	0.964995
2.49607	0.963382
2.50401	0.961684
2.51141	0.959826
2.51886	0.958103
2.52609	0.956612
2.53347	0.955059
2.54099	0.953515
2.54816	0.951683
2.55571	0.950364
2.56336	0.949325
2.57121	0.948495
2.57974	0.947304
2.58839	0.945716
2.597	0.94435
2.60546	0.943165
2.61343	0.942557
2.62186	0.942257
2.6301	0.941695
2.63837	0.941172
2.64594	0.940245
2.65316	0.939122
2.66064	0.938195
2.66802	0.937527
2.67561	0.936591
2.68326	0.93564
2.69148	0.934426
2.6996	0.933212
2.70776	0.931726
2.71584	0.930285
2.72357	0.928806
2.73214	0.926794
2.74017	0.92516
2.74816	0.923585
2.75656	0.921911
2.76433	0.920045
2.77246	0.918011
2.78068	0.916059
2.78916	0.913985
2.79708	0.912247
2.80493	0.910465
2.81288	0.909112
2.82046	0.90716
2.82791	0.905496
2.83569	0.903821
2.84446	0.902016
2.8529	0.900318
2.86108	0.898779
2.86927	0.896324
2.87752	0.893721
2.88549	0.892004
-2.88696	0.890346
-2.8795	0.888656
-2.87163	0.886996
-2.8638	0.885103
-2.8562	0.883151
-2.84903	0.881163
-2.8419	0.879648
-2.83494	0.877883
-2.82767	0.876257
-2.82099	0.874831
-2.81448	0.873678
-2.80759	0.872396
-2.80039	0.871065
-2.79306	0.870094
-2.78508	0.869452
-2.77678	0.868665
-2.76863	0.868201
-2.76074	0.867982
-2.75186	0.868221
-2.74258	0.868652
-2.73361	0.869805
-2.72456	0.869516
-2.71582	0.869204
-2.70714	0.869019
-2.69865	0.869003
-2.6904	0.869822
-2.68301	0.87074
-2.67574	0.871743
-2.66866	0.872833
-2.66142	0.873984
-2.65423	0.875863
-2.64748	0.877712
-2.64089	0.879085
-2.63433	0.881232
-2.62775	0.883906
-2.62099	0.886806
-2.61417	0.889787
-2.60728	0.892871
-2.60076	0.896084
-2.59409	0.899208
-2.58704	0.901413
-2.58017	0.903664
-2.57322	0.906483
-2.56633	0.909439
-2.55942	0.912994
-2.55238	0.916657
-2.54543	0.920295
-2.53866	0.924583
-2.53122	0.928785
-2.52389	0.932927
-2.51648	0.937428
-2.50888	0.942335
-2.50111	0.946959
-2.49297	0.951772
-2.48536	0.956694
-2.47849	0.961846
-2.47172	0.966897
-2.465	0.971869
-2.45808	0.976981
-2.45132	0.982025
-2.44403	0.987118
-2.43756	0.992165
-2.43118	0.997445
-2.42515	1.00303
-2.41891	1.00867
-2.41252	1.01411
-2.40623	1.01945
-2.3998	1.0246
-2.39363	1.02983
-2.38753	1.03528
-2.38179	1.04095
-2.37663	1.04674
-2.37126	1.05259
-2.36599	1.05868
-2.36063	1.06453
-2.35537	1.07058
-2.35121	1.07673
-2.34711	1.0831
-2.34257	1.08978
-2.33751	1.09707
-2.33257	1.10475
-2.32758	1.11224
-2.32241	1.11931
-2.31717	1.12619
-2.31183	1.13309
-2.30657	1.13989
-2.30144	1.14653
-2.29629	1.15405
-2.29119	1.16109
-2.28632	1.16819
-2.28147	1.17512
-2.27723	1.18143
-2.27304	1.18863
-2.26878	1.19562
-2.26442	1.20277
-2.26004	1.20984
-2.25561	1.21657
-2.25109	1.22309
-2.24647	1.2297
-2.24171	1.2362
-2.23729	1.24219
-2.23202	1.24848
-2.22729	1.25426
-2.2222	1.26006
-2.21702	1.26601
-2.21183	1.27197
-2.20713	1.27773
-2.2022	1.28354
-2.19756	1.28876
-2.19306	1.29406
-2.18828	1.30033
-2.18319	1.30691
-2.17841	1.31309
-2.17379	1.31889
-2.16862	1.32504
-2.16336	1.33139
-2.15868	1.33755
-2.15397	1.34358
-2.1492	1.34941
-2.14414	1.35519
-2.13863	1.36212
-2.13297	1.36891
-2.12775	1.37573
-2.1229	1.38261
-2.11762	1.38903
-2.11236	1.39533
-2.10712	1.40163
-2.1018	1.40791
-2.09713	1.41423
-2.09312	1.42063
-2.08903	1.42711
-2.08453	1.4333
-2.07989	1.43943
-2.07629	1.445
-2.07238	1.45084
-2.06923	1.457
-2.06592	1.4634
-2.06273	1.46986
-2.05918	1.47635
-2.05562	1.48292
-2.05227	1.48987
-2.04859	1.49675
-2.04569	1.50353
-2.04282	1.51013
-2.04026	1.51773
-2.03753	1.52551
-2.03444	1.53303
-2.03119	1.54086
-2.0263	1.54819
-2.02117	1.55581
-2.01627	1.56326
-2.01137	1.57056
-2.0066	1.57769
-2.00217	1.58501
-1.99799	1.5923
-1.99424	1.60006
-1.99047	1.6079
-1.98653	1.6155
-1.98193	1.62289
-1.97747	1.63042
-1.97357	1.63754
-1.97024	1.64398
-1.96699	1.65087
-1.96367	1.65777
-1.96115	1.66447
-1.95979	1.67101
-1.95836	1.67779
-1.9567	1.68473
-1.95495	1.6915
-1.95246	1.69842
-1.95029	1.70507
-1.94818	1.71174
-1.94592	1.7178
-1.94315	1.72401
-1.94009	1.73048
-1.937	1.73693
-1.93424	1.74499
-1.9321	1.75302
-1.93079	1.76105
-1.93007	1.76895
-1.92914	1.7769
-1.92844	1.78479
-1.92813	1.79295
-1.92809	1.80129
-1.92821	1.80942
-1.92868	1.81735
-1.92999	1.82615
-1.9303	1.83438
-1.93038	1.84198
-1.93056	1.84977
-1.93106	1.85731
-1.93119	1.86546
-1.93198	1.8742
-1.93289	1.88302
-1.93446	1.89169
-1.93541	1.90041
-1.93631	1.90904
-1.93701	1.91779
-1.93738	1.92636
-1.93752	1.93438
-1.93755	1.94258
-1.93734	1.9505
-1.9372	1.95844
-1.93687	1.96565
-1.93685	1.97257
-1.93693	1.97967
-1.93667	1.98651
-1.936	1.9938
-1.93528	2.0009
-1.93495	2.00813
-1.93477	2.01554
-1.93506	2.02341
-1.93547	2.03141
-1.93624	2.0393
-1.93682	2.04666
-1.93769	2.05446
-1.93868	2.06226
-1.94077	2.06997
-1.94299	2.07766
-1.94526	2.08589
-1.94794	2.09402
-1.95059	2.10161
-1.95248	2.1094
-1.95388	2.11696
-1.95544	2.1242
-1.95702	2.1315
-1.95886	2.13866
-1.96086	2.14608
-1.96281	2.15353
-1.96492	2.16148
-1.96728	2.16945
-1.96945	2.17727
-1.97106	2.18511
-1.97256	2.19296
-1.97381	2.20038
-1.97501	2.20787
-1.97595	2.21503
-1.97722	2.22183
-1.97855	2.22863
-1.97999	2.23585
-1.98145	2.24322
-1.98325	2.25081
-1.98491	2.25801
-1.98666	2.2655
-1.9884	2.27307
-1.98969	2.28006
-1.99101	2.28717
-1.99315	2.29495
-1.99505	2.30226
-1.99684	2.30957
-1.99837	2.3171
-2.00007	2.32475
-2.00211	2.33176
-2.00436	2.33905
-2.00674	2.34681
-2.00839	2.35408
-2.0101	2.36197
-2.0118	2.36974
-2.01315	2.37777
-2.01466	2.38617
-2.01654	2.3944
-2.01845	2.40232
-2.02058	2.41014
-2.02266	2.41794
-2.02497	2.42596
-2.02748	2.43359
-2.02932	2.4417
-2.03109	2.44978
-2.03281	2.45763
-2.03428	2.46527
-2.03551	2.47286
-2.03616	2.48134
-2.03649	2.48955
-2.03631	2.49779
-2.03638	2.50562
-2.0365	2.51319
-2.03649	2.51992
-2.03686	2.52684
-2.03714	2.53379
-2.03748	2.54097
-2.03619	2.54797
-2.03504	2.55525
-2.03404	2.5627
-2.03383	2.57006
-2.03406	2.57682
-2.03321	2.58398
-2.03207	2.59178
-2.03047	2.59994
-2.0288	2.60798
-2.02693	2.61638
-2.02522	2.62467
-2.02363	2.63284
-2.02217	2.64096
-2.02066	2.64927
-2.01909	2.6572
-2.01849	2.66471
-2.01787	2.67191
-2.01691	2.67881
-2.01572	2.68551
-2.01463	2.69248
-2.01344	2.69895
-2.0122	2.70573
-2.01083	2.71293
-2.00959	2.72024
-2.00834	2.72765
-2.00652	2.73499
-2.00483	2.74225
-2.00338	2.74955
-2.00204	2.75695
-2.0007	2.76488
-1.99931	2.77249
-1.99804	2.78012
-1.99683	2.78757
-1.9956	2.79522
-1.99409	2.80307
-1.99256	2.81109
-1.99093	2.81868
-1.98957	2.8264
-1.98876	2.83346
-1.9881	2.84072
-1.98737	2.84818
-1.98681	2.8554
-1.9864	2.86294
-1.98607	2.87044
-1.98614	2.87829
-1.98618	2.88613
-1.98649	-2.88635
-1.98611	-2.87884
-1.98566	-2.87131
-1.98489	-2.86353
-1.98399	-2.85578
-1.98299	-2.84803
-1.98179	-2.84062
-1.97986	-2.83284
-1.9774	-2.82553
-1.97475	-2.81813
-1.97153	-2.81083
-1.96833	-2.80358
-1.96527	-2.79604
-1.9624	-2.78824
-1.9594	-2.781
-1.95693	-2.77368
-1.95384	-2.76611
-1.9508	-2.75868
-1.94794	-2.75172
-1.94503	-2.74471
-1.94194	-2.73757
-1.93909	-2.72976
-1.93655	-2.72175
-1.93386	-2.71388
-1.93177	-2.70538
-1.92965	-2.69702
-1.9271	-2.68907
-1.92434	-2.68112
-1.92175	-2.67327
-1.91923	-2.66546
-1.91661	-2.65763
-1.91376	-2.64942
-1.91095	-2.64135
-1.90819	-2.63301
-1.90565	-2.62506
-1.90321	-2.61738
-1.90078	-2.60971
-1.89869	-2.60191
-1.89646	-2.59417
-1.89414	-2.58643
-1.89184	-2.57874
-1.88952	-2.57109
-1.88739	-2.5635
-1.8859	-2.55555
-1.88415	-2.54734
-1.88243	-2.53927
-1.88089	-2.53139
-1.87921	-2.52357
-1.87751	-2.51575
-1.87641	-2.50822
-1.87545	-2.50111
-1.87427	-2.49361
-1.87204	-2.48572
-1.86978	-2.47798
-1.8673	-2.47046
-1.86493	-2.46306
-1.86309	-2.45559
-1.86087	-2.44865
-1.85846	-2.44111
-1.85605	-2.43357
-1.85329	-2.42731
-1.85151	-2.42025
-1.84982	-2.41288
-1.84804	-2.40535
-1.84644	-2.39746
-1.84487	-2.38955
-1.84314	-2.38159
-1.84153	-2.37329
-1.83977	-2.3651
-1.83794	-2.35785
-1.83579	-2.35116
-1.83358	-2.3444
-1.83065	-2.33688
-1.82768	-2.32911
-1.82504	-2.32189
-1.8217	-2.31464
-1.81822	-2.3075
-1.81555	-2.30039
-1.81307	-2.29329
-1.81053	-2.28608
-1.80799	-2.27882
-1.80561	-2.27142
-1.8024	-2.264
-1.79957	-2.25704
-1.79673	-2.25005
-1.79344	-2.24268
-1.79023	-2.23522
-1.78719	-2.22804
-1.78388	-2.22153
-1.78032	-2.21465
-1.77679	-2.20766
-1.77317	-2.20127
-1.76948	-2.19491
-1.76624	-2.18899
-1.76325	-2.1827
-1.76077	-2.17662
-1.75823	-2.16999
-1.75562	-2.16323
-1.75336	-2.15615
-1.75075	-2.14871
-1.74827	-2.14087
-1.74586	-2.13308
-1.74426	-2.1251
-1.74227	-2.1171
-1.74024	-2.10912
-1.73818	-2.10122
-1.73647	-2.09346
-1.73494	-2.08545
-1.73341	-2.07748
-1.73203	-2.06909
-1.73103	-2.06036
-1.73012	-2.05184
-1.72881	-2.04382
-1.72746	-2.03586
-1.72616	-2.02782
-1.72537	-2.02017
-1.72442	-2.01261
-1.72351	-2.00496
-1.7227	-1.9976
-1.72192	-1.99001
-1.72169	-1.98168
-1.72103	-1.97364
-1.72053	-1.96567
-1.72005	-1.95766
-1.7195	-1.94968
-1.71888	-1.94141
-1.71805	-1.93306
-1.71735	-1.92417
-1.71571	-1.91551
-1.71524	-1.90815
-1.71459	-1.90127
-1.71344	-1.89358
-1.71204	-1.88622
-1.71059	-1.87897
-1.70912	-1.8719
-1.70716	-1.86463
-1.70521	-1.85793
-1.70325	-1.85102
-1.70126	-1.84399
-1.69926	-1.83685
-1.69725	-1.82951
-1.69523	-1.82191
-1.6932	-1.81402
-1.692	-1.80569
-1.68986	-1.79765
-1.68839	-1.79034
-1.68689	-1.78294
-1.68522	-1.7755
-1.68288	-1.76751
-1.68059	-1.75967
-1.67824	-1.75182
-1.67593	-1.74403
-1.67392	-1.73636
-1.67249	-1.72875
-1.67079	-1.72132
-1.66838	-1.71395
-1.66575	-1.70625
-1.66336	-1.69859
-1.66104	-1.69104
-1.65866	-1.68282
-1.65653	-1.67488
-1.65491	-1.66684
-1.65337	-1.65857
-1.65181	-1.65058
-1.65002	-1.64264
-1.64829	-1.63477
-1.64707	-1.62692
-1.64584	-1.61941
-1.6445	-1.61218
-1.64315	-1.60482
-1.64284	-1.59737
-1.64246	-1.58984
-1.64169	-1.58256
-1.6414	-1.57527
-1.64095	-1.56795
-1.64066	-1.5605
-1.63984	-1.55317
-1.63901	-1.54558
-1.6386	-1.538
-1.6375	-1.53042
-1.6368	-1.52332
-1.63556	-1.51585
-1.63349	-1.50856
-1.63187	-1.49998
-1.63002	-1.49179
-1.62821	-1.48361
-1.62679	-1.47562
-1.6254	-1.46767
-1.6237	-1.45998
-1.6223	-1.45265
-1.62089	-1.4452
-1.61923	-1.4383
-1.61683	-1.43178
-1.61444	-1.42505
-1.612	-1.41822
-1.60959	-1.41126
-1.60734	-1.40361
-1.6052	-1.3957
-1.60307	-1.38787
-1.60084	-1.38031
-1.59877	-1.37305
-1.59745	-1.36587
-1.59631	-1.35851
-1.59497	-1.35142
-1.59364	-1.3442
-1.5929	-1.33682
-1.59177	-1.32913
-1.59059	-1.32136
-1.58906	-1.31326
-1.58741	-1.30529
-1.5851	-1.29786
-1.58245	-1.29042
-1.57929	-1.28289
-1.57623	-1.27545
-1.57332	-1.26803
-1.57071	-1.26061
-1.56753	-1.25362
-1.56435	-1.24637
-1.56133	-1.2392
-1.55827	-1.23159
-1.55604	-1.2245
-1.55426	-1.21745
-1.55255	-1.21031
-1.55117	-1.20286
-1.54983	-1.19464
-1.54854	-1.18636
-1.54744	-1.17896
-1.54636	-1.17145
-1.54505	-1.16389
-1.54378	-1.15625
-1.54231	-1.149
-1.54087	-1.14166
-1.53931	-1.13405
-1.53769	-1.12578
-1.53565	-1.11743
-1.53396	-1.10921
-1.53195	-1.10091
-1.53014	-1.09307
-1.52786	-1.08521
-1.52592	-1.07731
-1.52431	-1.06962
-1.52299	-1.06223
-1.52182	-1.05488
-1.5207	-1.04744
-1.52002	-1.04056
-1.51929	-1.03383
-1.51848	-1.02682
-1.51862	-1.01969
-1.51903	-1.01231
-1.51906	-1.00491
-1.51898	-0.9974
-1.51841	-0.989802
-1.51943	-0.982463
-1.52064	-0.973906
-1.52088	-0.965171
-1.52175	-0.956209
-1.52219	-0.946899
-1.52225	-0.938553
-1.52212	-0.930221
-1.52238	-0.922766
-1.52271	-0.915173
-1.52319	-0.907724
-1.52349	-0.900299
-1.52443	-0.893316
-1.52564	-0.886501
-1.52635	-0.879419
-1.527	-0.871694
-1.52764	-0.863694
-1.52821	-0.855714
-1.52904	-0.847705
-1.52994	-0.839925
-1.53079	-0.832094
-1.5314	-0.824387
-1.53173	-0.81725
-1.53246	-0.809709
-1.53313	-0.801964
-1.53378	-0.793966
-1.53359	-0.78535
-1.53299	-0.776412
-1.53256	-0.767425
-1.53223	-0.758644
-1.53212	-0.750566
-1.53189	-0.74251
-1.53143	-0.734477
-1.53085	-0.726458
-1.53013	-0.718989
-1.52938	-0.711357
-1.52844	-0.70413
-1.52721	-0.697145
-1.52598	-0.690617
-1.52482	-0.683668
-1.52348	-0.676417
-1.52189	-0.669462
-1.5204	-0.662429
-1.51867	-0.655441
-1.51681	-0.648439
-1.51569	-0.641101
-1.51497	-0.633176
-1.51392	-0.62468
-1.51294	-0.616439
-1.51211	-0.607984
-1.51032	-0.600791
-1.50852	-0.593482
-1.50677	-0.586094
-1.50519	-0.579181
-1.50386	-0.572
-1.5026	-0.56472
-1.50194	-0.557313
-1.50127	-0.550056
-1.50073	-0.542277
-1.49997	-0.534933
-1.49936	-0.527409
-1.49872	-0.518763
-1.49794	-0.510028
-1.4976	-0.5015
-1.4973	-0.493235
-1.4973	-0.484695
-1.49753	-0.475947
-1.49799	-0.467848
-1.49781	-0.459735
-1.4976	-0.451671
-1.49727	-0.443382
-1.497	-0.435252
-1.4969	-0.427737
-1.49675	-0.420555
-1.49652	-0.413309
-1.49609	-0.405504
-1.49549	-0.397456
-1.49488	-0.389447
-1.49397	-0.381842
-1.49356	-0.37365
-1.49422	-0.365168
-1.49494	-0.35648
-1.49585	-0.348261
-1.4962	-0.340366
-1.49643	-0.33236
-1.49613	-0.32388
-1.49594	-0.315793
-1.4956	-0.307942
-1.49523	-0.300043
-1.49484	-0.292122
-1.49442	-0.284168
-1.49386	-0.276375
-1.49307	-0.269018
-1.49286	-0.261176
-1.49233	-0.253386
-1.49163	-0.245261
-1.49094	-0.237106
-1.49055	-0.228374
-1.49013	-0.220159
-1.48946	-0.212967
-1.48799	-0.205666
-1.4859	-0.198786
-1.48381	-0.191771
-1.48197	-0.184387
-1.48026	-0.177576
-1.4786	-0.170627
-1.47774	-0.162918
-1.4771	-0.155278
-1.47681	-0.148288
-1.47686	-0.140545
-1.47682	-0.132735
-1.47625	-0.124803
-1.47571	-0.11677
-1.47516	-0.108771
-1.47468	-0.100779
-1.47435	-0.0927448
-1.47388	-0.0849385
-1.47302	-0.0771064
-1.47194	-0.0690986
-1.4713	-0.0610612
-1.47048	-0.0532776
-1.46928	-0.0456443
-1.46835	-0.0381908
-1.46718	-0.0307734
-1.4659	-0.0233157
-1.46513	-0.0162466
-1.46444	-0.0090135
-1.46382	-0.00155552
-1.46325	0.005749
-1.46201	0.0128213
-1.46078	0.0200011
-1.45989	0.0277225
-1.45959	0.0355824
-1.45964	0.0432699
-1.46032	0.0512974
-1.46094	0.0592152
-1.46124	0.0670899
-1.46148	0.0750341
-1.4622	0.0831781
-1.46255	0.0911022
-1.46324	0.0987147
-1.46377	0.106615
-1.46397	0.114275
-1.46403	0.122051
-1.46415	0.12984
-1.46431	0.137223
-1.46375	0.144616
-1.46308	0.15201
-1.463	0.159903
-1.46275	0.167705
-1.4626	0.175479
-1.46131	0.182963
-1.46057	0.190381
-1.45963	0.197891
-1.45886	0.20548
-1.45794	0.21303
-1.45699	0.220611
-1.45616	0.227986
-1.45534	0.235471
-1.45446	0.243083
-1.45311	0.251091
-1.45183	0.259003
-1.45058	0.266879
-1.44944	0.274192
-1.44828	0.281521
-1.44807	0.288595
-1.44818	0.29567
-1.44792	0.303193
-1.44792	0.311115
-1.44762	0.318783
-1.44742	0.32625
-1.44716	0.333551
-1.44706	0.341193
-1.44683	0.348995
-1.44626	0.356741
-1.44513	0.364608
-1.44362	0.372084
-1.44207	0.379755
-1.43997	0.387095
-1.43875	0.394765
-1.4375	0.401693
-1.4363	0.408875
-1.43494	0.415859
-1.43332	0.42279
-1.43156	0.429967
-1.42984	0.437231
-1.4281	0.444566
-1.42625	0.452397
-1.42447	0.460204
-1.42244	0.468357
-1.42018	0.47593
-1.4182	0.483397
-1.41628	0.490913
-1.41453	0.498391
-1.41289	0.506952
-1.41143	0.515035
-1.40999	0.523001
-1.40845	0.530907
-1.40698	0.538789
-1.40627	0.546172
-1.40547	0.552851
-1.40429	0.559512
-1.40342	0.565943
-1.40223	0.5727
-1.40198	0.580295
-1.40188	0.587864
-1.40193	0.595384
-1.40186	0.60291
-1.40251	0.610456
-1.40281	0.618185
-1.40352	0.625957
-1.40423	0.633277
-1.40544	0.640941
-1.40628	0.648656
-1.40652	0.657049
-1.40667	0.664967
-1.40672	0.672725
-1.40696	0.680398
-1.40738	0.687898
-1.40785	0.695143
-1.40806	0.702761
-1.40828	0.710237
-1.40826	0.717526
-1.40824	0.724857
-1.40762	0.732509
-1.40701	0.740191
-1.40619	0.747864
-1.40546	0.755452
-1.40428	0.762504
-1.40283	0.770729
-1.40211	0.778734
-1.40161	0.786656
-1.40175	0.793951
-1.40177	0.800835
-1.40175	0.807921
-1.40182	0.814974
-1.40197	0.822073
-1.40188	0.829174
-1.40206	0.835938
-1.40247	0.842907
-1.40274	0.849662
-1.40244	0.856035
-1.40221	0.862919
-1.40193	0.869341
-1.4013	0.875953
-1.40091	0.883308
-1.40044	0.891043
-1.39977	0.898606
-1.39911	0.90625
-1.39858	0.914024
-1.39853	0.921518
-1.39881	0.929532
-1.39889	0.937494
-1.39891	0.945705
-1.39871	0.953073
-1.3987	0.960444
-1.39974	0.96752
-1.40077	0.974874
-1.40102	0.982391
-1.40163	0.989598
-1.40204	0.997106
-1.40275	1.00496
-1.40292	1.01329
-1.40306	1.02207
-1.40297	1.03078
-1.40333	1.03949
-1.40431	1.04839
-1.40539	1.05706
-1.40617	1.06556
-1.40709	1.07403
-1.40813	1.08246
-1.40912	1.09071
-1.40947	1.09924
-1.40977	1.10799
-1.40932	1.11657
-1.40929	1.12591
-1.40932	1.13529
-1.40912	1.14416
-1.40895	1.15283
-1.40974	1.161
-1.41048	1.16913
-1.41216	1.17776
-1.41409	1.18652
-1.41503	1.19515
-1.41544	1.20407
-1.41564	1.21342
-1.41586	1.22258
-1.41532	1.23114
-1.41507	1.23963
-1.41513	1.24831
-1.41591	1.2569
-1.41644	1.26515
-1.41691	1.27438
-1.417	1.28371
-1.41756	1.29303
-1.41824	1.30216
-1.41957	1.31067
-1.42083	1.31909
-1.42268	1.32746
-1.42331	1.33522
-1.42373	1.34322
-1.42396	1.35144
-1.42469	1.35964
-1.42529	1.3678
-1.42568	1.37581
-1.42619	1.38382
-1.42676	1.39212
-1.42728	1.40008
-1.42808	1.40802
-1.42922	1.41564
-1.43011	1.42452
-1.43091	1.4332
-1.43242	1.44188
-1.4339	1.45038
-1.43539	1.45873
-1.43674	1.467
-1.43792	1.47484
-1.43905	1.48268
-1.44011	1.49052
-1.44112	1.49844
-1.44205	1.50641
-1.44297	1.51424
-1.44389	1.52208
-1.44553	1.52907
-1.44681	1.53575
-1.44815	1.54264
-1.44998	1.54959
-1.45131	1.557
-1.45315	1.56528
-1.45445	1.57351
-1.45537	1.58216
-1.45609	1.59011
-1.45653	1.59788
-1.45689	1.60568
-1.45729	1.61354
-1.45799	1.62096
-1.45869	1.62795
-1.45935	1.63523
-1.46028	1.64247
-1.46127	1.65021
-1.46275	1.65782
-1.46421	1.66532
-1.4655	1.67229
-1.4665	1.67961
-1.46742	1.68711
-1.46826	1.69471
-1.4691	1.70211
-1.46962	1.70947
-1.47079	1.71742
-1.47192	1.72535
-1.47295	1.73304
-1.47423	1.74102
-1.4757	1.74893
-1.47705	1.75712
-1.47743	1.76457
-1.4781	1.77166
-1.47886	1.77883
-1.47972	1.78607
-1.48071	1.7946
-1.48209	1.80317
-1.48339	1.81158
-1.48445	1.82079
-1.48548	1.82974
-1.48701	1.83809
-1.48886	1.84626
-1.49042	1.85476
-1.49189	1.86333
-1.49344	1.87194
-1.49457	1.8813
-1.49541	1.88983
-1.49602	1.89803
-1.49696	1.90648
-1.49854	1.91562
-1.50005	1.92451
-1.50156	1.93318
-1.50314	1.94144
-1.5044	1.94982
-1.50562	1.95808
-1.5062	1.96612
-1.50709	1.97438
-1.50826	1.98253
-1.50918	1.99046
-1.51013	1.99842
-1.51051	2.00629
-1.51047	2.01377
-1.51003	2.02096
-1.50921	2.02732
-1.50901	2.03401
-1.50894	2.04043
-1.5092	2.04725
-1.50944	2.05429
-1.5106	2.06062
-1.51195	2.06784
-1.51337	2.07492
-1.51473	2.08137
-1.51613	2.08813
-1.51724	2.09522
-1.51862	2.10293
-1.51979	2.11142
-1.52034	2.1199
-1.52099	2.12815
-1.52137	2.13724
-1.52202	2.14589
-1.52211	2.15466
-1.52212	2.16291
-1.52258	2.17043
-1.52331	2.17799
-1.52414	2.1857
-1.52565	2.19243
-1.52686	2.19944
-1.52829	2.20723
-1.52958	2.21586
-1.53026	2.22439
-1.53061	2.23274
-1.53093	2.24096
-1.53131	2.24916
-1.53133	2.25707
-1.53097	2.26578
-1.5303	2.27439
-1.52968	2.28291
-1.52895	2.29093
-1.52798	2.29869
-1.52689	2.30633
-1.52626	2.31389
-1.52562	2.32152
-1.52503	2.32923
-1.52458	2.33721
-1.52483	2.34512
-1.52509	2.35302
-1.52594	2.36075
-1.52648	2.36969
-1.52803	2.37812
-1.52951	2.38642
-1.53074	2.39446
-1.53261	2.40153
-1.53375	2.40888
-1.53474	2.41627
-1.53564	2.42338
-1.53684	2.43058
-1.53813	2.43737
-1.53931	2.44476
-1.54068	2.45193
-1.54203	2.45923
-1.5435	2.46624
-1.54502	2.47345
-1.54679	2.48087
-1.54811	2.48836
-1.54961	2.49706
-1.55099	2.50576
-1.55233	2.51405
-1.55398	2.52247
-1.55592	2.53069
-1.55759	2.53884
-1.55857	2.54699
-1.55971	2.55512
-1.5608	2.56305
-1.56182	2.57095
-1.56321	2.57886
-1.56521	2.58696
-1.56721	2.59493
-1.56978	2.60224
-1.57265	2.60954
-1.57527	2.61688
-1.57777	2.62436
-1.58038	2.63189
-1.58207	2.63879
-1.58358	2.64563
-1.58488	2.65239
-1.58631	2.65905
-1.58783	2.66506
-1.58924	2.67192
-1.59051	2.67952
-1.59182	2.68676
-1.59312	2.69506
-1.59381	2.70313
-1.59436	2.71086
-1.59574	2.71891
-1.59719	2.72659
-1.59887	2.73424
-1.60039	2.74164
-1.60187	2.74934
-1.60255	2.75643
-1.60323	2.7631
-1.60441	2.77014
-1.60547	2.77733
-1.60641	2.7849
-1.60784	2.79373
-1.6092	2.80245
-1.61067	2.81099
-1.61247	2.8195
-1.61412	2.82774
-1.61554	2.83544
-1.61697	2.8429
-1.61862	2.85038
-1.6206	2.85784
-1.62247	2.86553
-1.62408	2.87249
-1.62475	2.87955
-1.62545	2.88677
-1.62614	-2.88652
-1.6271	-2.87894
-1.62761	-2.87068
-1.62786	-2.86218
-1.62798	-2.85389
-1.62792	-2.84571
-1.62782	-2.8376
-1.62722	-2.82992
-1.62665	-2.82272
-1.6255	-2.81531
-1.62543	-2.80875
-1.62566	-2.80203
-1.62568	-2.79433
-1.62506	-2.78658
-1.62456	-2.77886
-1.62403	-2.77112
-1.62352	-2.76268
-1.62291	-2.75432
-1.62223	-2.74606
-1.62152	-2.73758
-1.62084	-2.72913
-1.62042	-2.72108
-1.62014	-2.71353
-1.61968	-2.70565
-1.61906	-2.69743
-1.61819	-2.68939
-1.61733	-2.68196
-1.61651	-2.67444
-1.61585	-2.66681
-1.6143	-2.65896
-1.61273	-2.65189
-1.61169	-2.64387
-1.61064	-2.63593
-1.60937	-2.62795
-1.60822	-2.62019
-1.60741	-2.61151
-1.60663	-2.603
-1.60577	-2.59462
-1.60495	-2.58638
-1.6039	-2.57847
-1.60285	-2.57057
-1.602	-2.56236
-1.60127	-2.55437
-1.60067	-2.54623
-1.59954	-2.53847
-1.59835	-2.5305
-1.59738	-2.52248
-1.59632	-2.51408
-1.59522	-2.50557
-1.59349	-2.49688
-1.59103	-2.48872
-1.58846	-2.47978
-1.58672	-2.47085
-1.58479	-2.46249
-1.58314	-2.45461
-1.58147	-2.44743
-1.58011	-2.44
-1.57766	-2.4322
-1.57557	-2.42473
-1.57364	-2.41696
-1.57257	-2.40864
-1.57122	-2.39989
-1.57058	-2.39056
-1.56997	-2.38149
-1.57045	-2.37378
-1.57113	-2.3661
-1.57116	-2.35877
-1.57115	-2.35131
-1.57107	-2.34362
-1.57158	-2.33592
-1.57202	-2.32818
-1.57266	-2.32037
-1.57274	-2.31255
-1.57268	-2.30493
-1.57251	-2.29736
-1.57227	-2.2897
-1.57204	-2.2817
-1.57124	-2.27382
-1.57059	-2.26593
-1.56948	-2.25792
-1.56785	-2.24955
-1.5662	-2.24119
-1.56465	-2.23293
-1.56315	-2.22457
-1.56173	-2.21637
-1.56011	-2.20808
-1.55862	-2.19996
-1.55693	-2.19201
-1.55519	-2.18394
-1.55347	-2.17591
-1.55114	-2.16781
-1.54914	-2.1602
-1.54746	-2.15294
-1.54562	-2.14565
-1.54457	-2.13806
-1.54343	-2.1305
-1.54227	-2.12289
-1.54102	-2.11511
-1.53997	-2.10665
-1.53908	-2.09824
-1.53835	-2.08998
-1.53767	-2.0818
-1.53726	-2.07381
-1.53712	-2.06575
-1.53695	-2.0575
-1.53631	-2.0494
-1.53482	-2.04121
-1.533	-2.03326
-1.53073	-2.02581
-1.52847	-2.01835
-1.52634	-2.01081
-1.5243	-2.00338
-1.52196	-1.99601
-1.51932	-1.98805
-1.51734	-1.97987
-1.51484	-1.97161
-1.51291	-1.96333
-1.51104	-1.95524
-1.50903	-1.94715
-1.50785	-1.93921
-1.50623	-1.93088
-1.50489	-1.92248
-1.50361	-1.91414
-1.50246	-1.90624
-1.50141	-1.89798
-1.50006	-1.88945
-1.49888	-1.8813
-1.49779	-1.87332
-1.49659	-1.86593
-1.49537	-1.85862
-1.49492	-1.8505
-1.49437	-1.84233
-1.49356	-1.83425
-1.49263	-1.82474
-1.49224	-1.81588
-1.49167	-1.8075
-1.49129	-1.79961
-1.49101	-1.79164
-1.49078	-1.78466
-1.49052	-1.7776
-1.49054	-1.76991
-1.49121	-1.76217
-1.49194	-1.75457
-1.49239	-1.74589
-1.49303	-1.7368
-1.49365	-1.72792
-1.49396	-1.71897
-1.49389	-1.71017
-1.49373	-1.70098
-1.49369	-1.69218
-1.49354	-1.68346
-1.49337	-1.67514
-1.49299	-1.66681
-1.49251	-1.65878
-1.49154	-1.65127
-1.49073	-1.64386
-1.49005	-1.63656
-1.4899	-1.62834
-1.49021	-1.62033
-1.49099	-1.61259
-1.49209	-1.60462
-1.4932	-1.59663
-1.4942	-1.58868
-1.49478	-1.58077
-1.49548	-1.57299
-1.49613	-1.56537
-1.49691	-1.5576
-1.49761	-1.55004
-1.49826	-1.54242
-1.49943	-1.53472
-1.50126	-1.5276
-1.50273	-1.52023
-1.50392	-1.51219
-1.50517	-1.50462
-1.50659	-1.49812
-1.50807	-1.49122
-1.50895	-1.48374
-1.50982	-1.47592
-1.51049	-1.46812
-1.51107	-1.46032
-1.51114	-1.45305
-1.51117	-1.44566
-1.51121	-1.43787
-1.51073	-1.42999
-1.50957	-1.42239
-1.50837	-1.414
-1.50745	-1.40601
-1.50646	-1.39797
-1.50537	-1.38978
-1.50414	-1.38158
-1.50334	-1.37332
-1.50251	-1.36514
-1.50154	-1.35723
-1.50156	-1.35049
-1.5015	-1.34351
-1.50133	-1.33625
-1.50119	-1.32897
-1.50138	-1.32135
-1.5013	-1.31394
-1.50171	-1.30632
-1.50211	-1.29844
-1.50197	-1.29016
-1.50184	-1.28204
-1.50099	-1.27409
-1.50005	-1.26615
-1.49901	-1.25809
-1.49779	-1.24994
-1.49611	-1.242
-1.49523	-1.23379
-1.49434	-1.22538
-1.49244	-1.2166
-1.49056	-1.20799
-1.48784	-1.20013
-1.48519	-1.19234
-1.48237	-1.18476
-1.47954	-1.17678
-1.47789	-1.16847
-1.47641	-1.16051
-1.47484	-1.15273
-1.47323	-1.14495
-1.47134	-1.13719
-1.46944	-1.12941
-1.46804	-1.1218
-1.46693	-1.11339
-1.46577	-1.10505
-1.46468	-1.09687
-1.46359	-1.0888
-1.46233	-1.08149
-1.4605	-1.07406
-1.45898	-1.06718
-1.45739	-1.05996
-1.45582	-1.05269
-1.45421	-1.04552
-1.45311	-1.03871
-1.45207	-1.03135
-1.45074	-1.02393
-1.4495	-1.0168
-1.44838	-1.0096
-1.44737	-1.00266
-1.44624	-0.99562
-1.44501	-0.988442
-1.44389	-0.981105
-1.44371	-0.973738
-1.44381	-0.966594
-1.44401	-0.959287
-1.44441	-0.952143
-1.44484	-0.944154
-1.44464	-0.936569
-1.44419	-0.929185
-1.44349	-0.921597
-1.44284	-0.91404
-1.44285	-0.906358
-1.44231	-0.898561
-1.44146	-0.8904
-1.44021	-0.882657
-1.43889	-0.874895
-1.43703	-0.867032
-1.43565	-0.859517
-1.43409	-0.851494
-1.43265	-0.843329
-1.43127	-0.83539
-1.42994	-0.827252
-1.42834	-0.819283
-1.42703	-0.81175
-1.42465	-0.803434
-1.4222	-0.794784
-1.41956	-0.786721
-1.41711	-0.778974
-1.41394	-0.771301
-1.41145	-0.763317
-1.4087	-0.755804
-1.40549	-0.747995
-1.40239	-0.740173
-1.3999	-0.732627
-1.39734	-0.725342
-1.3945	-0.718204
-1.39174	-0.711152
-1.38853	-0.703875
-1.38488	-0.696905
-1.38156	-0.689987
-1.37835	-0.682849
-1.37496	-0.675848
-1.37166	-0.668874
-1.36854	-0.662667
-1.36534	-0.656013
-1.36269	-0.649096
-1.35975	-0.642723
-1.35601	-0.635651
-1.35228	-0.628479
-1.34881	-0.62183
-1.34623	-0.615067
-1.34336	-0.608081
-1.34033	-0.601059
-1.33741	-0.593657
-1.33415	-0.586157
-1.33093	-0.57855
-1.32784	-0.571074
-1.32492	-0.563549
-1.32153	-0.556827
-1.31818	-0.549584
-1.31467	-0.542617
-1.31115	-0.53577
-1.30754	-0.528686
-1.30387	-0.521644
-1.30016	-0.515117
-1.29676	-0.507373
-1.29309	-0.499954
-1.28921	-0.491958
-1.28535	-0.484113
-1.2817	-0.476251
-1.27793	-0.468341
-1.27397	-0.459981
-1.27004	-0.451915
-1.26618	-0.444005
-1.26241	-0.436484
-1.25886	-0.429411
-1.2543	-0.422427
-1.24995	-0.41549
-1.24579	-0.407936
-1.24165	-0.400563
-1.23812	-0.393601
-1.23453	-0.386332
-1.23091	-0.37912
-1.22738	-0.371268
-1.22382	-0.363788
-1.21989	-0.356217
-1.21564	-0.349008
-1.21142	-0.342186
-1.20727	-0.335516
-1.20318	-0.329098
-1.19868	-0.323217
-1.19429	-0.317146
-1.19037	-0.311546
-1.18713	-0.306703
-1.18368	-0.301713
-1.18083	-0.297605
-1.17799	-0.293077
-1.17565	-0.287637
-1.17329	-0.281109
-1.17083	-0.274535
-1.16766	-0.268078
-1.16416	-0.261683
-1.1603	-0.25495
-1.15636	-0.248223
-1.15239	-0.241514
-1.14817	-0.235161
-1.14424	-0.228347
-1.1404	-0.221462
-1.13664	-0.21477
-1.13296	-0.208039
-1.12911	-0.201116
-1.12443	-0.194131
-1.11944	-0.187419
-1.11446	-0.180778
-1.10942	-0.174285
-1.10499	-0.168756
-1.10016	-0.163274
-1.09552	-0.157727
-1.09109	-0.152834
-1.08644	-0.148072
-1.08133	-0.142964
-1.07611	-0.137626
-1.07092	-0.132326
-1.06548	-0.12731
-1.06139	-0.122293
-1.05692	-0.116989
-1.05201	-0.111462
-1.04733	-0.106372
-1.04386	-0.101178
-1.04018	-0.0957538
-1.0363	-0.0901736
-1.03237	-0.0846722
-1.02845	-0.0790007
-1.02408	-0.0732322
-1.01898	-0.0675834
-1.01382	-0.0620008
-1.00856	-0.0559113
-1.00305	-0.0496043
-0.997669	-0.0435899
-0.99193	-0.0380846
-0.986311	-0.0325833
-0.981304	-0.027017
-0.976716	-0.0217175
-0.971983	-0.0162931
-0.967021	-0.0104269
-0.962381	-0.00484834
-0.957963	0.000706747
-0.953513	0.00630469
-0.949084	0.0120995
-0.944477	0.0182004
-0.939832	0.0250578
-0.935002	0.0316928
-0.93038	0.0381336
-0.925756	0.0447297
-0.920503	0.0511133
-0.91562	0.0572738
-0.910569	0.0633085
-0.905513	0.0693308
-0.900458	0.0752263
-0.895297	0.0807995
-0.889813	0.0871712
-0.884439	0.0934784
-0.87932	0.0996193
-0.873331	0.105391
-0.866972	0.110568
-0.860666	0.115588
-0.855002	0.120434
-0.848873	0.125159
-0.843418	0.129598
-0.837481	0.13442
-0.831501	0.139428
-0.825283	0.144481
-0.819237	0.149163
-0.812919	0.153083
-0.80652	0.156856
-0.800093	0.16071
-0.792884	0.164557
-0.785954	0.169188
-0.778768	0.173802
-0.772623	0.178043
-0.766376	0.18242
-0.760123	0.18687
-0.753941	0.192033
-0.747796	0.197194
-0.741622	0.20291
-0.73571	0.208362
-0.729907	0.213739
-0.724119	0.219125
-0.71818	0.225255
-0.711972	0.231591
-0.706339	0.237552
-0.700794	0.243461
-0.695287	0.249323
-0.689857	0.255088
-0.684227	0.260697
-0.678249	0.265937
-0.67233	0.271357
-0.666235	0.276612
-0.660665	0.28189
-0.655431	0.287795
-0.649601	0.293413
-0.64377	0.299286
-0.638348	0.304888
-0.632894	0.311031
-0.627646	0.317413
-0.62238	0.323685
-0.617256	0.330165
-0.611886	0.336243
-0.606679	0.342452
-0.601677	0.348435
-0.596685	0.354567
-0.59064	0.360751
-0.58485	0.366909
-0.579131	0.37291
-0.573648	0.379767
-0.567889	0.386911
-0.562009	0.393818
-0.55594	0.400661
-0.5498	0.407586
-0.54386	0.414312
-0.537906	0.42113
-0.53211	0.427777
-0.526474	0.433551
-0.521119	0.439557
-0.515821	0.445625
-0.510462	0.451819
-0.50479	0.458082
-0.499503	0.464601
-0.494034	0.471669
-0.488788	0.478376
-0.483242	0.485025
-0.478295	0.491498
-0.473415	0.497796
-0.468818	0.504448
-0.463158	0.511411
-0.457798	0.517942
-0.452793	0.524173
-0.447841	0.530339
-0.442936	0.537102
-0.437816	0.543861
-0.432724	0.550235
-0.427662	0.556526
-0.422547	0.562794
-0.417559	0.568923
-0.412049	0.575226
-0.406607	0.581404
-0.401695	0.587851
-0.396622	0.594196
-0.390663	0.600855
-0.385003	0.607266
-0.37955	0.613324
-0.374087	0.619154
-0.36813	0.624797
-0.362048	0.630395
-0.356054	0.635907
-0.350215	0.641782
-0.344271	0.647299
-0.338518	0.652902
-0.333502	0.657841
-0.328402	0.662854
-0.322914	0.66814
-0.317242	0.673486
-0.311483	0.678854
-0.305566	0.684132
-0.299934	0.689616
-0.295658	0.694466
-0.29141	0.699506
-0.287103	0.704903
-0.282746	0.710159
-0.278246	0.715549
-0.27413	0.721016
-0.270074	0.725751
-0.265246	0.730481
-0.260769	0.735276
-0.255705	0.740418
-0.249999	0.746565
-0.244381	0.752626
-0.238812	0.758561
-0.233736	0.764165
-0.228623	0.769908
-0.223367	0.775596
-0.217254	0.781495
-0.2111	0.787295
-0.205339	0.793665
-0.199698	0.800134
-0.193273	0.806442
-0.186905	0.812523
-0.179975	0.818592
-0.173055	0.824639
-0.166627	0.830261
-0.160317	0.835818
-0.153805	0.84116
-0.147411	0.846461
-0.140612	0.85198
-0.133995	0.856793
-0.127389	0.862135
-0.120391	0.867163
-0.113508	0.871876
-0.106114	0.87652
-0.099041	0.881105
-0.0920887	0.886049
-0.08562	0.890928
-0.0787557	0.895556
-0.0720134	0.900323
-0.065566	0.905488
-0.0592496	0.911531
-0.0529606	0.917664
-0.0467175	0.923714
-0.0398303	0.929472
-0.0324817	0.935602
-0.0252991	0.941425
-0.0190122	0.947423
-0.0124993	0.953069
-0.00618362	0.958755
0.000106605	0.96453
0.00657691	0.970256
0.0128416	0.975953
0.019259	0.980808
0.025772	0.98546
0.0315213	0.990519
0.0382167	0.994595
0.044868	0.998761
0.0512512	1.00286
0.0576099	1.00665
0.0639537	1.01056
0.0703291	1.01471
0.0764927	1.01893
0.0826539	1.02424
0.08887	1.02923
0.0951671	1.03418
0.101633	1.03899
0.108049	1.04387
0.114616	1.0491
0.120463	1.05399
0.126751	1.05948
0.133101	1.06446
0.139158	1.0693
0.145751	1.07436
0.152369	1.07943
0.15931	1.08478
0.166126	1.09002
0.172652	1.09507
0.17859	1.09997
0.184168	1.10515
