-0.0977927	0.101557
-0.0852346	0.122548
-0.0788624	0.108608
-0.0602114	0.115513
-0.0433774	0.127048
-0.0376919	0.128777
-0.0270898	0.133077
-0.0156486	0.139277
-0.00638368	0.149074
-0.00240972	0.154365
0.00232569	0.151272
0.0123806	0.149621
0.0129453	0.152898
0.0405279	0.154874
0.0526136	0.146628
0.0574873	0.1445
0.0611799	0.139003
0.0556918	0.148798
0.0582481	0.153917
0.055809	0.152893
0.0402466	0.163563
0.0312154	0.178135
0.0243622	0.170225
0.0160189	0.160677
0.00773234	0.163761
-0.00371822	0.161838
-0.000583065	0.153949
-0.00362576	0.15031
-0.0106314	0.139873
-0.00249214	0.139335
-0.0186844	0.152968
-0.0375458	0.161857
-0.0553598	0.138911
-0.0407956	0.140932
-0.0387707	0.155457
-0.0410467	0.148696
-0.0354513	0.150179
-0.0297989	0.142927
-0.0271389	0.151368
-0.0266831	0.150421
-0.0206725	0.148052
-0.000993665	0.141891
0.00322991	0.136888
0.00802322	0.134256
0.0129831	0.139199
0.0201225	0.150677
0.0175046	0.149453
0.0262979	0.141033
0.0303854	0.149437
0.0292153	0.144808
0.045065	0.152599
0.0451358	0.144492
0.0468788	0.154433
0.0530321	0.148565
0.03739	0.145683
0.0345951	0.138949
0.0323412	0.141137
0.0191522	0.137322
0.00649337	0.128561
-8.692e-05	0.130416
-0.00940095	0.11951
-0.0121108	0.119247
-0.0169171	0.119722
-0.0153218	0.108403
-0.0215116	0.114253
-0.0244348	0.117666
-0.0390071	0.131981
-0.0272516	0.129436
-0.023507	0.120551
-0.0241932	0.131393
-0.021122	0.120101
-0.0402187	0.11857
-0.0352823	0.121813
-0.0465051	0.139377
-0.0431071	0.148723
-0.0422542	0.145932
-0.0401098	0.138608
-0.0340185	0.138255
-0.0353943	0.139801
-0.0302822	0.148019
-0.026444	0.141999
-0.0212451	0.143718
-0.0190916	0.147683
-0.0212119	0.139093
0.00304255	0.145527
0.00963748	0.148851
0.0297066	0.144483
0.0301815	0.154334
0.0409928	0.1443
0.0449467	0.142773
0.0476822	0.140795
0.0388658	0.137245
0.0501249	0.14499
0.0527593	0.141679
0.0565007	0.140401
0.0630605	0.137051
0.0671348	0.13543
0.0545916	0.142124
0.0449203	0.136608
0.041945	0.143723
0.0354932	0.142262
0.0299553	0.16102
0.0132772	0.163762
0.0083626	0.158434
-0.0008368	0.152274
-0.00467857	0.145629
-0.0116501	0.135728
-0.0250926	0.137868
-0.0307191	0.137107
-0.0358717	0.123234
-0.0338208	0.124854
-0.0373549	0.128137
-0.0399965	0.119381
-0.0475836	0.126147
-0.0249819	0.136991
-0.0166922	0.135596
-0.0159759	0.122422
-0.0103181	0.118072
-0.0158602	0.128951
-0.0130313	0.13947
-0.00772474	0.139519
-0.00223538	0.139411
0.00608815	0.134288
0.0100518	0.124613
0.0119005	0.137247
0.0242833	0.13375
0.01871	0.133483
0.0288253	0.131595
0.0285058	0.116478
0.0364991	0.116948
0.0350443	0.109531
0.0285683	0.125581
0.0349572	0.0939781
0.0383619	0.112831
0.0308085	0.120596
0.0274582	0.124583
0.0143542	0.145944
0.0118931	0.15115
0.0128696	0.145798
-0.00774082	0.141331
-0.0038911	0.125208
-0.00181839	0.11435
0.000144003	0.111216
-0.007363	0.112238
-0.0178659	0.11277
-0.026214	0.113753
-0.0417134	0.12643
-0.0443162	0.126489
-0.0359455	0.134542
-0.0392581	0.133676
-0.0395189	0.131782
-0.0446633	0.141855
-0.0478364	0.147685
-0.0349742	0.159132
-0.0241823	0.155958
-0.0140816	0.165994
-0.00865296	0.151177
0.00334894	0.141335
0.00822514	0.139179
0.0284958	0.135983
0.0305413	0.138701
0.0386522	0.132156
0.0328439	0.122913
0.044736	0.133001
0.035961	0.124521
0.0303157	0.126114
0.0263696	0.129429
0.0199705	0.131977
0.00692793	0.124292
0.00255476	0.130201
-0.00198416	0.133227
-0.00776225	0.13271
-0.010881	0.137293
-0.0156839	0.137537
-0.0206817	0.125688
-0.0333488	0.122145
-0.03737	0.123864
-0.0143615	0.138251
-0.0029187	0.12509
0.00585781	0.133064
0.00402539	0.13622
0.018419	0.137686
0.00673643	0.142378
0.00744414	0.14233
0.00038298	0.140043
-0.00715029	0.140254
-0.000641803	0.139494
0.0124062	0.151562
0.00983329	0.153266
0.00561455	0.150395
-0.00803542	0.148602
-0.0127216	0.148207
-0.020632	0.135835
-0.027059	0.131288
-0.0219265	0.133189
-0.01675	0.131807
-0.0116494	0.134737
-0.000945629	0.142416
-0.00328511	0.153357
0.00097799	0.135208
0.000514927	0.13048
0.00338587	0.115532
0.00592348	0.113903
0.0256118	0.114845
0.0306281	0.118667
0.0341294	0.121156
0.0269445	0.12523
0.0173799	0.126479
0.00973444	0.129919
-0.0179555	0.120242
-0.0243877	0.122702
-0.0246599	0.132143
-0.0302999	0.136374
-0.0294234	0.121724
-0.0287749	0.126282
-0.0313164	0.124714
-0.0192296	0.12821
-0.0175379	0.131218
-0.0218877	0.147347
-0.0167856	0.153904
-0.0258112	0.153601
-0.0165954	0.148169
-0.0121606	0.13203
-0.0133816	0.147782
-0.0049141	0.137449
-0.00286489	0.142034
0.00410809	0.142491
0.0075374	0.150228
0.0138439	0.138446
0.0183017	0.14414
0.0349249	0.14302
0.0357342	0.134067
0.0349133	0.154258
0.0328096	0.142594
0.0383981	0.1391
0.0440504	0.138919
0.0476387	0.142323
0.0377122	0.12558
0.0235068	0.127113
0.0217813	0.124489
0.0167023	0.125006
0.0112362	0.120067
0.00896617	0.126629
0.00193828	0.124605
0.00398634	0.121846
0.00420528	0.128893
-0.00722586	0.131872
-0.0140716	0.135339
-0.0118053	0.140365
-0.0151207	0.137623
-0.0137395	0.139525
-0.0196891	0.144368
-0.0446214	0.142798
-0.0294528	0.144507
-0.0184901	0.143365
-0.0264733	0.143649
-0.0168598	0.139839
-0.0136983	0.146221
-0.00200222	0.144557
0.0250385	0.147707
0.0291762	0.145157
0.0270638	0.148104
0.0330671	0.146576
0.0258441	0.147177
0.0263068	0.155727
0.0128692	0.147805
0.00877056	0.147186
0.000552511	0.138701
-0.00242005	0.130116
-0.0150692	0.135948
-0.0339938	0.116886
-0.0352259	0.120211
-0.0357841	0.123117
-0.0404178	0.125159
-0.0336073	0.12784
-0.0167329	0.127149
-0.00693369	0.128794
0.0108626	0.140667
0.0157821	0.13826
0.0229543	0.142472
0.0231906	0.126455
0.0198964	0.135975
0.0169902	0.132088
0.00951687	0.139911
-0.0177663	0.132693
-0.00777286	0.133154
-0.0194205	0.130562
-0.00897401	0.135091
0.00206785	0.138845
0.0176014	0.147936
0.0110521	0.145519
0.00875248	0.13551
-0.00452404	0.133182
-0.0140474	0.138535
-0.0181102	0.131706
-0.0214512	0.12651
-0.0119516	0.129065
-0.021847	0.138699
-0.0165572	0.123784
-0.0119575	0.121183
-0.00847903	0.126085
-0.00350021	0.127416
0.0205163	0.127053
0.0245046	0.128194
0.0284288	0.129636
0.0303739	0.117327
0.0186563	0.119284
0.00984746	0.126774
-0.00863995	0.123825
-0.0160072	0.120114
-0.0243664	0.117497
-0.018831	0.116174
-0.018065	0.114613
0.000427042	0.122598
0.0202741	0.132053
0.0195505	0.13023
0.0229251	0.135683
0.0171634	0.138867
0.0169481	0.141719
0.0110293	0.142524
0.00254986	0.149103
-0.00656339	0.143881
-0.0165736	0.136905
-0.0198043	0.135449
-0.0443443	0.130702
-0.0368482	0.13491
-0.0390815	0.136463
-0.0329149	0.151716
-0.0264976	0.149298
-0.0320733	0.143308
-0.0261197	0.142273
-0.0257258	0.144244
-0.0233463	0.147751
0.00242438	0.147508
0.0123697	0.145611
0.0129723	0.159505
0.0172726	0.154761
0.0148638	0.155713
0.0263819	0.146296
0.0310796	0.143793
0.0443738	0.139196
0.0493203	0.119911
0.049014	0.12246
0.0476105	0.127141
0.0417535	0.132863
0.0426582	0.12511
0.0411431	0.126824
0.0364313	0.130863
0.0332652	0.132622
0.0339001	0.133208
0.0285798	0.134525
0.0200973	0.140364
0.0186379	0.135221
0.0250705	0.14311
0.0193878	0.14226
0.0122898	0.146544
0.00538591	0.153908
0.000318512	0.15107
-0.00643541	0.145584
-0.0141751	0.139169
-0.0212196	0.135048
-0.0254235	0.137339
-0.0219381	0.133282
-0.0423652	0.138122
-0.040226	0.154308
-0.0417625	0.140473
-0.0304276	0.139068
-0.0250034	0.140958
-0.0283559	0.140341
-0.0247896	0.147512
-0.0311884	0.146935
-0.0226518	0.142642
-0.0268979	0.143094
-0.017924	0.145396
-0.00861702	0.143242
-0.000842679	0.143753
0.00435719	0.143208
0.0263552	0.138003
0.0301225	0.137438
0.0282638	0.143232
0.011213	0.133491
0.00171482	0.119252
-0.014966	0.120475
-0.0372354	0.123644
-0.0436971	0.124286
-0.054241	0.124528
-0.0562179	0.126416
-0.0450828	0.144969
-0.036453	0.147839
-0.0361823	0.151428
-0.02843	0.152767
-0.0226462	0.146705
-0.0247889	0.127747
-0.0277238	0.131896
-0.0204402	0.127703
-0.00887355	0.128142
-0.00799693	0.132827
0.00152945	0.131197
0.00703613	0.127534
0.0115419	0.132788
0.0158629	0.139536
0.0214796	0.138517
0.0326317	0.124396
0.0501031	0.103038
0.0589201	0.0913296
0.0564514	0.106597
0.0587767	0.106108
0.0736339	0.121869
0.0750014	0.118706
0.0714805	0.123558
0.0654833	0.123472
0.0548058	0.132946
0.0519064	0.135058
0.058301	0.134076
0.0543177	0.135234
0.0474285	0.134922
0.0525045	0.137559
0.0481584	0.138495
0.0459958	0.134452
0.0395139	0.138739
0.0167268	0.145646
0.0298387	0.160676
0.0245812	0.155709
0.0151767	0.152917
0.0149249	0.152994
0.0102879	0.141853
0.00935627	0.143183
0.00317344	0.142009
-0.0232956	0.154316
-0.0346068	0.147576
-0.0433391	0.142876
-0.0432372	0.139363
-0.0459963	0.135778
-0.0498197	0.134524
-0.0545126	0.134789
-0.0555129	0.128142
-0.065208	0.118076
-0.0699095	0.113188
-0.0740103	0.108461
-0.0763684	0.0970407
-0.0779712	0.100357
-0.0822979	0.101415
-0.0752436	0.104003
-0.0710289	0.109471
-0.0637228	0.114538
-0.0524587	0.119072
-0.0470504	0.121213
-0.0397957	0.135683
-0.0353749	0.125473
-0.0271594	0.130091
-0.0194714	0.137857
-0.0200674	0.138948
-0.00604712	0.148656
-0.00142007	0.146062
0.00249605	0.143691
-0.000408001	0.142625
0.0179948	0.141625
0.019591	0.147318
0.0223207	0.139567
0.022945	0.147401
0.0273052	0.144478
0.0368022	0.137428
0.0406375	0.12784
0.0456466	0.130799
0.0330473	0.137571
0.0254665	0.131338
0.0144991	0.140115
0.0207606	0.125372
0.0203923	0.129668
0.0266372	0.127146
0.0204698	0.125367
0.0285014	0.118528
0.0440751	0.128732
0.0551699	0.125891
0.0479651	0.131771
0.0382174	0.142556
0.03466	0.142048
0.0290518	0.145764
0.0238924	0.145717
0.0179582	0.139979
0.0187644	0.138986
-0.00378589	0.156885
-0.00709229	0.155831
-0.0133303	0.149139
-0.0190662	0.14839
-0.023154	0.144606
-0.0276578	0.140406
-0.0379838	0.144698
-0.0394261	0.140169
-0.0416922	0.139881
-0.0366049	0.127381
-0.0400718	0.127377
-0.0377433	0.130429
-0.0302225	0.135827
-0.0246035	0.136326
-0.0299083	0.133756
-0.0205231	0.128083
-0.0186361	0.129971
0.00220306	0.124771
0.013288	0.119483
0.0253665	0.11418
0.0296212	0.117196
0.0316619	0.132179
0.0368187	0.126786
0.0415233	0.145982
0.0226198	0.131858
0.0121506	0.141468
0.00825635	0.142267
0.00621997	0.15378
-0.00362457	0.147146
-0.0147489	0.150362
-0.0218482	0.148432
-0.0244714	0.138287
-0.0206935	0.138566
-0.00550092	0.138217
-0.00712373	0.117783
-0.00475296	0.11711
0.00463827	0.115074
0.0126947	0.121569
0.0268601	0.125374
0.0324571	0.127377
0.0353254	0.120987
0.01916	0.125454
0.0117629	0.126157
0.0015561	0.130543
0.0150661	0.116935
0.0103513	0.121461
0.00710817	0.126075
-0.00824887	0.127989
-0.0136804	0.133746
-0.00560012	0.143422
-0.0101935	0.142204
-0.00658414	0.137016
-0.0112327	0.144071
-0.0185961	0.14911
-0.0236772	0.144856
-0.0369188	0.125963
-0.0269929	0.121967
-0.0205472	0.125135
-0.00768199	0.126203
-0.00571461	0.130842
0.00245817	0.132423
0.00989029	0.132329
0.0100356	0.140052
0.0167736	0.138512
0.023597	0.134964
0.0379209	0.135776
0.0470119	0.131712
0.0427897	0.128489
0.0352168	0.12388
0.0357281	0.133546
0.0239785	0.126202
0.0203838	0.128486
0.00805843	0.123564
-0.00262069	0.134788
-0.00768032	0.136345
-0.012413	0.135621
-0.00618633	0.141527
-0.007836	0.143494
-0.0153279	0.133813
-0.0106138	0.136874
-0.0293928	0.161019
-0.0295247	0.147025
-0.0337745	0.146875
-0.0432414	0.14277
-0.0451336	0.140997
-0.0487423	0.154605
-0.0416452	0.154669
-0.0335764	0.1553
-0.00631267	0.151788
0.00782764	0.123302
0.00849488	0.129531
0.00485822	0.131463
0.0150046	0.135281
0.0299643	0.12543
0.0419447	0.130264
0.0474235	0.129061
0.0440187	0.123014
0.0334734	0.132009
0.029366	0.120784
0.0311887	0.130315
0.0147337	0.138672
0.00484454	0.138069
0.0163869	0.137579
0.00397845	0.135271
-0.000395529	0.142979
-0.00566198	0.14179
-0.0183682	0.150695
-0.0291188	0.157629
-0.0357119	0.145566
-0.0349606	0.132619
-0.0504326	0.13639
-0.0613402	0.134125
-0.046637	0.126477
-0.040038	0.126782
-0.0325877	0.12309
-0.0200289	0.125332
-0.0178807	0.136529
-0.0174192	0.142355
-0.0139598	0.141245
-0.0279971	0.135297
-0.0227154	0.141712
-0.0162044	0.141267
-0.00493432	0.136985
-0.00786135	0.130457
-0.00730508	0.127664
0.00202639	0.140398
-0.00281828	0.137228
0.000436873	0.150274
0.00437175	0.144907
0.0137603	0.136198
0.0121654	0.141882
0.0224754	0.148095
0.0271335	0.147712
0.0302698	0.144921
0.0337923	0.147084
0.0351736	0.145431
0.033527	0.153635
0.0613496	0.150858
0.070348	0.145662
0.059278	0.136495
0.0521375	0.135348
0.0456694	0.130656
0.0440227	0.132525
0.0474711	0.13296
0.0502745	0.126805
0.0424065	0.132562
0.0374969	0.133667
0.0432091	0.142277
0.0352258	0.132257
0.0333418	0.131382
0.0206739	0.134933
0.0109407	0.133204
0.00827989	0.121422
0.00726125	0.133387
0.0176263	0.131789
0.0117787	0.133451
0.00790165	0.139365
0.00641293	0.144302
0.000229329	0.138021
-0.00453107	0.141357
-0.00782773	0.139067
-0.00297136	0.143177
-0.0146927	0.144544
-0.00951263	0.138681
-0.011004	0.141893
-0.0134005	0.144123
-0.0172755	0.140766
-0.0210401	0.137764
-0.0280928	0.135141
-0.0584627	0.133172
-0.0599631	0.133054
-0.080865	0.137116
-0.0729297	0.143561
-0.0758551	0.139451
-0.0912468	0.131211
-0.0931985	0.128312
-0.0858807	0.13533
-0.0726323	0.131399
-0.0651369	0.126661
-0.052209	0.128413
-0.0723529	0.130533
-0.0767651	0.142688
-0.0721222	0.139753
-0.0594518	0.135681
-0.0526971	0.135382
-0.0466098	0.145285
-0.0346171	0.143193
-0.028362	0.14216
-0.0337884	0.144316
-0.0239636	0.147721
-0.0272307	0.138368
-0.0225314	0.146512
-0.0163428	0.149494
-0.0090948	0.145398
-0.00188512	0.13807
0.00220268	0.136949
-0.0104283	0.125832
0.0147148	0.12867
0.0211195	0.13071
0.0179834	0.125901
0.0221574	0.127362
0.0137025	0.139239
0.01671	0.138066
0.0217829	0.129129
0.03838	0.128915
0.0427821	0.128575
0.0457831	0.127692
0.0350767	0.137172
0.0294109	0.147817
0.029949	0.159672
0.0375985	0.154809
0.0437463	0.147829
0.0416332	0.137753
0.0454038	0.136631
0.0426178	0.138466
0.0461457	0.136709
0.0441297	0.144841
0.0463255	0.141538
0.0528224	0.13213
0.0662952	0.129951
0.0721855	0.130623
0.0499687	0.133051
0.0385871	0.129494
0.0351089	0.117642
0.0386366	0.124772
0.0233265	0.132252
0.0167347	0.134567
0.0111755	0.134819
0.0118015	0.13622
0.00668334	0.137225
0.00697805	0.12693
-0.00672317	0.124963
-0.00189551	0.12862
-0.0135589	0.146981
-0.013566	0.154856
-0.0241457	0.140324
-0.02887	0.133991
-0.0254982	0.142913
-0.0302281	0.144001
-0.0315652	0.142103
-0.0407379	0.14776
-0.0344381	0.15055
-0.026987	0.148285
-0.0284936	0.144875
-0.0169928	0.14438
-0.0200561	0.158119
-0.0128014	0.158897
0.00733879	0.156656
0.0161902	0.159167
0.0262591	0.15154
0.0312185	0.156916
0.00598634	0.171909
0.020181	0.162119
0.0236269	0.157601
0.034225	0.146528
0.0283056	0.141026
0.0296097	0.147062
0.0193184	0.146677
0.0160248	0.145358
0.00527277	0.148357
0.0135672	0.132913
0.0206941	0.119761
0.0074322	0.144992
0.00187376	0.144451
-0.000539421	0.146496
-0.0119448	0.149225
-0.0147989	0.153322
-0.0376338	0.149199
-0.0411189	0.149265
-0.0435012	0.146218
-0.0449901	0.142012
-0.0398183	0.159941
-0.028008	0.16324
-0.0231048	0.153619
-0.0122304	0.157179
-0.0108543	0.154911
-0.0134556	0.153926
-0.0029085	0.153154
0.0014158	0.149707
0.0131421	0.144309
0.00249337	0.157138
0.0196639	0.156278
0.0221656	0.144557
0.0351796	0.135929
0.0468778	0.14902
0.0413797	0.149563
0.0254039	0.155667
0.0213836	0.144666
0.0120527	0.15025
-0.000936131	0.153332
-0.00773044	0.148373
-0.00163977	0.150383
-0.00319138	0.145365
-0.00638449	0.144511
-0.0178372	0.139094
-0.0121542	0.146127
-0.0183099	0.1455
-0.0225004	0.134192
-0.0188859	0.137081
-0.0184685	0.140225
-0.0177591	0.136862
-0.00870154	0.127448
-0.000970033	0.132541
-0.000624891	0.129239
0.0116388	0.131034
0.0142723	0.134348
0.0302984	0.135327
0.0409896	0.141346
0.0525119	0.145272
0.044847	0.139748
0.0344344	0.143882
0.0282908	0.142463
0.0210661	0.136809
0.0261176	0.133405
0.0183836	0.133298
-0.00547936	0.125126
-0.0104775	0.127476
-0.0285205	0.127954
-0.0361483	0.123269
-0.0675444	0.131739
-0.0654471	0.118251
-0.0553537	0.102777
-0.0509769	0.108167
-0.0463188	0.112788
-0.0463441	0.107917
-0.0385156	0.108673
-0.0369489	0.114645
-0.0402431	0.111188
-0.0347432	0.116336
-0.031163	0.130955
-0.0232788	0.135125
-0.0143598	0.141101
0.00164626	0.128562
0.00328813	0.132505
-0.00227219	0.130272
0.00362551	0.128642
0.00793374	0.132203
0.0116259	0.141397
0.0300043	0.133824
0.0177749	0.130872
0.0238052	0.137407
0.0286924	0.136649
0.0311585	0.141431
0.0407182	0.14013
0.0345753	0.11379
0.0309269	0.136274
0.0284888	0.129739
0.0260481	0.152888
0.0354214	0.135639
0.0471199	0.129652
0.0392049	0.135035
0.0365624	0.140271
0.0343813	0.147597
0.0263609	0.146028
0.00112885	0.151852
0.00604955	0.132952
0.00642679	0.127468
0.00110473	0.132025
-0.00335071	0.132925
-0.00779208	0.134646
-0.0123927	0.135601
-0.0131005	0.141083
-0.0194265	0.138134
-0.0228532	0.137058
-0.0291608	0.130749
-0.0372945	0.131194
-0.0416652	0.131532
-0.0392645	0.129539
-0.0329347	0.130337
-0.0296895	0.136691
-0.0249546	0.135254
-0.014481	0.13644
-0.00552549	0.123922
0.00297113	0.122058
0.017281	0.127509
0.0228407	0.130201
0.027323	0.130777
0.0449725	0.12203
0.0549679	0.117795
0.0663914	0.116266
0.0722022	0.108037
0.0617564	0.110303
0.0438139	0.0939994
0.0421975	0.0987021
0.0391873	0.103741
0.0305991	0.0985048
0.0229914	0.101613
0.032089	0.122849
0.0257109	0.123729
0.0160711	0.138371
0.0107331	0.126142
0.00369869	0.129336
-0.000889925	0.130971
-0.00555307	0.132484
-0.0211713	0.132278
-0.0421451	0.127973
-0.0481718	0.132728
-0.0470159	0.140623
-0.0531135	0.139923
-0.058904	0.142489
-0.0630928	0.144347
-0.0589344	0.143857
-0.0589341	0.142504
-0.0594479	0.128438
-0.0435666	0.132836
-0.0393286	0.13267
-0.0335328	0.133552
-0.0260952	0.133676
-0.0164092	0.129939
-0.0110258	0.134271
-0.00390335	0.141133
-0.00998793	0.133817
0.0124242	0.13295
0.00375865	0.15238
0.00813866	0.148354
0.000281295	0.154447
0.00293572	0.149201
0.00235245	0.14933
0.00706026	0.147376
0.0179854	0.135784
0.023516	0.142905
0.0276417	0.141393
0.0309431	0.14013
0.0376583	0.136722
0.0488929	0.141171
0.0484212	0.131209
0.0463296	0.132923
0.0409633	0.139664
0.0281694	0.145937
0.0327846	0.148507
0.0204673	0.1393
0.00259787	0.155169
-0.00735533	0.145565
-0.0142482	0.143343
-0.0153803	0.146903
-0.0168367	0.139296
-0.0240027	0.134824
-0.0300156	0.133872
-0.0505464	0.146219
-0.0550044	0.142559
-0.0506191	0.143749
-0.0528909	0.130489
-0.0445835	0.131466
-0.0448676	0.126306
-0.0554737	0.112361
-0.0552185	0.115175
-0.0470801	0.12519
-0.0477182	0.128088
-0.0434959	0.130743
-0.0367256	0.133058
-0.0404414	0.138762
-0.037925	0.139577
-0.0419056	0.143603
-0.0449557	0.136638
-0.0443347	0.134286
-0.032165	0.132164
-0.0270244	0.133266
-0.0227379	0.14781
-0.0147641	0.138243
-0.00825666	0.139688
-0.00415651	0.141515
0.00186402	0.140397
0.00666181	0.144158
0.0114873	0.14284
0.0159747	0.141329
0.0312226	0.138667
0.0329191	0.136685
0.0499979	0.140236
0.0635798	0.1437
0.0645571	0.144377
0.0657883	0.133883
0.065411	0.146428
0.0729939	0.13434
0.0798263	0.132803
0.0759385	0.121138
0.0736562	0.115558
0.0830434	0.118307
0.0887841	0.116586
0.0774437	0.113497
0.069189	0.111736
0.0701714	0.111315
0.0653074	0.121974
0.0646756	0.12775
0.0555789	0.127144
0.0449048	0.12511
0.0365081	0.129955
0.0287626	0.133935
0.0215108	0.131187
0.012702	0.13903
0.00519612	0.143783
-0.0025193	0.14608
0.00788072	0.148809
0.014663	0.131913
0.00669255	0.138539
0.000866973	0.138925
-0.0110318	0.13777
-0.0153012	0.141301
-0.00878345	0.14525
-0.0133652	0.143755
-0.0174428	0.140328
-0.0256086	0.131509
-0.0287315	0.128199
-0.0386572	0.128333
-0.0418743	0.125564
-0.0435263	0.141175
-0.051651	0.133762
-0.0540978	0.131508
-0.0565553	0.138927
-0.055124	0.139244
-0.0508956	0.125397
-0.0483162	0.127204
-0.0472794	0.134726
-0.0512346	0.133091
-0.0464745	0.131719
-0.0272088	0.129087
-0.0274686	0.12948
-0.0281095	0.130398
-0.014641	0.12197
0.00300432	0.114838
0.012572	0.133148
0.00227844	0.144132
0.00572713	0.152829
0.0152063	0.149559
0.00906067	0.148174
0.00212759	0.151902
0.00763912	0.13848
-0.00284424	0.142951
-0.00237587	0.134507
-0.00124678	0.142382
-0.000195318	0.146954
0.009155	0.149691
0.010915	0.132915
0.0153196	0.134844
0.00583785	0.132194
0.0105178	0.133454
0.0133931	0.136148
0.01094	0.147153
-0.00609341	0.144935
0.00792358	0.131549
0.0108392	0.132521
0.0209979	0.134523
0.0246546	0.124179
0.0301306	0.128434
0.0257638	0.133069
0.022882	0.141945
0.0213193	0.14118
0.019484	0.143412
0.00640049	0.153041
-0.000563896	0.143749
-0.00597714	0.130896
-0.0219297	0.133635
-0.0207049	0.127361
-0.0257839	0.128809
-0.0300245	0.121214
-0.0390449	0.120439
-0.0408131	0.119616
-0.0349003	0.119042
-0.0291561	0.12552
-0.0257699	0.140986
-0.0236923	0.154524
-0.0138544	0.151866
-0.0152851	0.154048
-0.00792144	0.154596
-0.00296498	0.151947
0.00184346	0.136349
0.000845466	0.130829
0.00543938	0.132867
0.0127845	0.132698
0.020805	0.129457
0.0270393	0.13002
0.027244	0.12978
0.0295027	0.140044
0.0352142	0.128961
0.0476356	0.127882
0.0417709	0.122068
0.0394043	0.112927
0.0325279	0.146212
0.0259274	0.146039
0.0306216	0.14898
0.0318219	0.151997
0.0341989	0.147546
0.0364276	0.137264
0.0303793	0.140887
0.0225486	0.142974
0.0154044	0.139654
0.00947343	0.134819
0.0135439	0.133341
0.00877534	0.13459
0.00103958	0.136423
0.00177869	0.126234
-8.59934e-05	0.125709
-0.0230789	0.131262
-0.0256064	0.130835
-0.0491156	0.136641
-0.0523872	0.134751
-0.0601282	0.136386
-0.0591901	0.1308
-0.0462784	0.127749
-0.0529405	0.13337
-0.0556542	0.132421
-0.0566036	0.12963
-0.0391979	0.120131
-0.0271283	0.131525
-0.0220034	0.132179
-0.00733885	0.127829
-0.0128661	0.142105
-0.0114806	0.145147
-0.0112597	0.149196
-0.0129249	0.141959
-0.0046537	0.139096
0.0111204	0.148357
0.0269347	0.146134
0.0331673	0.1446
0.0359072	0.142073
0.0249021	0.150878
0.0280923	0.150908
0.0361811	0.132458
0.0425837	0.124022
0.0385159	0.129189
0.0412324	0.139926
0.0422859	0.147094
0.037736	0.145547
0.0306249	0.1396
0.0249595	0.13885
0.0191043	0.145138
0.00812665	0.13171
0.000608843	0.126924
-0.00173298	0.128252
0.00722527	0.119126
-0.016624	0.123155
-0.0323701	0.131377
-0.0407924	0.123436
-0.0433573	0.135191
-0.0472061	0.124808
-0.053213	0.122325
-0.0580719	0.121031
-0.0422186	0.124428
-0.0370845	0.151223
-0.0330032	0.148385
-0.0183404	0.147307
-0.0224318	0.141142
-0.0092046	0.140739
-0.0054227	0.142323
-0.000832252	0.140451
0.00381235	0.14097
0.00680531	0.136123
0.00761813	0.147821
0.0239487	0.147873
0.0293509	0.132789
0.0468001	0.14581
0.0575388	0.147464
0.0593165	0.125386
0.0524268	0.129651
0.0453183	0.120703
0.0394739	0.122949
0.042523	0.12153
0.0329799	0.137029
0.0122861	0.134758
0.0224879	0.148813
0.0172155	0.156189
0.00369189	0.131724
0.00419842	0.126509
-0.00438742	0.116222
-0.00148111	0.111329
-0.00955593	0.116545
-0.0180422	0.115809
-0.0139842	0.12066
-0.000585259	0.117719
-0.0215701	0.12609
-0.0208255	0.128972
-0.0199921	0.134256
-0.0312731	0.130463
-0.0343201	0.140863
-0.037278	0.137733
-0.0225573	0.140332
-0.035844	0.155212
-0.0462531	0.149069
-0.0445007	0.148184
-0.0419394	0.148996
-0.0374414	0.130044
-0.0313235	0.129166
-0.00896527	0.128779
0.00833589	0.13231
0.0134159	0.132662
0.0377555	0.120663
0.0415244	0.129029
0.0518907	0.124546
0.0579825	0.130362
0.0508457	0.135795
0.0622238	0.14004
0.0621238	0.138416
0.0500167	0.135566
0.0441661	0.12583
0.0433744	0.101689
0.040971	0.10538
0.0381259	0.110631
0.0306788	0.118188
0.0418611	0.108464
0.0490119	0.111308
0.0318189	0.111586
0.0275368	0.117468
0.0205042	0.123843
0.0177753	0.124344
0.0119057	0.112654
0.0119807	0.114828
-0.00508093	0.10744
-0.0178231	0.0990568
-0.0277708	0.103889
-0.0332763	0.109378
-0.0364698	0.11379
-0.032812	0.125355
-0.0583021	0.138568
-0.0459509	0.144575
-0.0610414	0.159091
-0.063467	0.150806
-0.0661679	0.14242
-0.0644002	0.141765
-0.0781424	0.126582
-0.0865919	0.119685
-0.0756684	0.126462
-0.074294	0.118576
-0.0697727	0.100669
-0.0625091	0.101291
-0.0608351	0.104391
-0.0544903	0.127313
-0.047629	0.125642
-0.0454408	0.119256
-0.0400702	0.122482
-0.0324827	0.127215
-0.0262363	0.133399
-0.0183144	0.139235
-0.00775261	0.137263
-0.00231667	0.132648
0.001962	0.130306
0.00431923	0.138337
0.00638088	0.149465
0.0109383	0.143721
0.004498	0.138792
0.0117643	0.145349
0.0232442	0.137283
0.0276401	0.137087
0.0281355	0.135655
0.0323815	0.135277
0.0365047	0.139742
0.0612384	0.128286
0.0693192	0.127824
0.0739518	0.128282
0.0758929	0.127349
0.0764767	0.126371
0.0781645	0.123862
0.0579652	0.119374
0.043673	0.12625
0.0495744	0.117406
0.0535882	0.120596
0.0590881	0.112122
0.0620933	0.115232
0.057308	0.118036
0.0497621	0.121491
0.055443	0.125144
0.0526128	0.123943
0.0503308	0.127545
0.0424201	0.129163
0.0330506	0.122488
0.0135524	0.154545
0.00249471	0.154323
-0.00188814	0.151763
-0.0053517	0.149139
-0.0112027	0.1529
-0.018473	0.15933
-0.0246464	0.156852
-0.0250689	0.145117
-0.0242061	0.142992
-0.0287866	0.143735
-0.0368617	0.123596
-0.0639276	0.118186
-0.0655317	0.115932
-0.0697092	0.120335
-0.075436	0.126157
-0.0635132	0.121358
-0.0723746	0.120217
-0.0700654	0.111788
-0.0566047	0.104281
-0.0567013	0.0905349
-0.0553163	0.114087
-0.0406035	0.128129
-0.0326698	0.130582
-0.0174533	0.135523
-0.017198	0.135973
-0.0145488	0.13572
-0.0114968	0.140807
-0.0126939	0.138408
-0.00340979	0.13458
-0.0110634	0.139414
-0.00604118	0.141616
-0.00356501	0.139981
0.0102112	0.125589
0.0240364	0.137724
0.027536	0.138887
0.0303214	0.14769
0.0320575	0.138475
0.0293392	0.143424
0.0382273	0.129126
0.0348036	0.116525
0.0432487	0.125359
0.0352082	0.132634
0.0370459	0.131532
0.0311373	0.135378
0.0237962	0.15427
0.0167702	0.157613
0.0110956	0.149306
-0.00626366	0.158494
-0.00395516	0.161014
-0.0086236	0.156503
-0.0332895	0.15922
-0.0332422	0.15379
-0.0400564	0.141389
-0.0289471	0.136865
-0.00984711	0.132336
-0.00459462	0.137864
-0.0156188	0.13219
-0.0108528	0.133497
-0.00171983	0.143931
0.00365508	0.133671
0.00869756	0.133302
0.0152492	0.133322
0.0194506	0.127884
0.0303792	0.127609
0.0199144	0.138696
0.00558565	0.134571
0.00199286	0.137993
0.00124804	0.133713
-0.00417329	0.13394
-0.00896736	0.134462
-0.00863383	0.138583
-0.0122449	0.138658
-0.01352	0.13207
-0.00985235	0.131957
0.00673305	0.13743
0.0201138	0.137422
0.0227468	0.133523
0.0173238	0.134837
0.00752134	0.142386
0.00232516	0.14002
-0.0015752	0.139354
-0.00721943	0.141578
-0.0154152	0.148235
-0.0232866	0.146595
-0.0306857	0.143213
-0.02951	0.146754
-0.0248285	0.144702
-0.0143027	0.15007
-0.010186	0.145897
-0.0128983	0.158103
-0.014816	0.154763
-0.0279859	0.16248
-0.0263436	0.161814
-0.00298869	0.146909
0.00190971	0.145277
0.00969105	0.13572
0.0188935	0.138169
0.0224391	0.138084
0.0267504	0.139442
0.0308236	0.144325
0.0289058	0.151562
0.0329649	0.148746
0.0348478	0.141408
0.0308608	0.128368
0.0309888	0.139617
0.0320585	0.165619
0.031449	0.155062
0.0235183	0.145762
0.00612833	0.147598
0.00385114	0.145212
0.00519034	0.144556
-0.0132616	0.142281
-0.0192328	0.134981
-0.0258886	0.136868
-0.0306004	0.134745
-0.0357025	0.138909
-0.0301222	0.128356
-0.0359244	0.133631
-0.0355101	0.141138
-0.0314254	0.136217
-0.0207859	0.128503
-0.00430542	0.136662
0.00261357	0.134233
0.00743703	0.135027
0.0189196	0.14025
0.0277438	0.138352
0.0283868	0.132097
0.0332339	0.120521
0.0381729	0.118238
0.0319898	0.118243
0.0203143	0.122071
0.0114403	0.119953
0.0105426	0.111377
0.00371738	0.115913
-0.0038811	0.123874
-0.00291617	0.11766
-0.016543	0.114198
-0.0223239	0.118106
-0.0232631	0.131377
-0.0381443	0.126871
-0.0407775	0.144737
-0.0346056	0.143227
-0.0243668	0.141065
-0.0195442	0.141315
-0.0335674	0.140559
-0.0190454	0.136043
0.000859884	0.136274
0.0112168	0.130225
0.0155559	0.131711
0.0229077	0.134895
0.0295314	0.126796
0.0305943	0.132431
0.0383906	0.13389
0.0401066	0.134012
0.0316806	0.135284
0.032545	0.130564
0.0242709	0.128057
0.0202579	0.138621
0.0177767	0.14544
0.0118974	0.143944
0.0068375	0.142981
-0.00389659	0.132607
-0.00994707	0.133319
-0.00752983	0.148079
-0.0147273	0.146088
-0.0151939	0.15977
-0.0198227	0.153464
-0.0239706	0.151757
-0.0273316	0.141094
-0.0329748	0.154981
-0.0407123	0.144833
-0.0341819	0.143625
-0.0230333	0.139206
-0.0111942	0.131159
-0.00628257	0.132954
0.00362326	0.141721
0.00648897	0.135395
0.00984113	0.144744
0.0106783	0.143194
0.00269407	0.136433
0.0194322	0.14016
0.0246615	0.112259
0.0402047	0.118538
0.0371353	0.118194
0.0377748	0.133414
0.04613	0.128099
0.0413817	0.13303
0.0441035	0.116928
0.039238	0.120699
0.041998	0.12797
0.0364266	0.129577
0.0282839	0.127886
0.0293058	0.122268
0.0225591	0.132512
0.0201981	0.139928
0.0198786	0.143636
0.0155638	0.137564
0.0114832	0.137068
0.00623383	0.137727
-0.000812542	0.136614
-0.00840031	0.136769
-0.0117607	0.132093
-0.0232938	0.131911
-0.0137386	0.124967
-0.020659	0.112447
-0.0243956	0.111593
-0.0248313	0.104508
-0.0320569	0.114249
-0.0446826	0.118501
-0.0488121	0.114196
-0.0584989	0.126511
-0.0594252	0.128255
-0.052708	0.118457
-0.057374	0.118961
-0.0589516	0.133508
-0.0553917	0.134659
-0.0421124	0.123473
-0.0275067	0.135476
-0.0176583	0.129387
-0.0264186	0.1357
-0.0241294	0.13556
-0.0254235	0.127917
-0.0273904	0.114418
-0.0302301	0.103039
-0.0262035	0.109869
-0.0198895	0.112465
0.00881108	0.118468
0.00961984	0.125386
0.0146989	0.120502
0.0217174	0.120179
0.0322661	0.133486
0.0357654	0.1458
0.0416128	0.139957
0.0525617	0.135484
0.0687607	0.129995
0.0736085	0.135824
0.0675427	0.134942
0.0590034	0.136915
0.0640415	0.137406
0.0565671	0.135814
0.0631873	0.147869
0.05526	0.145533
0.0484887	0.140808
0.0498733	0.138605
0.0345695	0.132341
0.0353701	0.143843
0.0287369	0.136031
0.0228832	0.135657
0.0160171	0.106137
0.0123612	0.113266
0.00807137	0.118562
0.000463276	0.129417
-0.003851	0.137707
-0.0182077	0.146832
-0.0152277	0.14675
-0.0209086	0.14366
-0.0101989	0.133552
-0.00632479	0.139436
-0.00976146	0.150583
-0.0139276	0.147304
-0.0212033	0.149592
-0.0304131	0.157425
-0.00980011	0.165532
-0.0156131	0.163647
-0.0222519	0.156552
-0.0202429	0.159202
-0.0175991	0.150484
-0.0281779	0.146551
-0.0352812	0.139413
-0.037846	0.133725
-0.0371942	0.135853
-0.0441286	0.134531
-0.0499861	0.135119
-0.051387	0.1332
-0.0400975	0.14436
-0.0396416	0.142991
-0.0364315	0.140885
-0.0184913	0.147162
-0.00991039	0.143025
-0.00960218	0.148101
-0.0032216	0.146523
0.00362535	0.15034
-0.0101365	0.15322
0.00763004	0.162991
0.0124909	0.147111
0.0208039	0.151499
0.0247092	0.145459
0.0160872	0.146936
0.0142566	0.149512
0.0242149	0.150436
0.0151685	0.153997
0.0213674	0.151956
0.0011376	0.148806
-0.002861	0.147541
-0.00836236	0.153872
-0.0037036	0.157196
-0.005748	0.155263
-0.0110073	0.152257
-0.0170416	0.146561
-0.022118	0.150483
-0.025898	0.149168
-0.0364678	0.133068
-0.0317414	0.133135
-0.0285426	0.140298
-0.030062	0.155256
-0.0121704	0.156792
-4.09448e-05	0.153103
0.00123937	0.145368
0.0109706	0.120576
0.010849	0.119904
0.0208842	0.143487
0.0238311	0.140842
0.037176	0.147278
0.0401009	0.144339
0.0336247	0.144455
0.0240264	0.145351
0.011483	0.144737
0.00395327	0.144552
-0.000964485	0.140448
-0.00399626	0.141733
-0.00993534	0.142352
-0.024794	0.146757
-0.0285508	0.144097
-0.0217285	0.140347
-0.0162195	0.1411
0.00073613	0.139428
0.00733141	0.141056
0.00283222	0.129529
0.00604687	0.135339
0.0145929	0.144573
0.00604251	0.129663
0.00209941	0.133446
-0.000611721	0.135055
0.0124336	0.125872
0.0200514	0.138773
0.0157663	0.149054
0.00555725	0.148024
-0.00561065	0.148523
-0.0125945	0.145359
-0.00889847	0.137103
-0.0141154	0.138653
-0.0186527	0.138033
-0.0219294	0.128754
-0.0219676	0.122546
-0.0188213	0.127784
-0.00468484	0.149172
-0.000639878	0.123438
0.00419281	0.125502
0.00706905	0.12943
0.0172647	0.129203
0.0208195	0.131747
0.0354496	0.136867
0.0195174	0.146832
0.0175407	0.148338
-0.00146089	0.144505
-0.000787277	0.144799
-0.0108725	0.142343
-0.019311	0.14728
-0.0215252	0.148144
-0.0166393	0.130112
-0.00565325	0.146034
-0.0118672	0.146336
-0.00722161	0.143192
0.000121565	0.148273
0.0124269	0.142305
0.0188995	0.141952
0.0266812	0.122007
0.0381171	0.125193
0.0266938	0.128234
0.0170858	0.120982
0.0123296	0.124053
0.00655211	0.124167
-0.00514863	0.134357
-0.00989309	0.129246
-0.00148483	0.120593
-0.00654829	0.122004
-0.0110729	0.128812
-0.0248041	0.130193
-0.0272291	0.13429
-0.0297459	0.135761
-0.0456557	0.136864
-0.0331906	0.135332
-0.0182857	0.127497
-0.0149424	0.131711
-0.00454013	0.135132
0.00687278	0.142215
0.00933409	0.143363
0.0220102	0.147596
0.0382616	0.129374
0.0395384	0.13704
0.033779	0.144334
0.0267541	0.158706
0.0238458	0.147723
0.026996	0.144972
0.0234683	0.132757
0.0143747	0.137567
0.00932064	0.13695
0.0080297	0.143983
0.00958585	0.137402
0.00324553	0.142996
-0.00317681	0.142395
-0.00322362	0.137948
-0.00682435	0.133948
-0.0167124	0.134391
-0.0154681	0.137241
-0.0215938	0.136927
-0.0206196	0.122172
-0.02724	0.12102
-0.0281853	0.122203
-0.0326125	0.124521
-0.0305195	0.125566
-0.0307762	0.124991
-0.0262174	0.128154
-0.0249625	0.12481
-0.0183573	0.137376
-0.00801565	0.141751
-0.00279122	0.14098
0.00113345	0.13306
-0.00566265	0.144716
-0.00141759	0.143882
0.0038128	0.141877
0.0118093	0.141508
0.0219094	0.13495
0.0160899	0.139725
0.0117481	0.146516
0.0126169	0.164826
0.0239116	0.163678
0.0292175	0.159467
0.041844	0.136088
0.03518	0.118229
0.0301592	0.121787
0.0266106	0.13569
0.0244699	0.137634
0.0162275	0.128499
0.00286101	0.129598
0.00284236	0.13424
-0.00321338	0.134751
-0.00765085	0.135156
-0.0271707	0.14265
-0.017858	0.143994
-0.0159287	0.146312
-0.0200801	0.143511
-0.0247595	0.147661
-0.0285157	0.144925
-0.0313621	0.144267
-0.0183001	0.154081
-0.0101161	0.156422
-0.00772108	0.155498
-0.00353699	0.162992
0.00241093	0.158276
0.00894806	0.154115
0.0161516	0.149514
0.0228489	0.148327
0.0161778	0.147233
0.00943415	0.150475
0.00300447	0.151662
-0.00752591	0.146568
-0.00889197	0.153606
-0.0214913	0.156929
-0.0269727	0.147802
-0.0183645	0.147596
-0.0096761	0.149245
-0.00341693	0.14672
-0.000485191	0.145073
-0.00155501	0.151203
-0.00140872	0.16295
-0.00342529	0.157468
-0.00639371	0.166503
-0.00462898	0.161155
-0.00585711	0.159208
-0.00527569	0.155872
0.00528125	0.153844
0.00439537	0.13292
0.00506238	0.138375
-0.00425678	0.132594
-0.0063921	0.139149
0.00173751	0.142911
0.0064466	0.141045
-0.00216003	0.130401
-0.00449215	0.131045
0.00619037	0.128243
0.00382048	0.1387
0.0103692	0.143639
0.00492394	0.135141
0.017771	0.129334
0.0193084	0.128669
0.0257449	0.130756
0.0115377	0.144866
0.0107974	0.153855
0.0222307	0.152676
0.0178218	0.153068
0.0118513	0.150542
-0.00166986	0.155654
-0.00667098	0.149073
-0.0193952	0.158922
-0.0344681	0.150786
-0.0357549	0.144117
-0.0326365	0.143967
-0.0227489	0.152699
-0.00224457	0.13977
0.00500565	0.130309
0.00741055	0.121309
0.0164704	0.112514
0.0139635	0.122334
0.0166661	0.124555
0.0217956	0.127219
0.0167907	0.129713
0.00184842	0.128784
-0.00357645	0.130829
-0.00748092	0.132149
-0.0231441	0.148994
-0.0183614	0.152225
-0.0116217	0.149851
-0.0107347	0.163249
-0.0245651	0.166057
-0.0134812	0.15662
0.00142011	0.151503
0.00649869	0.147112
0.0111317	0.145322
0.0194535	0.146794
0.0262083	0.144241
0.0307224	0.138944
0.0253764	0.138551
0.0420114	0.142412
0.031762	0.147063
0.027981	0.147696
0.0222735	0.144719
0.0161735	0.144405
0.0104051	0.132586
0.0122543	0.13424
0.00346195	0.151117
-0.0127207	0.131245
-0.0199207	0.146538
-0.0273467	0.146178
-0.0237297	0.14733
-0.0299684	0.147469
-0.0329739	0.144516
-0.0372152	0.139673
-0.0420541	0.134912
-0.0350932	0.132689
-0.029945	0.135389
-0.0286804	0.138133
-0.0244915	0.139184
-0.00742596	0.13135
0.00294341	0.128699
0.0120015	0.141756
0.0309607	0.145827
0.0365052	0.162219
0.0374804	0.154394
0.0372831	0.157874
0.0294677	0.154025
0.0233149	0.150661
0.0190468	0.15337
0.00915365	0.144107
0.00364046	0.130451
-0.00090994	0.135845
-0.0036561	0.137587
0.000969704	0.139863
-0.0183104	0.148526
-0.0202056	0.149346
-0.0248029	0.15978
-0.0360897	0.159727
-0.0302652	0.153447
-0.0226653	0.141219
-0.0160041	0.143208
-0.00858984	0.14021
-0.0016673	0.137863
0.00268232	0.142034
0.0114536	0.130767
0.0181145	0.122031
0.0229017	0.124687
0.0264455	0.143309
0.0302484	0.139481
0.00842634	0.139608
-0.0110911	0.152635
-0.0145922	0.149504
-0.0219515	0.139553
-0.0284362	0.140712
-0.0213129	0.138074
-0.0106126	0.130587
-0.00499657	0.120409
-0.00710365	0.138281
-0.00968857	0.153797
0.00192046	0.150802
0.00946552	0.145577
0.00921323	0.140299
0.0299208	0.152392
0.0331009	0.141846
0.0314389	0.135987
0.0179691	0.135128
0.0254952	0.142085
0.031567	0.133401
0.0254393	0.139514
0.020021	0.139284
0.0155595	0.139246
0.0112212	0.130351
0.00744508	0.128528
0.00513902	0.133264
-0.00886632	0.139336
-0.013406	0.131866
-0.0160084	0.130937
-0.0212191	0.126521
-0.0278106	0.129253
-0.0144083	0.114382
-0.0105437	0.11143
-0.0198606	0.118173
-0.0271905	0.122546
-0.0367636	0.115001
-0.0338903	0.116409
-0.0328634	0.119593
-0.0468391	0.119068
-0.0414858	0.123983
-0.0284553	0.113895
-0.0274566	0.120903
-0.0195757	0.120306
-0.0134582	0.128691
-0.00766678	0.131484
-0.000806848	0.129858
-0.00779429	0.15149
-0.0170579	0.151902
-0.0113965	0.144901
-0.000354538	0.137002
0.0129213	0.151624
0.024047	0.142401
0.0249415	0.143086
0.0399698	0.141698
0.0449743	0.133009
0.0510185	0.12269
0.056858	0.121871
0.0611136	0.121744
0.0690491	0.118365
0.0626002	0.120163
0.0553563	0.120185
0.0478236	0.123331
0.0318503	0.132778
0.0269668	0.128198
0.0157205	0.115255
0.00446848	0.119925
0.00048088	0.130187
0.00463325	0.130674
-0.0137154	0.116383
-0.0206488	0.123701
-0.0252314	0.127809
-0.0327501	0.118567
-0.0436932	0.130268
-0.0383077	0.135449
-0.0381478	0.138855
-0.0415061	0.137202
-0.0462557	0.136736
-0.0502622	0.135046
-0.0420794	0.136314
-0.0289612	0.123036
-0.0150539	0.131895
-0.0170394	0.136381
-0.0122699	0.137094
-0.010564	0.124478
-0.000601044	0.124169
0.000720974	0.120647
0.00234626	0.127447
0.00518607	0.135438
0.014046	0.149828
-7.88846e-05	0.135406
-0.00355962	0.149283
-0.00126316	0.135663
0.00381622	0.136503
0.00869882	0.138167
0.0178897	0.133896
0.0222829	0.132106
0.033861	0.130205
0.0508481	0.108866
0.0486962	0.11072
0.0417	0.115285
0.0262005	0.125258
0.00925721	0.13459
0.00337295	0.11722
-0.000875477	0.122927
0.00836935	0.138332
0.00746615	0.13116
0.00252887	0.132759
-0.00269937	0.130023
-0.00245294	0.122383
-0.00621901	0.125041
-0.0150315	0.129396
-0.0238112	0.122799
-0.0263547	0.138111
-0.0309335	0.137245
-0.0378138	0.138922
-0.0345264	0.139048
-0.0320275	0.137919
-0.0263926	0.137873
-0.0204352	0.137717
-0.01678	0.138561
-0.0171861	0.140878
-0.00753408	0.134735
-0.00252066	0.135639
0.0102928	0.142725
0.0221393	0.154372
0.0376604	0.150752
0.0455197	0.146112
0.0523217	0.143493
0.0549621	0.111882
0.049418	0.11586
0.0415387	0.120217
0.0370907	0.119383
0.0228329	0.121798
0.0182587	0.123931
0.0105665	0.128357
0.00821759	0.12868
-0.000374797	0.13814
-0.00989996	0.148716
-0.0116254	0.159445
-0.0224177	0.155193
-0.0201881	0.146929
-0.015174	0.154438
-0.00631799	0.131685
-0.0118229	0.133752
-0.0182054	0.142109
-0.0198693	0.143666
-0.026664	0.139672
-0.053542	0.129011
-0.064318	0.119291
-0.0532965	0.120439
-0.0588378	0.118098
-0.0534781	0.110501
-0.0591213	0.108734
-0.0626019	0.112257
-0.057406	0.107367
-0.0523523	0.112439
-0.0472321	0.11623
-0.0330128	0.120803
-0.0308064	0.125362
-0.0160147	0.121647
-0.000162427	0.10824
0.00474349	0.113908
0.0118249	0.119824
0.0221972	0.121752
0.0298089	0.113644
0.0374856	0.123927
0.0523752	0.123314
0.0582378	0.130617
0.0456134	0.115233
0.0522269	0.111754
0.0568831	0.113913
0.065926	0.119146
0.0669869	0.112625
0.0654691	0.110404
0.0509343	0.121108
0.0437921	0.123946
0.0401372	0.128128
0.0231031	0.126318
0.00937003	0.119883
0.0113022	0.136194
0.00145814	0.125357
-0.005083	0.130078
-0.0168738	0.119089
-0.0352904	0.123521
-0.0466675	0.127934
