-0.0916427	0.0977388
-0.0878957	0.104604
-0.083172	0.103713
-0.0847112	0.10737
-0.0884269	0.111963
-0.0861538	0.120971
-0.0771755	0.125082
-0.0806735	0.122304
-0.0697977	0.125906
-0.0594948	0.130505
-0.0597373	0.130893
-0.0517469	0.134305
-0.0481382	0.138118
-0.0456174	0.140648
-0.0347657	0.142439
-0.0273156	0.147145
-0.0120608	0.150428
-0.00718769	0.161583
0.00499084	0.147505
0.0156425	0.153368
0.0210052	0.148634
0.0284846	0.146287
0.0462649	0.129204
0.0487467	0.134282
0.0511438	0.139527
0.0606202	0.14514
0.0643845	0.143934
0.063873	0.139071
0.0801033	0.127383
0.0746381	0.113022
0.0705312	0.11673
0.0773543	0.123846
0.0836611	0.123466
0.0886896	0.126943
0.0909362	0.125858
0.0934204	0.124657
0.0965472	0.124553
0.0989776	0.11573
0.0934413	0.113408
0.0964025	0.114105
0.107177	0.104564
0.107981	0.104438
0.114042	0.107673
0.118525	0.107474
0.147331	0.117917
0.147668	0.110867
0.140226	0.11863
0.137323	0.114909
0.133469	0.108638
0.137326	0.116101
0.139441	0.119847
0.136538	0.126821
0.133468	0.119617
0.131118	0.115035
0.129505	0.11047
0.129052	0.10745
0.133265	0.109614
0.126458	0.110876
0.124551	0.112058
0.123024	0.111384
0.122603	0.109264
0.126004	0.107053
0.124435	0.102109
0.115623	0.0929791
0.119287	0.0934585
0.125362	0.0870988
0.124145	0.0876326
0.129402	0.0855586
0.127686	0.0784529
0.132449	0.0809167
0.131731	0.0731427
0.124024	0.0635606
0.109811	0.0561245
0.103153	0.0655116
0.1066	0.0678243
0.113746	0.0430385
0.122049	0.0399303
0.127918	0.044658
0.134409	0.0456031
0.120254	0.0382866
0.122901	0.0311653
0.115188	0.0253318
0.124049	0.0277728
0.128717	0.0315753
0.134249	0.0372916
0.141109	0.0349934
0.142071	0.0372617
0.128829	0.0440548
0.126894	0.0418536
0.128464	0.0521458
0.127172	0.0540435
0.136974	0.054819
0.139333	0.0596616
0.137997	0.0577153
0.140153	0.0496166
0.149501	0.072527
0.149092	0.0769842
0.147584	0.0768756
0.146134	0.0753002
0.141657	0.075131
0.142743	0.0850005
0.148911	0.0874539
0.146655	0.0789244
0.159664	0.0969724
0.155703	0.0939824
0.14162	0.0922875
0.142253	0.092835
0.137938	0.0894256
0.152092	0.0899175
0.151837	0.0777886
0.134446	0.0882185
0.136083	0.088547
0.132795	0.0990068
0.128231	0.0784849
0.139656	0.074957
0.152294	0.08547
0.14565	0.0849366
0.146155	0.0915318
0.145606	0.0791797
0.14366	0.0847624
0.132353	0.0804761
0.131733	0.0763883
0.114243	0.0687983
0.112116	0.0567154
0.115902	0.0572896
0.114157	0.0704995
0.113291	0.0706481
0.118381	0.0678017
0.126949	0.0764878
0.13043	0.0762004
0.12414	0.0709305
0.125276	0.0685598
0.124396	0.0583731
0.135199	0.0718053
0.134323	0.0645728
0.142527	0.0649248
0.143486	0.0822799
0.13419	0.0773858
0.151912	0.0697289
0.154348	0.0740446
0.15777	0.0645448
0.167459	0.0603736
0.167378	0.0614314
0.158427	0.0608365
0.153101	0.0658659
0.153272	0.0721113
0.154544	0.0673437
0.152266	0.048769
0.159051	0.0436473
0.15172	0.0479492
0.149374	0.0509407
0.155609	0.0469446
0.159279	0.044597
0.162364	0.0453322
0.15627	0.0463414
0.156434	0.042032
0.161649	0.0254995
0.156004	0.0341656
0.153597	0.0369112
0.149117	0.0421193
0.150938	0.0412111
0.155338	0.0166283
0.160505	0.0127473
0.142929	0.0123422
0.149483	0.00600882
0.132389	-0.0082749
0.123899	-0.00566872
0.128015	0.0132037
0.129059	0.0198809
0.148684	0.0261381
0.1541	0.0203336
0.155725	-0.00814054
0.15617	0.00533921
0.159274	-0.00219858
0.158122	0.0131954
0.157082	0.00560677
0.155332	0.00431443
0.152237	0.000463524
0.144097	0.0120216
0.146034	0.0142665
0.157347	0.0194415
0.150605	0.0197631
0.155369	0.0242992
0.157179	0.0174186
0.170549	0.0188438
0.174829	0.0233669
0.165613	0.0209938
0.160738	0.0304299
0.160133	0.0310279
0.165693	0.0212009
0.165656	0.030067
0.162385	0.036398
0.155701	0.0509605
0.155181	0.0509594
0.149241	0.0537142
0.148964	0.0539203
0.149943	0.0488112
0.151167	0.0493964
0.1316	0.026146
0.13393	0.0296853
0.133035	0.025595
0.144941	0.0250816
0.148847	0.0326748
0.140929	0.0408889
0.139592	0.0402738
0.141841	0.0128574
0.156395	-0.00627311
0.159836	-0.00606138
0.168684	0.00422898
0.170046	-0.00692162
0.168734	-0.00380325
0.168614	-0.00377116
0.166515	0.000715405
0.158967	0.00118402
0.141093	0.0180479
0.135836	0.0179722
0.137834	0.0407915
0.142797	0.0436035
0.139392	0.0576322
0.14118	0.0583142
0.142132	0.0530345
0.143429	0.0516701
0.150158	0.0489156
0.180504	0.0446458
0.180407	0.0452948
0.179856	0.0523758
0.165838	0.0567267
0.154539	0.0560972
0.147132	0.0610401
0.148644	0.0607361
0.153598	0.0585647
0.15433	0.0603646
0.152778	0.0599668
0.157361	0.0476729
0.160997	0.0484941
0.165858	0.0480537
0.16636	0.0514762
0.155577	0.0364437
0.1413	0.0402365
0.143256	0.041506
0.144563	0.0419127
0.139348	0.0454536
0.149989	0.0457064
0.150222	0.040858
0.148414	0.0390208
0.147947	0.0371219
0.1553	0.0338838
0.157919	0.0340535
0.155923	0.0386381
0.149671	0.0337734
0.141057	0.0343885
0.136664	0.0330003
0.136882	0.0223007
0.134015	0.0237755
0.14431	0.0218981
0.129671	0.0138619
0.134422	0.0169416
0.136275	0.0186481
0.137636	0.0291454
0.136675	0.0122732
0.141721	0.015883
0.155565	0.0186048
0.157895	0.00498084
0.172144	0.0139786
0.174607	0.00969449
0.171309	0.0249486
0.176919	0.0363076
0.172115	0.0436699
0.17091	0.0470445
0.159156	0.0396229
0.15769	0.0420623
0.157013	0.0407674
0.158363	0.0408302
0.14598	0.0582141
0.145293	0.0585038
0.160408	0.0510394
0.175857	0.0438749
0.170414	0.0455572
0.16747	0.0467359
0.162844	0.0463952
0.173206	0.0432235
0.163049	0.0405355
0.1616	0.0443917
0.171595	0.032921
0.167469	0.0254561
0.165041	0.0296384
0.172298	0.0311751
0.16996	0.0330201
0.169328	0.0355296
0.166431	0.0313403
0.160933	0.0328711
0.163064	0.0298628
0.171863	0.0251257
0.16699	0.0415332
0.155024	0.0354577
0.149765	0.0308134
0.142834	0.0402394
0.136347	0.0359018
0.142333	0.0251902
0.14723	0.0138129
0.149671	-0.00759339
0.153291	-0.0119333
0.164834	-0.0193776
0.173825	-0.0223036
0.178994	-0.0273905
0.180599	-0.0345563
0.192154	-0.0233161
0.184307	-0.03975
0.189065	-0.0414891
0.17925	-0.0372409
0.166468	-0.0444322
0.180328	-0.0567459
0.168824	-0.0635228
0.170789	-0.0574375
0.163877	-0.0676527
0.165361	-0.0752038
0.158323	-0.0770665
0.168694	-0.0739019
0.154105	-0.0975071
0.146653	-0.0973092
0.140409	-0.0901601
0.137687	-0.0914456
0.13498	-0.0927279
0.143962	-0.0939929
0.156484	-0.0867302
0.153459	-0.0920816
0.160312	-0.0913744
0.145888	-0.0890048
0.148911	-0.0829662
0.146068	-0.0873835
0.139075	-0.0849033
0.134441	-0.0915672
0.132244	-0.0963178
0.129102	-0.0931259
0.120108	-0.103186
0.111353	-0.1084
0.133623	-0.0952212
0.132268	-0.0964633
0.130539	-0.0992369
0.138922	-0.108157
0.133473	-0.103795
0.131035	-0.0976003
0.132571	-0.102116
0.142327	-0.110296
0.150778	-0.114059
0.141678	-0.110249
0.138515	-0.110242
0.126167	-0.113566
0.119388	-0.113048
0.11745	-0.112538
0.112348	-0.106166
0.127524	-0.122449
0.113621	-0.105431
0.125735	-0.121857
0.126553	-0.111104
0.123206	-0.108074
0.120801	-0.108705
0.119908	-0.101498
0.117256	-0.10238
0.127324	-0.10285
0.127278	-0.107037
0.113302	-0.0875717
0.111703	-0.0930726
0.0975489	-0.0907598
0.103401	-0.0887321
0.093844	-0.0664553
0.099131	-0.0541224
0.111123	-0.0632802
0.104651	-0.0660119
0.108008	-0.0656454
0.116599	-0.0745152
0.11991	-0.077469
0.124476	-0.0834522
0.115074	-0.0760215
0.117889	-0.0641617
0.116507	-0.0732045
0.133244	-0.0871967
0.134293	-0.0843107
0.124976	-0.0821241
0.117773	-0.0754238
0.124085	-0.0869682
0.123073	-0.0904239
0.118699	-0.0898151
0.126756	-0.0934707
0.120446	-0.0867163
0.116908	-0.0923383
0.11947	-0.089191
0.105179	-0.0899038
0.109353	-0.08189
0.101901	-0.0742593
0.115141	-0.0724834
0.0883122	-0.0933946
0.0854248	-0.0863045
0.0945667	-0.0894106
0.085189	-0.102316
0.0805867	-0.114049
0.0813738	-0.119382
0.0846015	-0.116272
0.0892824	-0.117676
0.0933569	-0.121194
0.108327	-0.119994
0.110608	-0.124798
0.111419	-0.125654
0.105854	-0.117399
0.105024	-0.118001
0.110363	-0.12671
0.108624	-0.126223
0.112735	-0.118901
0.118503	-0.12269
0.10423	-0.121926
0.096666	-0.11805
0.0968102	-0.118931
0.0930198	-0.124917
0.0824345	-0.118156
0.0694165	-0.116322
0.0684505	-0.113733
0.0688449	-0.108718
0.0712058	-0.115931
0.0772482	-0.116075
0.0862411	-0.117094
0.0948741	-0.129374
0.0936145	-0.130085
0.0930012	-0.130126
0.0857028	-0.126236
0.0884316	-0.117457
0.0892659	-0.123431
0.0875337	-0.119022
0.0873422	-0.118858
0.0933905	-0.123582
0.0888966	-0.123823
0.0923954	-0.120256
0.0930256	-0.121597
0.0804688	-0.117072
0.0794491	-0.111325
0.0721848	-0.117482
0.0650309	-0.114141
0.0792015	-0.110547
0.104851	-0.117351
0.111288	-0.123175
0.11333	-0.121463
0.0916536	-0.107763
0.0913266	-0.10779
0.0764209	-0.100125
0.0795522	-0.114721
0.0818147	-0.117408
0.0816994	-0.118317
0.0824849	-0.121739
0.0848778	-0.123025
0.0975004	-0.125654
0.0931781	-0.10412
0.0958215	-0.106906
0.0952805	-0.110873
0.110447	-0.115304
0.101916	-0.114103
0.0898606	-0.115859
0.0833618	-0.139258
0.0830313	-0.143839
0.0612715	-0.148616
0.0488613	-0.14989
0.0582019	-0.150406
0.0603421	-0.148641
0.0657579	-0.148454
0.0624354	-0.149856
0.0775397	-0.151942
0.078577	-0.149963
0.0791427	-0.14613
0.0898255	-0.133298
0.096355	-0.145743
0.0951987	-0.142693
0.0922074	-0.139639
0.0816509	-0.151899
0.0820522	-0.14766
0.0893048	-0.14879
0.0816781	-0.139878
0.0864916	-0.153958
0.0901611	-0.142063
0.09101	-0.137281
0.0923354	-0.12726
0.0927168	-0.128063
0.0955316	-0.125746
0.107006	-0.128756
0.091646	-0.134345
0.0901097	-0.13196
0.0981663	-0.119932
0.0977032	-0.12085
0.0974467	-0.126314
0.101628	-0.130288
0.101687	-0.12539
0.103248	-0.127071
0.0963206	-0.120565
0.11484	-0.121857
0.122208	-0.127277
0.123915	-0.123546
0.118229	-0.120607
0.115061	-0.120715
0.132712	-0.124078
0.119285	-0.12231
0.108304	-0.129184
0.100819	-0.116506
0.106684	-0.106873
0.112141	-0.111597
0.0978235	-0.110026
0.105799	-0.105541
0.103491	-0.111041
0.112469	-0.113725
0.102212	-0.106688
0.103391	-0.116749
0.102182	-0.117375
0.0854759	-0.123054
0.0954566	-0.113524
0.0963498	-0.115151
0.10474	-0.120599
0.101866	-0.122015
0.110453	-0.120163
0.0884435	-0.140349
0.111169	-0.143542
0.0968704	-0.139011
0.0937888	-0.137444
0.096585	-0.136252
0.116243	-0.12513
0.11298	-0.125341
0.109543	-0.125398
0.107688	-0.126813
0.105062	-0.12956
0.106471	-0.127677
0.111536	-0.136841
0.101288	-0.127621
0.102391	-0.126385
0.105258	-0.124424
0.100265	-0.124307
0.10364	-0.140892
0.101866	-0.13786
0.0998822	-0.13541
0.103118	-0.133491
0.11389	-0.129562
0.110789	-0.128439
0.109232	-0.126801
0.111772	-0.123654
0.11907	-0.12491
0.115599	-0.122261
0.110199	-0.120693
0.10895	-0.133054
0.106171	-0.129938
0.1034	-0.130896
0.100362	-0.117873
0.100198	-0.118579
0.0989561	-0.121519
0.0980885	-0.122735
0.106016	-0.144227
0.0941577	-0.146148
0.0931332	-0.153243
0.0952067	-0.143854
0.0803841	-0.141929
0.0964351	-0.129891
0.0938018	-0.133139
0.0922353	-0.132011
0.112362	-0.132267
0.0999497	-0.11435
0.097471	-0.11571
0.108989	-0.105877
0.0841306	-0.117225
0.0918232	-0.13334
0.078989	-0.147671
0.0732	-0.149594
0.0755122	-0.156948
0.0708004	-0.157867
0.0653349	-0.144718
0.0646155	-0.145078
0.054211	-0.154975
0.0549115	-0.157896
0.0649119	-0.152626
0.0655835	-0.142307
0.0705151	-0.133692
0.0796305	-0.120524
0.0844546	-0.105834
0.0881765	-0.108685
0.0950409	-0.124256
0.0976799	-0.136337
0.105867	-0.137931
0.108998	-0.130627
0.118267	-0.122054
0.122174	-0.11341
0.126123	-0.112996
0.129278	-0.102086
0.141041	-0.0839798
0.146429	-0.0775513
0.150525	-0.0722302
0.154449	-0.063225
0.157678	-0.0753174
0.154563	-0.063235
0.161267	-0.0651268
0.160542	-0.05819
0.145375	-0.0534765
0.140326	-0.0339108
0.143662	-0.029151
0.14651	-0.0224149
0.149026	-0.0157476
0.146596	-0.00897172
0.153658	-0.00696545
0.157851	-0.000682623
0.164724	0.00118559
0.154654	0.0263845
0.15587	0.0315066
0.160674	0.0335557
0.155385	0.0362346
0.139134	0.0450992
0.135182	0.05139
0.138813	0.0506679
0.128085	0.0445764
0.116185	0.0557538
0.12474	0.0643321
0.132546	0.0699791
0.1361	0.0667085
0.135286	0.0727881
0.12585	0.0789894
0.128001	0.0842668
0.125978	0.0918544
0.125352	0.0933857
0.12188	0.0936052
0.115453	0.0940714
0.123471	0.0989207
0.121346	0.100027
0.123651	0.101073
0.113684	0.103529
0.109795	0.109435
0.109958	0.109191
0.108922	0.111306
0.10646	0.113318
0.10553	0.114805
0.116064	0.127303
0.109082	0.13405
0.0943194	0.128878
0.100107	0.134195
0.11077	0.12981
0.107336	0.121402
0.0923695	0.114604
0.0949569	0.125473
0.086596	0.124103
0.0883173	0.128899
0.0880426	0.130205
0.0866871	0.123503
0.0841393	0.122667
0.0755337	0.125375
0.0749282	0.130947
0.0788487	0.146057
0.0778729	0.129539
0.0787076	0.127418
0.0786285	0.129685
0.0777712	0.131521
0.0772165	0.133364
0.0785463	0.13371
0.0673931	0.137197
0.0729137	0.132947
0.0745145	0.118572
0.0904777	0.123956
0.0858526	0.119117
0.0863244	0.122858
0.0834524	0.122349
0.0766601	0.140607
0.0658878	0.134607
0.0666965	0.142411
0.0702148	0.142405
0.0535939	0.132788
0.0529398	0.136977
0.0479087	0.137871
0.0554507	0.134082
0.0556854	0.138029
0.0708917	0.105279
0.0668515	0.117902
0.0616337	0.120565
0.0717544	0.121949
0.0569209	0.116393
0.0779254	0.107916
0.0779146	0.112881
0.0845832	0.128323
0.0816943	0.131313
0.073985	0.134453
0.0679192	0.140345
0.0647811	0.139921
0.0657645	0.13829
0.0639342	0.139745
0.0443736	0.140909
0.0469643	0.139619
0.0450777	0.142195
0.0448771	0.145469
0.0488788	0.144462
0.0459845	0.142201
0.0472439	0.141677
0.0470391	0.139615
0.0502808	0.144143
0.0515363	0.153558
0.0430251	0.152524
0.0524997	0.161275
0.0562571	0.159034
0.0661766	0.153026
0.0637708	0.147575
0.0619784	0.147683
0.0648047	0.16064
0.0638819	0.156318
0.0533016	0.148949
0.0559977	0.156233
0.057271	0.150767
0.056129	0.148978
0.0593931	0.152705
0.0444552	0.158013
0.0345801	0.162974
0.0322279	0.159609
0.0198623	0.15061
0.0204077	0.16226
0.0197996	0.161359
0.0130435	0.15523
0.0163691	0.152513
0.0087032	0.158233
0.00283611	0.162446
-0.0145516	0.165939
-0.00827328	0.159789
-0.00863513	0.159895
-0.0184197	0.157228
-0.0138451	0.16347
-0.0205105	0.162728
-0.0203305	0.166172
-0.0146548	0.152132
-0.0290328	0.15922
-0.0418635	0.160159
-0.0449461	0.158328
-0.0354157	0.15353
-0.0475208	0.150554
-0.0570932	0.126163
-0.0879211	0.116909
-0.102821	0.103869
-0.105585	0.0982753
-0.117833	0.0885614
-0.125878	0.0819739
-0.14459	0.0791089
-0.145611	0.0760627
-0.158774	0.0638061
-0.141552	0.0525235
-0.144584	0.0511777
-0.150918	0.0536229
-0.146108	0.0438321
-0.133368	0.0480865
-0.145811	0.0545017
-0.151009	0.0566658
-0.154083	0.0554684
-0.146588	0.0523272
-0.145104	0.0475785
-0.148679	0.0398416
-0.151454	0.0357952
-0.14907	0.0271344
-0.155256	0.00843304
-0.152678	0.00364692
-0.152558	-0.00320651
-0.151311	0.00175926
-0.14673	0.00622528
-0.145263	0.00111603
-0.146682	-0.00343142
-0.148498	0.00744882
-0.160575	0.00649839
-0.156965	-0.000845533
-0.151131	-0.00666726
-0.150856	-0.0119437
-0.152862	-0.0169312
-0.144294	-0.0218693
-0.148458	-0.0308838
-0.146876	-0.0340385
-0.146269	-0.0378668
-0.145782	-0.0388912
-0.141148	-0.049718
-0.146591	-0.0458672
-0.125732	-0.0541483
-0.118638	-0.0626853
-0.118488	-0.077512
-0.116284	-0.0823729
-0.123786	-0.0881959
-0.125157	-0.0882319
-0.113528	-0.0797777
-0.115414	-0.0847053
-0.117529	-0.0902618
-0.122983	-0.100419
-0.137315	-0.0911585
-0.135653	-0.0964249
-0.128377	-0.0911319
-0.125531	-0.0926587
-0.12163	-0.0979299
-0.120863	-0.101338
-0.122605	-0.108394
-0.116619	-0.104106
-0.125859	-0.100088
-0.126131	-0.0991212
-0.124031	-0.10106
-0.127586	-0.107404
-0.106982	-0.117733
-0.107965	-0.110285
-0.114148	-0.126421
-0.110502	-0.123927
-0.0960273	-0.116386
-0.0996574	-0.116562
-0.101196	-0.114204
-0.0890609	-0.120872
-0.0874728	-0.125833
-0.0949691	-0.120162
-0.0917629	-0.122539
-0.0935813	-0.122712
-0.100665	-0.121057
-0.105308	-0.12687
-0.111552	-0.124014
-0.101915	-0.128756
-0.117075	-0.122163
-0.119964	-0.113692
-0.118485	-0.120428
-0.126437	-0.104514
-0.120811	-0.125905
-0.122804	-0.112307
-0.119404	-0.10295
-0.124844	-0.105117
-0.121405	-0.107652
-0.122818	-0.100742
-0.122962	-0.0970417
-0.120178	-0.102565
-0.119323	-0.0997635
-0.120816	-0.0743764
-0.127946	-0.0699598
-0.12908	-0.0688449
-0.130635	-0.0679718
-0.119839	-0.0730781
-0.130367	-0.0779345
-0.130825	-0.0812765
-0.128522	-0.078291
-0.140471	-0.0690739
-0.137794	-0.0619156
-0.129631	-0.0644917
-0.132696	-0.0633065
-0.134582	-0.0645523
-0.138902	-0.0622506
-0.152439	-0.074594
-0.145856	-0.0626026
-0.139587	-0.0550785
-0.141125	-0.0556143
-0.142816	-0.0554593
-0.127815	-0.0444244
-0.138632	-0.0552832
-0.143336	-0.0585591
-0.144007	-0.0614246
-0.147265	-0.0558831
-0.154388	-0.0641517
-0.153402	-0.0628627
-0.142348	-0.0528753
-0.146339	-0.0539801
-0.15011	-0.0551406
-0.151076	-0.0393771
-0.156774	-0.0325683
-0.15307	-0.0371333
-0.162611	-0.0445163
-0.170846	-0.0398523
-0.160969	-0.0392661
-0.169131	-0.0253523
-0.166229	-0.02566
-0.167439	-0.0236183
-0.166124	-0.0309713
-0.169236	-0.0340579
-0.165028	-0.028953
-0.17178	-0.0264922
-0.168156	-0.0233513
-0.165447	-0.0236443
-0.150893	-0.0274669
-0.166483	-0.0295455
-0.171303	-0.0342873
-0.168488	-0.030202
-0.1618	-0.0458376
-0.159009	-0.0450679
-0.156843	-0.0474328
-0.178326	-0.0403648
-0.166803	-0.042957
-0.165457	-0.0414934
-0.179605	-0.0386736
-0.173488	-0.0366009
-0.167788	-0.0388775
-0.164696	-0.0383171
-0.156475	-0.0385975
-0.158754	-0.0435561
-0.157065	-0.0432141
-0.158783	-0.0367009
-0.173367	-0.0398449
-0.159701	-0.0276075
-0.158732	-0.0296084
-0.156375	-0.0368294
-0.150208	-0.0322345
-0.156829	-0.0465248
-0.160161	-0.0536571
-0.159198	-0.0563293
-0.168824	-0.0496004
-0.164888	-0.0468862
-0.175976	-0.0288194
-0.178821	-0.0374164
-0.177031	-0.0377956
-0.147746	-0.0480237
-0.14796	-0.0450789
-0.162355	-0.0455567
-0.160733	-0.0526685
-0.16041	-0.05129
-0.165329	-0.0208638
-0.185943	-0.0292143
-0.179103	-0.0274886
-0.180025	-0.0210023
-0.171547	-0.025484
-0.168306	-0.026836
-0.160785	-0.0168292
-0.159473	-0.0203546
-0.159743	-0.0131514
-0.157288	-0.0104111
-0.152215	-0.012465
-0.147612	-0.015328
-0.136875	-0.0228151
-0.140623	-0.0268145
-0.14693	-0.0262595
-0.148163	-0.0287533
-0.14983	-0.0329002
-0.157605	-0.0439289
-0.156122	-0.0449738
-0.157187	-0.0463055
-0.156506	-0.0438429
-0.161479	-0.0395425
-0.140833	-0.0393544
-0.160198	-0.0359223
-0.155941	-0.0252216
-0.171334	-0.0367855
-0.166743	-0.0391815
-0.163598	-0.0405228
-0.162012	-0.0409429
-0.161922	-0.0381055
-0.162345	-0.0344698
-0.141665	-0.0463826
-0.141768	-0.0517837
-0.146417	-0.0574234
-0.141884	-0.0587925
-0.140878	-0.0645063
-0.13056	-0.0529373
-0.132323	-0.0517523
-0.129022	-0.0525249
-0.131937	-0.0551532
-0.133726	-0.0579916
-0.136496	-0.0625633
-0.132928	-0.0649082
-0.135851	-0.0612006
-0.142512	-0.0710401
-0.138503	-0.0726626
-0.138329	-0.0796111
-0.136227	-0.0749861
-0.13195	-0.0713773
-0.134673	-0.0739949
-0.125482	-0.083301
-0.135046	-0.0876047
-0.135762	-0.0883026
-0.13373	-0.0906362
-0.132351	-0.0927136
-0.137996	-0.0881663
-0.135606	-0.0859303
-0.134037	-0.0879129
-0.133544	-0.0934862
-0.132506	-0.093144
-0.131023	-0.0930266
-0.132456	-0.0823397
-0.133521	-0.0812757
-0.147101	-0.0776744
-0.142654	-0.0896088
-0.142351	-0.0864198
-0.142803	-0.0813118
-0.145763	-0.0872311
-0.157949	-0.0931273
-0.153938	-0.0967032
-0.150298	-0.094693
-0.147077	-0.0950726
-0.149508	-0.0897646
-0.147808	-0.0885203
-0.13746	-0.085267
-0.139145	-0.08253
-0.138589	-0.0851023
-0.131717	-0.0827551
-0.13036	-0.078795
-0.131946	-0.0819262
-0.129092	-0.0839383
-0.124797	-0.0873238
-0.128137	-0.0775329
-0.139013	-0.0735498
-0.137067	-0.0827834
-0.135324	-0.0793615
-0.133542	-0.0693442
-0.110731	-0.0659109
-0.117945	-0.0625019
-0.123702	-0.0661883
-0.109931	-0.0625463
-0.130426	-0.0659133
-0.144406	-0.0681168
-0.140621	-0.065017
-0.154228	-0.0800685
-0.138942	-0.0834259
-0.123672	-0.0658797
-0.131441	-0.0570907
-0.128816	-0.0699846
-0.134327	-0.0581214
-0.137526	-0.0597228
-0.137726	-0.0614216
-0.132893	-0.0622507
-0.139299	-0.0636395
-0.139411	-0.0557218
-0.141443	-0.0572209
-0.145495	-0.0582236
-0.153984	-0.0679841
-0.159378	-0.0623335
-0.156361	-0.0621603
-0.162048	-0.0587843
-0.157974	-0.0560534
-0.181388	-0.0601505
-0.177683	-0.064096
-0.172139	-0.0646535
-0.166149	-0.0727706
-0.152428	-0.0728515
-0.154938	-0.0761511
-0.146739	-0.0759105
-0.146647	-0.0732079
-0.137586	-0.0705764
-0.146657	-0.0691713
-0.146065	-0.0704279
-0.135935	-0.0750578
-0.135725	-0.0803758
-0.135603	-0.0828931
-0.134093	-0.0799925
-0.150947	-0.0540895
-0.159779	-0.0291901
-0.162504	-0.0120279
-0.153521	0.00752642
-0.153425	0.0121922
-0.146989	0.0194924
-0.150314	0.0228393
-0.151258	0.024909
-0.137756	0.0167467
-0.147818	0.0429532
-0.15218	0.0398771
-0.155913	0.0376496
-0.153775	0.0393792
-0.153315	0.0392919
-0.178697	0.0438532
-0.175664	0.0431346
-0.166994	0.0309905
-0.165633	0.0319505
-0.158533	0.0465295
-0.143573	0.0559378
-0.142426	0.0583531
-0.145117	0.0593682
-0.147757	0.0649029
-0.158155	0.0902589
-0.153619	0.0891068
-0.153953	0.0907439
-0.146534	0.0805512
-0.148596	0.0782956
-0.142933	0.0801104
-0.148159	0.0678603
-0.155662	0.0598768
-0.155863	0.0440352
-0.15558	0.0436901
-0.156988	0.0616345
-0.142098	0.0687126
-0.141904	0.0678658
-0.137765	0.0621557
-0.144142	0.0692083
-0.138719	0.0731251
-0.134319	0.063781
-0.141095	0.0625786
-0.142482	0.0512928
-0.141693	0.0509536
-0.157993	0.0457785
-0.151757	0.057274
-0.14992	0.0593476
-0.153342	0.0477753
-0.162175	0.0507804
-0.164728	0.0496906
-0.156959	0.0459719
-0.157343	0.0473643
-0.156084	0.0466805
-0.161638	0.0464191
-0.157127	0.0442329
-0.143403	0.0378221
-0.147566	0.0375356
-0.144596	0.0343265
-0.146494	0.03625
-0.13792	0.0273214
-0.14882	0.0343949
-0.149556	0.0352708
-0.136793	0.0313078
-0.11957	0.0300953
-0.126635	0.0339071
-0.13242	0.0351266
-0.136103	0.036251
-0.132592	0.0389527
-0.145493	0.039939
-0.152885	0.0427118
-0.150479	0.0354478
-0.149151	0.045067
-0.149294	0.0486244
-0.152835	0.0398853
-0.15597	0.0420672
-0.143344	0.0354579
-0.136035	0.0293265
-0.14242	0.0302452
-0.149421	0.0206779
-0.1491	0.0238958
-0.145103	0.0356709
-0.138995	0.0387163
-0.141046	0.0387881
-0.146287	0.0296005
-0.156471	0.0388292
-0.150404	0.0401182
-0.150398	0.042742
-0.154553	0.0486815
-0.155619	0.0485526
-0.154864	0.0447587
-0.146084	0.0549847
-0.139879	0.0592521
-0.146592	0.0661837
-0.152102	0.0612496
-0.15491	0.0609666
-0.164104	0.0630929
-0.161347	0.0576848
-0.159299	0.0547626
-0.163432	0.0444033
-0.166216	0.0394007
-0.169809	0.0465273
-0.171919	0.0479212
-0.156564	0.0580803
-0.152824	0.0625805
-0.152585	0.0557007
-0.151885	0.0531288
-0.159063	0.0471392
-0.170807	0.0415718
-0.168676	0.02986
-0.163356	0.0311696
-0.162185	0.0345116
-0.159583	0.0359304
-0.16665	0.0369879
-0.167399	0.0441859
-0.169025	0.039775
-0.156538	0.0315433
-0.154732	0.0337066
-0.157873	0.0380884
-0.152672	0.0424577
-0.151163	0.0418312
-0.139269	0.037463
-0.136068	0.0353943
-0.136217	0.0465521
-0.139299	0.051449
-0.141929	0.0474174
-0.143254	0.0402337
-0.140316	0.0428017
-0.1469	0.0397931
-0.154316	0.0254658
-0.153304	0.0278253
-0.157325	0.0249517
-0.155827	0.0388777
-0.155389	0.0372723
-0.164522	0.0352206
-0.162031	0.0381922
-0.168683	0.0250615
-0.164064	0.0406334
-0.17219	0.0315003
-0.164135	0.0465196
-0.159731	0.0460705
-0.158074	0.0413383
-0.150651	0.0324656
-0.15695	0.0398869
-0.136961	0.0549366
-0.14304	0.0482042
-0.139794	0.0343911
-0.137774	0.0398337
-0.137394	0.0391221
-0.15298	0.0435007
-0.150479	0.0499376
-0.151772	0.0501888
-0.148192	0.0424297
-0.158125	0.0479832
-0.155778	0.0349901
-0.161183	0.0293914
-0.145846	0.0499473
-0.138895	0.0590845
-0.142108	0.0513577
-0.144344	0.0386639
-0.140064	0.0259737
-0.142616	0.0411046
-0.140759	0.0404503
-0.136053	0.0563658
-0.136478	0.0492147
-0.154064	0.0440339
-0.153347	0.0414226
-0.150248	0.0424626
-0.145684	0.0521589
-0.17039	0.0244945
-0.164617	0.012646
-0.16631	-0.00107966
-0.16091	-0.0200629
-0.159298	-0.0448169
-0.164402	-0.0600908
-0.15884	-0.0866096
-0.152855	-0.0932876
-0.140926	-0.0999558
-0.131781	-0.108069
-0.108744	-0.104494
-0.0958344	-0.118791
-0.086944	-0.125651
-0.0841739	-0.130913
-0.0720142	-0.150631
-0.0752726	-0.146401
-0.066344	-0.146524
-0.058252	-0.141998
-0.0430259	-0.157083
-0.0356421	-0.151129
-0.0289074	-0.153296
-0.028447	-0.159748
-0.0280713	-0.159739
-0.0276826	-0.163992
-0.00902376	-0.155155
-0.00528952	-0.163017
-0.00161879	-0.160626
0.00871915	-0.154448
-0.0014783	-0.170901
0.00151709	-0.168475
0.00516027	-0.141597
0.00169312	-0.144581
-0.00345661	-0.151795
-0.0048794	-0.142872
-0.00517068	-0.146998
-0.00372456	-0.149193
-0.00390849	-0.150495
-0.00077273	-0.147257
0.00727902	-0.151791
0.0104667	-0.144702
0.00126962	-0.139251
0.00358663	-0.14305
0.0122648	-0.153542
0.0134263	-0.152438
0.0115367	-0.144386
0.00825924	-0.145261
0.00322126	-0.132617
0.0132783	-0.137392
0.0160664	-0.135979
0.0177311	-0.140639
0.0328695	-0.119209
0.0464132	-0.131246
0.0523812	-0.13149
0.052291	-0.139705
0.0605826	-0.159866
0.0603084	-0.156682
0.0602273	-0.158889
0.0599567	-0.156453
0.0563209	-0.154545
0.056796	-0.159396
0.0587597	-0.155978
0.0574488	-0.15892
0.0594795	-0.155767
0.0564315	-0.154567
0.0718798	-0.154704
0.0684216	-0.158772
0.0654973	-0.160033
0.0740884	-0.145944
0.0741487	-0.147684
0.0726158	-0.145029
0.0865577	-0.140819
0.0742487	-0.138634
0.0778581	-0.141361
0.0799374	-0.149112
0.0625114	-0.154461
0.0612358	-0.157512
0.0679884	-0.159998
0.0654569	-0.153224
0.0595263	-0.161104
0.0540159	-0.157145
0.0474164	-0.165455
0.0492081	-0.177172
0.0630485	-0.175996
0.0683891	-0.168005
0.0728909	-0.15867
0.0592584	-0.153089
0.0562734	-0.144615
0.0539318	-0.144692
0.0548387	-0.144395
0.0530916	-0.142748
0.0550565	-0.138873
0.0447464	-0.15297
0.0474426	-0.153588
0.0515424	-0.136545
0.0523331	-0.139091
0.0361178	-0.132695
0.0395766	-0.138035
0.0424555	-0.14082
0.0426045	-0.145652
0.0266627	-0.147096
0.0309246	-0.135452
0.0320778	-0.142311
0.0359755	-0.144976
0.0425357	-0.144794
0.0584162	-0.15202
0.051664	-0.14169
0.0595782	-0.135778
0.0595929	-0.136005
0.0507259	-0.129359
0.0534345	-0.130378
0.0516922	-0.140382
0.057327	-0.136982
0.058518	-0.136066
0.0669242	-0.130763
0.071678	-0.131942
0.0791736	-0.144522
0.0704714	-0.144323
0.0531651	-0.140197
0.0590328	-0.146062
0.0538575	-0.145306
0.0532772	-0.1269
0.055032	-0.134683
0.051699	-0.142462
0.0498944	-0.150165
0.0416154	-0.152077
0.0339414	-0.152312
0.0384665	-0.152327
0.0286248	-0.158526
0.019839	-0.180068
0.0204886	-0.175325
0.0181003	-0.16842
0.0144465	-0.168299
0.0166057	-0.16214
0.0180849	-0.170468
0.0183992	-0.166036
0.018474	-0.164246
0.0270598	-0.164831
0.037748	-0.184515
0.0195814	-0.179487
0.0281907	-0.162082
0.0307503	-0.167466
0.0328405	-0.161879
0.0287993	-0.158383
0.0302412	-0.152914
0.0244952	-0.155977
0.0247003	-0.162797
0.0179936	-0.157295
0.00536077	-0.145752
0.00524748	-0.147512
0.010375	-0.16186
0.0062217	-0.161789
-0.00762459	-0.155787
-0.0109015	-0.1714
-0.0145151	-0.164654
-0.0131377	-0.162665
-0.0116773	-0.159999
-0.0123506	-0.171759
-0.0139629	-0.163358
-0.017806	-0.157746
-0.0164566	-0.157614
-0.0235822	-0.155055
-0.0192746	-0.157204
-0.0127816	-0.150052
-0.00704348	-0.153783
-0.0210974	-0.151224
-0.0200125	-0.152508
-0.0382999	-0.162861
-0.0351734	-0.159064
-0.0324094	-0.154433
-0.0309383	-0.15343
-0.0421509	-0.14846
-0.0476922	-0.153811
-0.0350493	-0.154633
-0.0319902	-0.154238
-0.0309533	-0.154342
-0.0356838	-0.163312
-0.0414105	-0.152665
-0.0312252	-0.161472
-0.0319341	-0.160601
-0.0203684	-0.168132
-0.0203765	-0.16564
-0.028376	-0.167454
-0.016382	-0.160233
-0.0108006	-0.134327
-0.0177991	-0.14017
-0.0120304	-0.151429
-0.0171098	-0.158814
-0.0315971	-0.156364
-0.0215234	-0.154132
-0.0371147	-0.160295
-0.0343516	-0.161834
-0.0355447	-0.182352
-0.0375579	-0.175959
-0.0364856	-0.180153
-0.0358333	-0.178481
-0.0311995	-0.172784
-0.016938	-0.171639
-0.0185778	-0.159703
-0.00577591	-0.16525
0.00154649	-0.157889
0.00835111	-0.161215
0.00805002	-0.160153
0.00533301	-0.15994
0.00582395	-0.160049
0.0107096	-0.158007
0.0452065	-0.161485
0.041706	-0.161044
0.0295285	-0.154724
0.0337478	-0.142233
0.0388486	-0.137392
0.0308167	-0.143531
0.0376805	-0.148254
0.030082	-0.148857
0.0292498	-0.139026
0.0323794	-0.146027
0.0443367	-0.135142
0.048854	-0.141843
0.0500523	-0.143524
0.0498848	-0.149639
0.0577228	-0.134709
0.0595051	-0.127137
0.0455381	-0.122931
0.0511405	-0.123141
0.0501165	-0.138753
0.0449402	-0.139923
0.0510975	-0.113588
0.05545	-0.120862
0.0568078	-0.127279
0.069343	-0.129282
0.0729119	-0.136004
0.0576535	-0.142109
0.0704232	-0.141177
0.0689296	-0.141223
0.0831905	-0.143587
0.0816073	-0.14511
0.0685656	-0.135897
0.0674939	-0.139438
0.0674163	-0.140094
0.0680662	-0.13984
0.0641927	-0.140717
0.0651992	-0.139452
0.0650577	-0.141171
0.064779	-0.140731
0.0684333	-0.142064
0.0662999	-0.143872
0.0652277	-0.145322
0.0646949	-0.146579
0.061397	-0.144053
0.061744	-0.144592
0.0543834	-0.153971
0.0661227	-0.150458
0.0641254	-0.146977
0.0808643	-0.148203
0.0773997	-0.155314
0.0663702	-0.163813
0.0719649	-0.154445
0.0847254	-0.143728
0.083121	-0.141395
0.0853653	-0.147129
0.0828559	-0.148658
0.0683905	-0.154748
0.0653466	-0.146877
0.0613586	-0.143869
0.0659171	-0.146505
0.0595119	-0.14494
0.0658475	-0.135438
0.05308	-0.142906
0.0533266	-0.144176
0.0509669	-0.133382
0.0546109	-0.147313
0.0425893	-0.147618
0.0370878	-0.15223
0.0397788	-0.149314
0.039839	-0.149808
0.0387993	-0.148676
0.0390521	-0.149887
0.0202235	-0.15068
0.0226884	-0.155939
0.0253195	-0.152967
0.0250291	-0.150444
0.0248091	-0.149678
0.0305273	-0.150659
0.0308156	-0.151359
0.0225942	-0.152959
0.0227134	-0.141002
0.0116605	-0.144332
0.00735986	-0.131719
0.00959605	-0.137276
0.0281349	-0.119805
0.0286355	-0.128588
0.0277233	-0.135061
0.0298824	-0.14039
0.0319101	-0.141623
0.0220667	-0.136049
0.0283629	-0.143514
0.0307672	-0.14997
0.0389205	-0.15839
0.0413892	-0.152564
0.0437655	-0.15874
0.0427241	-0.153082
0.0422638	-0.152915
0.0384648	-0.150966
0.0333286	-0.148616
0.0317782	-0.146194
0.0316836	-0.147825
0.0305108	-0.149726
0.0274503	-0.154705
0.0422754	-0.151167
0.0401689	-0.150344
0.0407435	-0.151098
0.0425837	-0.150112
0.0369412	-0.150895
0.0409161	-0.142462
0.0436508	-0.150435
0.0411348	-0.13554
0.0419682	-0.138325
0.0387175	-0.154949
0.0372956	-0.153569
0.0386788	-0.150449
0.0306607	-0.154014
0.0277236	-0.155609
0.0329074	-0.160822
0.0285567	-0.165436
0.0310154	-0.160409
0.0195414	-0.164843
0.015341	-0.174906
0.0106732	-0.167242
0.0136036	-0.173208
0.0137778	-0.147333
0.0103043	-0.14679
0.0242541	-0.140486
0.0311871	-0.149127
0.0323149	-0.151017
0.0390296	-0.156468
0.0383419	-0.152348
0.0568527	-0.153201
0.0563911	-0.151256
0.0569111	-0.154107
0.0602909	-0.170388
0.0618988	-0.165766
0.0710364	-0.169641
0.0652996	-0.164949
0.0637618	-0.170896
0.0621112	-0.174595
0.0676933	-0.165728
0.0596397	-0.15796
0.0467614	-0.153492
0.0392617	-0.153086
0.0423909	-0.138449
0.0297017	-0.150939
0.0145332	-0.158305
0.0110522	-0.157912
0.0181332	-0.157432
0.0103074	-0.161697
0.00817704	-0.158946
0.00995125	-0.169428
0.00914525	-0.165421
0.006756	-0.16017
0.0083709	-0.155464
-0.01242	-0.168875
-0.0127069	-0.168159
-0.0133613	-0.162106
-0.0135409	-0.172076
-0.0119097	-0.16932
-0.00764955	-0.169855
-0.00772577	-0.17981
-0.00762201	-0.175544
0.000892241	-0.163205
-0.00518372	-0.156207
-0.00810921	-0.154448
-0.0112892	-0.149064
-0.0226809	-0.145451
-0.0156218	-0.14807
-0.03085	-0.151502
-0.0296916	-0.149477
-0.052003	-0.137662
-0.055516	-0.138728
-0.0505564	-0.126222
-0.0461439	-0.128049
-0.0433158	-0.14154
-0.0404387	-0.148309
-0.0368448	-0.148696
-0.0317254	-0.148304
-0.0243618	-0.147213
-0.029664	-0.153513
-0.0266653	-0.154117
-0.010749	-0.156075
-0.0135526	-0.170888
-0.0149133	-0.166169
-0.0146203	-0.165173
-0.0134496	-0.166675
-0.0174019	-0.176609
-0.0234062	-0.175262
-0.0219328	-0.172173
-0.0182254	-0.165195
-0.0266333	-0.166807
-0.0297574	-0.15582
-0.0253157	-0.160752
-0.0193322	-0.158427
-0.013219	-0.162094
-0.0230725	-0.16607
-0.0214975	-0.160143
-0.0240663	-0.162696
-0.0142413	-0.160505
-0.0169479	-0.160662
-0.0115638	-0.151191
-0.0211953	-0.160788
-0.0223961	-0.161034
-0.0322225	-0.154879
-0.040607	-0.159369
-0.0372975	-0.159195
-0.0306702	-0.157591
-0.0252139	-0.158207
-0.0354487	-0.175506
-0.0125629	-0.182129
-0.00146823	-0.165651
0.000742864	-0.167804
-0.0145933	-0.160127
-0.02951	-0.142474
-0.0275668	-0.159314
-0.0249013	-0.161169
-0.0218649	-0.14749
-0.0350553	-0.161539
-0.0291369	-0.152068
-0.0176306	-0.150604
-0.0161903	-0.151717
-0.0108424	-0.147292
-0.0136176	-0.145614
-0.0118211	-0.149631
-0.00185633	-0.155366
-0.00844691	-0.172097
-0.0147986	-0.162899
-0.00761678	-0.152492
-0.00507559	-0.164478
-0.00468505	-0.16774
-0.00205989	-0.171233
-0.0092587	-0.157925
0.00581975	-0.164596
0.011395	-0.154666
0.0286626	-0.130956
0.0271068	-0.130978
0.0209816	-0.138427
0.0214172	-0.137819
0.0201975	-0.130526
0.0148658	-0.140534
0.0119957	-0.144135
0.0093277	-0.155277
0.0104782	-0.158148
0.00457697	-0.156994
0.0022932	-0.154874
-0.00168959	-0.165247
0.00752789	-0.165712
-0.00124165	-0.152762
-0.00458386	-0.166709
-0.000685489	-0.158987
-0.00268694	-0.158867
-0.00594479	-0.152226
-0.000578506	-0.15353
-0.0121813	-0.154314
-0.0158595	-0.155301
-0.0183323	-0.143056
-0.0297977	-0.141787
-0.0349955	-0.144996
-0.021484	-0.159155
-0.0110435	-0.153036
-0.00935186	-0.153785
-0.0105446	-0.155441
-0.037555	-0.140679
-0.0185899	-0.149635
-0.0109293	-0.154961
0.0248047	-0.21924
0.0256672	-0.208663
0.0150616	-0.191906
0.0269759	-0.183139
0.0264187	-0.184403
0.016094	-0.177383
0.0151438	-0.169151
0.0153511	-0.172524
0.0158708	-0.169472
0.0180481	-0.176318
0.030373	-0.179538
0.029961	-0.183727
0.028692	-0.179131
0.0315356	-0.156939
0.0291414	-0.157828
0.0540457	-0.151447
0.0580847	-0.156034
0.0668398	-0.147149
0.0618161	-0.140961
0.0821757	-0.126415
0.0921104	-0.117697
0.0771878	-0.108638
0.063621	-0.107686
0.0694104	-0.111207
0.0743918	-0.116165
0.0997267	-0.11905
0.0956454	-0.118681
0.0997301	-0.116374
0.0886348	-0.110194
0.0968588	-0.129249
0.0941548	-0.134007
0.0945175	-0.132539
0.0974784	-0.123755
0.0903173	-0.123164
0.0857639	-0.128063
0.0932937	-0.129616
0.105638	-0.115985
0.104596	-0.113643
0.104144	-0.111926
0.105069	-0.112054
0.109932	-0.108431
0.113375	-0.10935
0.122979	-0.128636
0.12614	-0.139282
0.122406	-0.118354
0.113164	-0.105873
0.12793	-0.10864
0.112411	-0.114343
0.113527	-0.112634
0.123472	-0.11239
0.11828	-0.113442
0.112654	-0.103007
0.108039	-0.105664
0.11972	-0.0749089
0.124385	-0.0744708
0.126254	-0.0833328
0.132619	-0.0852927
0.135381	-0.0960085
0.132353	-0.0837381
0.123276	-0.0864723
0.122723	-0.0846392
0.125518	-0.0814043
0.126724	-0.065069
0.12282	-0.0607667
0.128317	-0.064097
0.137884	-0.056743
0.144143	-0.0569577
0.158176	-0.0533817
0.168588	-0.0537923
0.180278	-0.0473762
0.174289	-0.0473724
0.17234	-0.053068
0.161414	-0.0485926
0.157671	-0.0469658
0.154825	-0.0486869
0.154851	-0.0491579
0.148759	-0.0511306
0.15682	-0.0483787
0.153182	-0.0540175
0.150801	-0.0504378
0.157319	-0.0449042
0.155982	-0.032435
0.160187	-0.026384
0.159095	-0.0257877
0.166023	-0.025296
0.18516	-0.0197655
0.179169	-0.0129527
0.173894	-0.0134573
0.1708	-0.0098446
0.170619	0.00340621
0.171054	0.00491941
0.166152	0.0111005
0.163066	0.00802228
0.163993	0.00795695
0.162211	-0.00857943
0.14772	-0.0108713
0.148891	-0.0114463
0.148098	-0.010326
0.149942	-0.0102487
0.158899	-0.0271493
0.164132	-0.0186636
0.161903	-0.00308541
0.155436	-0.00166641
0.152495	0.000224173
0.1657	0.00877019
0.170895	0.0201801
0.155819	0.0112017
0.153277	0.0141598
0.176034	0.00749546
0.173435	0.00298443
0.177561	-0.00126204
0.181115	0.00478526
0.180734	0.0107584
0.182216	0.0198936
0.182162	0.0317088
0.149642	0.0356385
0.136711	0.0436462
0.144074	0.0350255
0.145755	0.0314859
0.152477	0.0222783
0.154698	0.0358609
0.158518	0.0407538
0.166541	0.0309603
0.155986	0.0418095
0.154199	0.0412558
0.155843	0.0591042
0.169284	0.0559277
0.166057	0.0587629
0.162491	0.0569691
0.157911	0.0584906
0.149707	0.0644847
0.150818	0.0678486
0.153032	0.0654761
0.1511	0.0693917
0.149503	0.0670541
0.13802	0.0706764
0.143341	0.0700632
0.144839	0.0664674
0.136785	0.0710319
0.138216	0.0689255
0.139851	0.0682386
0.137325	0.0602388
0.138291	0.0626895
0.143435	0.0602219
0.144604	0.0596675
0.145655	0.0580335
0.157965	0.0693197
0.137669	0.0662327
0.143911	0.0618473
0.144088	0.048473
0.143803	0.0433886
0.144555	0.0503903
0.147476	0.0466509
0.153175	0.0335296
0.155967	0.0310616
0.159291	0.041118
0.165596	0.0357593
0.161154	0.0315043
0.163014	0.030774
0.162016	0.0254839
0.167522	0.0133313
0.162503	0.0214604
0.164016	0.025414
0.147786	0.0236414
0.145521	0.0180002
0.147734	0.0173152
0.150368	0.0174573
0.146709	0.0243067
0.147299	0.0255185
0.147119	0.0227458
0.149823	0.0291921
0.145459	0.0273434
0.148757	0.0358002
0.144752	0.045165
0.14758	0.0399696
0.147418	0.0391221
0.142932	0.0473783
0.147278	0.0388617
0.143745	0.0348721
0.146855	0.0322738
0.149174	0.028289
0.152571	0.0240129
0.161642	0.0246034
0.158048	0.0199967
0.153954	0.0212892
0.156437	0.0278322
0.152523	0.0228111
0.154325	0.00699537
0.154254	0.0124071
0.151757	0.0163629
0.144829	0.025926
0.147431	0.0254967
0.148445	0.0246012
0.15458	0.0159816
0.161657	0.00680457
0.151185	0.0115087
0.150285	0.0150736
0.131513	0.0321595
0.127827	0.0215116
0.154381	0.0199698
0.156616	0.0189257
0.158928	0.01788
0.154802	0.0272128
0.157942	0.0149442
0.163562	-0.000871214
0.136925	0.00154024
0.149411	-0.00609232
0.153932	0.00469908
0.153767	0.0031654
0.151624	0.00988569
0.154961	0.0106776
0.142728	0.00791688
0.145129	0.0132226
0.147479	0.0125662
0.158338	0.0190696
0.169255	0.0138113
0.155652	0.0218603
0.164829	0.0208868
0.162844	0.00547835
0.170543	0.0111754
0.186257	0.0119227
0.179253	0.0117813
0.172884	0.00783322
0.165745	0.0258047
0.164591	0.0228411
0.179177	0.0113419
0.174752	0.00883555
0.160365	0.0133622
0.160709	0.0124212
0.170386	0.0210125
0.164093	0.0202061
0.162609	0.015925
0.166339	0.00599457
0.159802	0.00324778
0.150392	2.01096e-06
0.146332	-0.00410406
0.161102	-0.0157535
0.179592	-0.0161065
0.164836	-0.0167553
0.182395	-0.0165199
0.175254	-0.0161043
0.169038	-0.0120657
0.171491	-0.00196037
0.170993	-0.00981383
0.178388	-0.0220722
0.160965	-0.0110683
0.157899	-0.0192778
0.15548	-0.0218679
0.161952	-0.0238247
0.162833	-0.0255482
0.173379	-0.0496695
0.166717	-0.0571057
0.16288	-0.0600998
0.158101	-0.0603888
0.153735	-0.0646698
0.148419	-0.0668108
0.130661	-0.0563423
0.13054	-0.0610375
0.138153	-0.073163
0.127923	-0.0673362
0.125739	-0.0631846
0.126821	-0.0657249
0.129866	-0.0684403
0.128298	-0.0675877
0.132636	-0.0717483
0.130625	-0.0694671
0.135567	-0.0537136
0.126616	-0.0352555
0.127501	-0.0200689
0.138507	-0.0206635
0.131181	-0.0166142
0.132425	-0.0203552
0.131094	-0.0221388
0.125592	-0.00707662
0.136739	-0.00510786
0.14625	-0.00339844
0.148568	0.00420521
0.145578	0.00263878
0.145544	0.0036217
0.160212	-0.00295479
0.153721	-0.00675242
0.15198	-0.00767013
0.150285	-0.00379816
0.150832	0.00115883
0.15499	0.00649548
0.156175	0.00862724
0.158202	0.00875939
0.159896	0.0207341
0.165964	0.0218378
0.165704	0.019785
0.165162	0.0191024
0.163659	0.0184828
0.161055	0.0207726
0.160457	0.0140326
0.157599	0.0102044
0.157606	0.00959466
0.155483	0.0097149
0.146446	0.0267418
0.149191	0.0258948
0.153995	0.0292904
0.143431	0.0395737
0.144686	0.0379146
0.15543	0.0381639
0.161369	0.0384317
0.159079	0.0432323
0.158146	0.0425203
0.162984	0.0449466
0.158248	0.0438308
0.154306	0.0462674
0.151177	0.0481608
0.142881	0.0443331
0.139654	0.0433618
0.132042	0.0389687
0.148197	0.0450904
0.143761	0.0480558
0.150905	0.0522215
0.14187	0.027182
0.150283	0.0436492
0.146385	0.0336398
0.138125	0.0356271
0.148307	0.0450148
0.148556	0.0418912
0.145009	0.0423383
0.14626	0.044008
0.162216	0.0300441
0.151158	0.0271432
0.154944	0.0301697
0.149456	0.0271538
0.154818	0.0267817
0.147286	0.0265546
0.162666	0.0297228
0.161963	0.0279933
0.159608	0.0226548
0.161515	0.0277554
0.168223	0.0333102
0.157803	0.0339258
0.152703	0.0339704
