0.994935	0.00518633
0.990011	0.0102293
0.985285	0.0154863
0.980458	0.0213226
0.975948	0.0273359
0.971967	0.0335755
0.96792	0.0403501
0.964312	0.0460091
0.960796	0.0518808
0.956518	0.0582936
0.95254	0.0652317
0.948618	0.0720099
0.945763	0.0786051
0.943467	0.0857928
0.941281	0.0935323
0.939588	0.101418
0.937557	0.108747
0.936053	0.116279
0.935237	0.123598
0.935129	0.131457
0.935136	0.139834
0.935369	0.14774
0.936165	0.155616
0.937022	0.164382
0.937767	0.172754
0.93894	0.18081
0.940996	0.188725
0.943466	0.195905
0.946148	0.203106
0.949589	0.210403
0.952854	0.217811
0.956145	0.225644
0.959814	0.233166
0.963057	0.239935
0.966459	0.246732
0.969735	0.25344
0.974006	0.260233
0.978109	0.266425
0.982293	0.272571
0.986833	0.27804
0.991637	0.283466
0.996488	0.288949
1.00021	0.294263
1.00399	0.299681
1.0077	0.305037
1.011	0.31003
1.01463	0.315308
1.01854	0.320754
1.02258	0.326215
1.02648	0.331633
1.03046	0.336941
1.03517	0.341851
1.04008	0.346524
1.04495	0.351282
1.05051	0.355685
1.0559	0.36056
1.0612	0.365323
1.06667	0.370029
1.07249	0.374846
1.07739	0.379603
1.08314	0.384868
1.08938	0.389737
1.09586	0.393713
1.10291	0.397956
1.11008	0.402124
1.11759	0.406123
1.12494	0.409919
1.13256	0.413703
1.14009	0.417544
1.14715	0.422203
1.15402	0.427162
1.16097	0.43273
1.16707	0.438287
1.17347	0.444493
1.17985	0.450507
1.18617	0.45704
1.19263	0.462933
1.19925	0.468693
1.20546	0.474107
1.21165	0.479297
1.21813	0.48423
1.22487	0.489397
1.23147	0.494856
1.23777	0.499968
1.24403	0.504886
1.25054	0.508996
1.25707	0.513126
1.2639	0.517472
1.27079	0.521764
1.27687	0.52654
1.28326	0.531841
1.28927	0.536896
1.2951	0.542542
1.30107	0.548241
1.30685	0.553587
1.3125	0.558853
1.31911	0.563581
1.32608	0.568154
1.33298	0.572796
1.33995	0.577778
1.34671	0.582953
1.35314	0.588207
1.35967	0.593042
1.36617	0.597968
1.37265	0.602814
1.37874	0.607259
1.38487	0.611774
1.39191	0.616287
1.3988	0.62061
1.4055	0.624976
1.41246	0.628888
1.41924	0.632739
1.42607	0.636601
1.43275	0.640448
1.43943	0.644616
1.44656	0.648833
1.45331	0.653172
1.46012	0.657381
1.46602	0.661872
1.47205	0.666358
1.47768	0.670681
1.48307	0.675423
1.48865	0.680194
1.49506	0.685533
1.50124	0.690802
1.50722	0.696082
1.5132	0.701123
1.51946	0.706327
1.52616	0.711885
1.53268	0.717709
1.53923	0.723501
1.54566	0.729217
1.55187	0.735002
1.55801	0.74074
1.56327	0.746198
1.56847	0.751703
1.57375	0.757066
1.57786	0.762889
1.58245	0.768657
1.58722	0.774417
1.59201	0.780154
1.5967	0.785813
1.60172	0.791237
1.60757	0.796175
1.61369	0.801068
1.61986	0.805922
1.62564	0.810624
1.63193	0.815315
1.63817	0.820357
1.64468	0.82549
1.65108	0.830633
1.65747	0.835715
1.66402	0.840613
1.67029	0.845013
1.67599	0.849906
1.68153	0.854699
1.6872	0.859537
1.69313	0.865409
1.69955	0.871353
1.7066	0.8775
1.71354	0.883492
1.72064	0.889643
1.7275	0.895455
1.73395	0.901146
1.74036	0.906303
1.74716	0.910596
1.75421	0.915076
1.76118	0.919505
1.76791	0.92388
1.77466	0.928253
1.78147	0.932658
1.78827	0.937012
1.79486	0.941173
1.80148	0.94532
1.80824	0.949867
1.81574	0.954618
1.82321	0.959348
1.8304	0.963759
1.83706	0.968953
1.84364	0.974044
1.84988	0.979722
1.8564	0.985375
1.86307	0.991212
1.87109	0.997166
1.87856	1.00329
1.88574	1.00917
1.89268	1.01479
1.89957	1.02015
1.90539	1.02491
1.91163	1.02987
1.91635	1.03412
1.92205	1.03881
1.92815	1.04399
1.93424	1.04915
1.93985	1.05434
1.94517	1.05961
1.95164	1.0645
1.95792	1.07034
1.9641	1.07599
1.97053	1.08124
1.97595	1.08594
1.9817	1.09041
1.98799	1.09446
1.99397	1.09974
2.00055	1.10566
2.00667	1.1119
2.01296	1.11757
2.01922	1.12331
2.02546	1.12892
2.03167	1.13444
2.03799	1.13982
2.04425	1.14502
2.05054	1.15023
2.05687	1.15534
2.06328	1.15992
2.06969	1.16464
2.07608	1.16937
2.08318	1.17462
2.0896	1.17949
2.09531	1.18426
2.10117	1.18898
2.10739	1.19378
2.11384	1.19808
2.12035	1.20238
2.12696	1.20682
2.13419	1.21144
2.1413	1.21594
2.14836	1.22043
2.15497	1.22475
2.16228	1.22955
2.16981	1.2343
2.17669	1.2393
2.18368	1.24499
2.19052	1.25052
2.19732	1.2559
2.20428	1.26093
2.21176	1.26609
2.21926	1.27165
2.22645	1.27689
2.23283	1.2818
2.23912	1.28631
2.24543	1.29087
2.25282	1.29545
2.25946	1.30028
2.26586	1.30449
2.27281	1.30823
2.27969	1.31205
2.28658	1.31529
2.29351	1.31849
2.30045	1.32177
2.30741	1.32507
2.31475	1.32837
2.32233	1.33134
2.32959	1.33472
2.33673	1.33811
2.34352	1.34068
2.35041	1.34332
2.35724	1.34587
2.36391	1.34846
2.37029	1.35052
2.3777	1.35213
2.38516	1.35435
2.39275	1.3567
2.40056	1.35913
2.40771	1.36143
2.41486	1.36384
2.42287	1.3665
2.43004	1.36901
2.43722	1.37112
2.44399	1.37354
2.45152	1.37648
2.45929	1.37997
2.4676	1.3841
2.47549	1.388
2.48324	1.39166
2.49086	1.39531
2.49846	1.3991
2.50593	1.40287
2.51442	1.40739
2.52322	1.41155
2.53169	1.41569
2.53964	1.41938
2.54785	1.42356
2.5558	1.42767
2.56365	1.43167
2.57062	1.43648
2.57721	1.44078
2.58334	1.44482
2.58916	1.44878
2.59476	1.45293
2.60068	1.45699
2.60673	1.46112
2.61303	1.46506
2.61998	1.46987
2.62694	1.47456
2.63395	1.47915
2.64115	1.48385
2.64839	1.48844
2.65538	1.4925
2.66272	1.49649
2.67067	1.50069
2.67849	1.50492
2.6857	1.50927
2.69301	1.51401
2.70063	1.51861
2.70822	1.5226
2.71576	1.5263
2.72331	1.52985
2.73092	1.5335
2.73861	1.53659
2.74646	1.53949
2.7543	1.54251
2.7616	1.54518
2.7684	1.54766
2.77491	1.54946
2.78145	1.55157
2.78854	1.55399
2.79564	1.55652
2.80357	1.55925
2.81139	1.56206
2.81887	1.56497
2.82566	1.56799
2.83248	1.57119
2.84035	1.5753
2.84812	1.57934
2.8559	1.58401
2.86347	1.58858
2.871	1.5929
2.87776	1.59676
2.8852	1.60028

-2.88687	1.60453
-2.8791	1.60835
-2.86996	1.6096
-2.86072	1.60989
-2.85207	1.60888
-2.84391	1.60765
-2.83558	1.60642
-2.82734	1.60507
-2.81931	1.60431
-2.81095	1.60354
-2.80293	1.60218
-2.79525	1.60033
-2.78796	1.59814
-2.78045	1.59552
-2.77286	1.59222
-2.76524	1.58886
-2.75811	1.58537
-2.75078	1.58179
-2.74368	1.57833
-2.7369	1.57479
-2.73021	1.571
-2.72314	1.56677
-2.71616	1.56169
-2.70918	1.55656
-2.70234	1.55195
-2.69568	1.54697
-2.6891	1.54264
-2.68252	1.53809
-2.67653	1.53359
-2.67043	1.5291
-2.66442	1.52408
-2.65755	1.51742
-2.65079	1.5108
-2.64459	1.50451
-2.63789	1.49869
-2.63156	1.49178
-2.62509	1.48435
-2.61968	1.47691
-2.61393	1.46912
-2.6083	1.46167
-2.60305	1.45416
-2.59783	1.44699
-2.59277	1.43924
-2.58737	1.4325
-2.5816	1.42644
-2.57632	1.41986
-2.57123	1.41333
-2.56565	1.40665
-2.56033	1.40006
-2.55625	1.39328
-2.552	1.38558
-2.54818	1.37756
-2.54331	1.36917
-2.53828	1.36037
-2.53368	1.35197
-2.5293	1.34473
-2.52496	1.33758
-2.52064	1.33063
-2.51636	1.32366
-2.51344	1.31716
-2.51049	1.31041
-2.50742	1.30355
-2.50488	1.29614
-2.5032	1.28924
-2.50142	1.28221
-2.49925	1.275
-2.49704	1.26771
-2.49499	1.26135
-2.49133	1.25439
-2.48752	1.24718
-2.48379	1.23956
-2.47985	1.23175
-2.47597	1.22422
-2.47239	1.21682
-2.4687	1.20977
-2.46495	1.20257
-2.46114	1.19525
-2.4579	1.18735
-2.45447	1.17937
-2.45146	1.17177
-2.44846	1.16425
-2.44549	1.15702
-2.44245	1.14977
-2.43957	1.14269
-2.43687	1.13579
-2.43447	1.1281
-2.43221	1.12084
-2.42984	1.11371
-2.42765	1.10653
-2.42608	1.09972
-2.42449	1.09281
-2.42281	1.08576
-2.42088	1.07849
-2.41928	1.07084
-2.41757	1.06289
-2.41578	1.05523
-2.41349	1.04804
-2.41126	1.04079
-2.40904	1.03279
-2.40677	1.02486
-2.40419	1.01642
-2.40154	1.00824
-2.39885	1.00035
-2.39609	0.992497
-2.39322	0.98524
-2.3902	0.97801
-2.38723	0.970839
-2.38414	0.963718
-2.38197	0.956445
-2.38019	0.949319
-2.37863	0.942305
-2.37749	0.935318
-2.37637	0.928574
-2.37439	0.922003
-2.3723	0.914919
-2.37039	0.907613
-2.36883	0.900343
-2.36759	0.893067
-2.36625	0.885725
-2.36482	0.878431
-2.36259	0.871455
-2.36013	0.86423
-2.35785	0.857292
-2.35538	0.850544
-2.35325	0.843169
-2.3511	0.835405
-2.34894	0.827675
-2.3467	0.818975
-2.3439	0.810288
-2.34123	0.801893
-2.33872	0.793711
-2.33595	0.785708
-2.33231	0.777561
-2.32805	0.769384
-2.32395	0.76142
-2.31965	0.753312
-2.31552	0.745419
-2.31137	0.738634
-2.30768	0.731398
-2.30381	0.724269
-2.29953	0.717742
-2.29574	0.711059
-2.29189	0.704609
-2.2881	0.698011
-2.28435	0.691396
-2.2807	0.684547
-2.27698	0.677329
-2.27333	0.670916
-2.26961	0.664579
-2.26591	0.658179
-2.26247	0.651954
-2.25901	0.645856
-2.25541	0.639848
-2.25051	0.634031
-2.24595	0.627935
-2.24143	0.621742
-2.23693	0.6166
-2.2319	0.612145
-2.22666	0.607598
-2.22159	0.603134
-2.21662	0.59845
-2.21206	0.593286
-2.20732	0.588534
-2.20253	0.58351
-2.19794	0.578435
-2.19378	0.572489
-2.18962	0.566423
-2.18567	0.560734
-2.1816	0.554545
-2.17802	0.547878
-2.17411	0.540664
-2.17028	0.533796
-2.16598	0.526568
-2.16166	0.519302
-2.15775	0.512556
-2.15358	0.505012
-2.14953	0.497638
-2.14574	0.490527
-2.14219	0.482833
-2.13874	0.475323
-2.13534	0.467877
-2.13226	0.460245
-2.12916	0.452702
-2.12624	0.445174
-2.12337	0.43688
-2.12045	0.429052
-2.11757	0.421317
-2.11366	0.413134
-2.10913	0.405752
-2.10438	0.398841
-2.10098	0.391821
-2.09794	0.384951
-2.09512	0.377655
-2.09246	0.370837
-2.08975	0.362978
-2.08684	0.355002
-2.08442	0.347108
-2.08212	0.339264
-2.07971	0.331431
-2.07758	0.323315
-2.07603	0.315854
-2.07439	0.308337
-2.07267	0.301591
-2.07107	0.29558
-2.06936	0.289271
-2.0668	0.28318
-2.06411	0.276907
-2.06097	0.269429
-2.05778	0.262039
-2.05438	0.253912
-2.05111	0.246117
-2.04792	0.238751
-2.04474	0.231454
-2.04108	0.22441
-2.03771	0.217331
-2.03432	0.210163
-2.03089	0.203073
-2.0278	0.195939
-2.02461	0.188732
-2.02141	0.181423
-2.01804	0.174528
-2.01462	0.16769
-2.01187	0.160443
-2.00895	0.153263
-2.00592	0.145911
-2.00295	0.137983
-1.9998	0.129273
-1.99672	0.120943
-1.99315	0.11213
-1.98922	0.104397
-1.98567	0.0967572
-1.98199	0.0888823
-1.97823	0.0810638
-1.97445	0.0734614
-1.9712	0.0653374
-1.96792	0.0572281
-1.9648	0.0491148
-1.96178	0.0410803
-1.95875	0.0329508
-1.95582	0.0249917
-1.95292	0.0171584
-1.94996	0.00947672
-1.94742	0.00131692
-1.94507	-0.0065736
-1.94264	-0.0143578
-1.94034	-0.0208267
-1.93794	-0.0275798
-1.93509	-0.0344003
-1.93225	-0.041011
-1.93	-0.0468964
-1.92765	-0.0531166
-1.92509	-0.0596223
-1.92217	-0.066271
-1.91921	-0.0730463

-1.91627	-0.080696
-1.91341	-0.0885123
-1.91046	-0.095957
-1.90518	-0.102339
-1.88816	-0.0991184
-1.87328	-0.0962407
-1.86134	-0.0925086
-1.85045	-0.0886931
-1.84022	-0.0846951
-1.83049	-0.0806296
-1.82164	-0.0764033
-1.81342	-0.0719381
-1.80566	-0.0678376
-1.79814	-0.0633654
-1.79124	-0.0581672
-1.78449	-0.0528765
-1.77849	-0.0476945
-1.77247	-0.0416402
-1.7664	-0.0356489
-1.7601	-0.0291017
-1.75372	-0.0221482
-1.74723	-0.0158059
-1.74101	-0.00921548
-1.73489	-0.00231878
-1.72879	0.00443406
-1.72265	0.0108157
-1.71689	0.0170865
-1.71121	0.0239084
-1.70616	0.0305278
-1.70111	0.0363716
-1.69609	0.0422517
-1.69091	0.0484857
-1.6864	0.05501
-1.68156	0.0613731
-1.67768	0.0680948
-1.67294	0.0748365
-1.6686	0.0815491
-1.66415	0.0882051
-1.65999	0.0948963
-1.65585	0.101881
-1.65174	0.108435
-1.64789	0.115007
-1.64408	0.121711
-1.64003	0.128243
-1.63591	0.13478
-1.63119	0.141328
-1.62618	0.147544
-1.62202	0.153665
-1.61781	0.159857
-1.61379	0.167257
-1.60892	0.174919
-1.60461	0.182569
-1.60042	0.190101
-1.59622	0.197039
-1.59186	0.203757
-1.58723	0.210365
-1.58259	0.217258
-1.57786	0.223856
-1.57349	0.230173
-1.56914	0.236379
-1.56453	0.242123
-1.56008	0.248231
-1.55502	0.253457
-1.55036	0.258551
-1.54652	0.264877
-1.54257	0.271383
-1.53859	0.277999
-1.53424	0.28438
-1.53011	0.290226
-1.52522	0.296285
-1.52018	0.300895
-1.51467	0.305943
-1.5097	0.310956
-1.50454	0.31557
-1.49906	0.32017
-1.49405	0.3247
-1.48914	0.329363
-1.48385	0.333725

-1.47841	0.338478
-1.4727	0.343373
-1.46677	0.348032
-1.46072	0.352114
-1.45435	0.35578
-1.44693	0.357858
-1.43924	0.35867
-1.43182	0.35833
-1.42494	0.357441
-1.41804	0.355817
-1.41106	0.353819
-1.40399	0.35145
-1.39689	0.348711
-1.39017	0.344799
-1.38409	0.340063
-1.37803	0.335405
-1.37222	0.330902
-1.3662	0.325665
-1.36049	0.320334
-1.35427	0.315272
-1.34727	0.310687
-1.34049	0.30592
-1.33395	0.300746
-1.32793	0.294785
-1.32266	0.288339
-1.31708	0.281819
-1.31153	0.275429
-1.30669	0.268943
-1.30151	0.262414
-1.29624	0.255734
-1.29144	0.249333
-1.28694	0.243844
-1.28261	0.238311
-1.27806	0.232054
-1.27292	0.225696
-1.26792	0.219269
-1.26301	0.212902
-1.25849	0.205934
-1.25408	0.198998
-1.25023	0.192282
-1.24639	0.185544
-1.24302	0.17849
-1.23979	0.171316
-1.23673	0.164043
-1.23402	0.156461
-1.23081	0.149176
-1.22754	0.142409
-1.22508	0.135825
-1.2215	0.129249
-1.21787	0.122647
-1.21448	0.116651
-1.2102	0.111337
-1.20581	0.106025
-1.20108	0.100404
-1.19632	0.0945339
-1.19154	0.0885283
-1.18601	0.0826227
-1.18061	0.0767701
-1.17501	0.070227
-1.16935	0.0636118

-1.16414	0.0571628
-1.15866	0.0514622
-1.15318	0.045681
-1.14723	0.0403811
-1.14075	0.0358257
-1.1335	0.0320709
-1.12537	0.0290551
-1.11706	0.0269936
-1.10866	0.0257576
-1.09902	0.0258428
-1.09004	0.0260169
-1.08143	0.026639
-1.07358	0.0278834
-1.06575	0.0298656
-1.05805	0.0325483
-1.05036	0.0358068
-1.04247	0.0394815
-1.0347	0.0441451
-1.02788	0.0488722
-1.02025	0.0528059
-1.01257	0.0571409
-1.00573	0.0612095
-0.999128	0.0654493
-0.993161	0.0693421
-0.987157	0.0733507
-0.980669	0.0772471
-0.974359	0.0811245
-0.967806	0.0855565
-0.961372	0.0904176
-0.954698	0.0954217
-0.948076	0.100276
-0.942471	0.105658
-0.937279	0.111648
-0.932017	0.11786
-0.926847	0.124074
-0.921753	0.130303
-0.916881	0.136413
-0.9126	0.142537
-0.908262	0.148474
-0.904305	0.154357
-0.900309	0.16042
-0.896293	0.16659
-0.891961	0.173177
-0.887209	0.179552

-0.882669	0.185325
-0.877274	0.191223
-0.872267	0.196427
-0.867148	0.201544
-0.861043	0.205851
-0.854026	0.209171
-0.846489	0.211462
-0.838937	0.211976
-0.831322	0.212016
-0.822936	0.210935
-0.81461	0.209024
-0.806563	0.206729
-0.798921	0.204863
-0.791366	0.20269
-0.783297	0.199231
-0.775001	0.194747
-0.767345	0.18995
-0.759907	0.185249
-0.752755	0.180499
-0.745509	0.175947
-0.738069	0.171124
-0.731145	0.166186
-0.725048	0.161738
-0.718688	0.15746
-0.712403	0.152808
-0.706039	0.148228
-0.699761	0.14349
-0.693611	0.138601
-0.687533	0.133634
-0.681546	0.128555
-0.67563	0.12337
-0.670116	0.118407
-0.664647	0.112723
-0.659151	0.10668
-0.654086	0.100236
-0.649087	0.0935496
-0.644119	0.086809
-0.63965	0.0807293
-0.63519	0.0745645
-0.630591	0.0683009
-0.626295	0.0623091
-0.622019	0.0559436
-0.617475	0.0496641
-0.61308	0.0436917
-0.607983	0.0373427
-0.603244	0.0310625
-0.598606	0.0247033
-0.594761	0.018414
-0.590846	0.0120397
-0.586987	0.00591538
-0.583073	-0.000256975
-0.579281	-0.00640518
-0.575748	-0.0128274
-0.572253	-0.0197315
-0.569438	-0.0262344
-0.566269	-0.032688
-0.56284	-0.0391809
-0.559517	-0.0459858
-0.556357	-0.052883
-0.553021	-0.0596189
-0.549827	-0.0662422
-0.546691	-0.0728293
-0.543483	-0.0795006
-0.540323	-0.0862342

-0.537078	-0.0931283
-0.534195	-0.100583
-0.53075	-0.10751
-0.5261	-0.114417
-0.520059	-0.119749
-0.51402	-0.124155
-0.506393	-0.127935
-0.498586	-0.130969
-0.49064	-0.133078
-0.483452	-0.134083
-0.475538	-0.134843
-0.467313	-0.135438
-0.459111	-0.135355
-0.450922	-0.135005
-0.442848	-0.134306
-0.434929	-0.132556
-0.427355	-0.130214
-0.420325	-0.127463
-0.412613	-0.123341
-0.405135	-0.119128
-0.397588	-0.114684
-0.390104	-0.1101
-0.382868	-0.105458
-0.375995	-0.100574
-0.368942	-0.095336
-0.361985	-0.0906254
-0.355124	-0.0856894
-0.348709	-0.0802356
-0.342306	-0.0750779
-0.335345	-0.0692116
-0.328697	-0.0632734
-0.321268	-0.057648
-0.313965	-0.0521872
-0.307004	-0.0467421
-0.299839	-0.0420797
-0.292352	-0.0374077
-0.285144	-0.0327473
-0.277948	-0.028274
-0.271051	-0.0238725
-0.263911	-0.0195172
-0.25692	-0.01561
-0.250115	-0.0119747
-0.243296	-0.00850964

-0.236782	-0.00443834
-0.230036	-0.000809236
-0.22294	0.00336571
-0.215917	0.00691593
-0.208908	0.010198
-0.201887	0.012336
-0.194471	0.0141596
-0.187479	0.0162106
-0.180102	0.0176666
-0.172541	0.018587
-0.164812	0.0190344
-0.156325	0.0201156
-0.147683	0.0203779
-0.139083	0.0201664
-0.130208	0.0197503
-0.121945	0.0185694
-0.113825	0.0170742
-0.105854	0.0152467
-0.0966568	0.0131267
-0.0878547	0.0105567
-0.0793776	0.00777594
-0.0713262	0.00541492
-0.0626896	0.00324214
-0.0543844	0.000619128
-0.0457002	-0.00188174
-0.0371684	-0.00484465
-0.0282994	-0.0075867
-0.0191943	-0.0110801
-0.010687	-0.0146282
-0.0023736	-0.0177079
0.00511188	-0.0210681
0.0124	-0.0245076
0.0186823	-0.0284109
0.0250736	-0.0324647
0.0313299	-0.0371421
0.0383786	-0.041462
0.0453555	-0.0460326
0.0521668	-0.0506968
0.0591308	-0.0562255

0.0658337	-0.0611875
0.0722816	-0.0661151
0.0784039	-0.0709255
0.0845769	-0.075747
0.090911	-0.0803491
0.0970696	-0.0850596
0.104275	-0.089182
0.111863	-0.0930294
0.120471	-0.0957426
0.129126	-0.0976574
0.136892	-0.0989599
0.144588	-0.100019
0.152039	-0.100307
0.159942	-0.0996588
0.167404	-0.0986194
0.174798	-0.0972529
0.182136	-0.0960056
0.189494	-0.0938506
0.196109	-0.0915025
0.202886	-0.0888667
0.208847	-0.0868482
0.215391	-0.0848303
0.222249	-0.0821618
0.229127	-0.079281
0.236581	-0.0757809
0.243838	-0.0719851
0.250987	-0.0680675
0.258137	-0.0638571
0.265313	-0.0595294
0.272809	-0.0549668
0.280155	-0.0503328
0.286794	-0.0458145
0.293746	-0.0414226
0.300425	-0.0373177
0.307027	-0.0328262
0.313628	-0.0280456
0.320041	-0.0231953
0.325729	-0.0178106
0.331017	-0.0122996
0.336534	-0.00639029
0.341723	-0.000532343
0.346817	0.00537785
0.351724	0.01075
0.356693	0.0162412
0.361705	0.0216664
0.366828	0.0272349
0.373018	0.0328752
0.379256	0.0385786
0.385659	0.0448271
0.392561	0.0515712
0.398862	0.0577159
0.404758	0.0631592
0.410355	0.0687435
0.416031	0.0749369
0.421649	0.0810948
0.427127	0.0872259
0.43213	0.0931609
0.437149	0.098945
0.442345	0.104887
0.447298	0.110932

0.452632	0.116768
0.458043	0.121993
0.463495	0.127195
0.468787	0.132276
0.474379	0.136681
0.480302	0.140506
0.486404	0.143426
0.492887	0.145697
0.500056	0.14759
0.508084	0.147989
0.516868	0.147474
0.525812	0.146621

0.534505	0.145458
0.542621	0.143775
0.549976	0.142349
0.557961	0.140548
0.566604	0.138297
0.574751	0.136227
0.58232	0.134431
0.590085	0.132446
0.597797	0.130751
0.605516	0.130093
0.613116	0.129669
0.620883	0.129834
0.628959	0.130448
0.637007	0.131456
0.644964	0.132831
0.652592	0.133813
0.66021	0.135193
