0.995131	0.00497632
0.990082	0.0098226
0.984703	0.0148531
0.979331	0.0201084
0.974276	0.024796
0.969072	0.0294207
0.964082	0.0340835
0.958433	0.0385903
0.952041	0.0421725
0.944671	0.0445856
0.937287	0.0467499
0.92914	0.048414
0.921371	0.0499299
0.91444	0.0508244
0.907001	0.0505895
0.899623	0.049857
0.892214	0.0485526
0.884814	0.046769
0.877169	0.0445185
0.870354	0.0414035
0.863495	0.0388023
0.856563	0.0357542
0.849117	0.0322428
0.842067	0.028786
0.835474	0.0256971
0.828301	0.0226516
0.821099	0.0183812
0.813943	0.0141459
0.80676	0.0101592
0.799318	0.00610295
0.792279	0.00159088
0.785519	-0.00320952
0.7793	-0.00859748
0.772986	-0.0143297
0.766969	-0.0201606
0.761068	-0.0258417
0.755713	-0.0321222
0.750179	-0.0382823
0.744769	-0.044735
0.740238	-0.0510088
0.735914	-0.0573398
0.731448	-0.0634279
0.727062	-0.070503
0.72371	-0.0774394
0.719933	-0.0845201
0.716273	-0.0921081
0.712728	-0.0997063
0.709268	-0.106658
0.705579	-0.113497
0.702491	-0.119902
0.699147	-0.126585
0.695438	-0.134019
0.691683	-0.141467
0.688466	-0.147216
0.684463	-0.153184
0.679907	-0.15912
0.675504	-0.165276
0.671406	-0.171549
0.667383	-0.177919
0.662679	-0.184217
0.658126	-0.190639
0.653149	-0.19713
0.648488	-0.204226
0.643736	-0.210401
0.638645	-0.216532
0.633216	-0.222889
0.627763	-0.229228
0.6225	-0.23561
0.617596	-0.242051
0.612825	-0.248456
0.608037	-0.254524
0.602852	-0.260394
0.598098	-0.26646
0.593122	-0.272669
0.588733	-0.279093
0.584757	-0.285289
0.580814	-0.291475
0.576508	-0.29779
0.572163	-0.303809
0.568048	-0.309943
0.564047	-0.316088
0.561599	-0.322154
0.558805	-0.328705
0.555465	-0.335052
0.552272	-0.34152
0.548898	-0.347875
0.545562	-0.354483
0.543993	-0.361882
0.54218	-0.369407
0.540448	-0.376896
0.538171	-0.384315
0.535934	-0.391792
0.53384	-0.399317
0.531474	-0.406368
0.529454	-0.41259
0.527268	-0.419124
0.52578	-0.425869
0.524269	-0.432998
0.523047	-0.440121
0.52165	-0.446674
0.520256	-0.453479
0.518894	-0.460327
0.517016	-0.467585
0.515093	-0.474832
0.512343	-0.482203
0.509222	-0.490022
0.506438	-0.497628
0.503125	-0.505788
0.500338	-0.513401
0.497967	-0.521024
0.496236	-0.528285
0.494822	-0.535553
0.493273	-0.542843
0.491683	-0.550353
0.490516	-0.557919
0.489898	-0.565772
0.48921	-0.573288
0.488874	-0.581004
0.488529	-0.58877
0.487892	-0.596482
0.487197	-0.604701
0.486786	-0.612794
0.486331	-0.620771
0.486111	-0.628975
0.485133	-0.637426
0.483758	-0.645823
0.482211	-0.654109
0.480926	-0.662505
0.479235	-0.670429
0.477589	-0.678326
0.476084	-0.685968
0.474626	-0.693642
0.472485	-0.702159
0.469823	-0.710319
0.467333	-0.718851
0.464549	-0.727129
0.461777	-0.735059
0.459044	-0.742837
0.45667	-0.75071
0.454866	-0.75885
0.453164	-0.766781
0.45175	-0.77542
0.450336	-0.783993
0.449632	-0.79269
0.449049	-0.800922
0.448432	-0.808987
0.447637	-0.815921
0.446688	-0.82323
0.44601	-0.830478
0.445561	-0.837756
0.445628	-0.845184
0.445217	-0.851875
0.444639	-0.85891
0.444052	-0.865963
0.443674	-0.872196
0.442838	-0.879457
0.44157	-0.887102
0.440843	-0.894096
0.440204	-0.901251
0.439301	-0.908645
0.437972	-0.916723
0.436672	-0.924571
0.435654	-0.932623
0.434814	-0.941229
0.434109	-0.949743
0.433051	-0.958312
0.432497	-0.966195
0.431971	-0.974032
0.431897	-0.982007
0.432164	-0.989639
0.432366	-0.997418
0.432061	-1.00517
0.431889	-1.01281
0.431729	-1.02049
0.431464	-1.02809
0.430881	-1.03606
0.430664	-1.04389
0.43041	-1.05223
0.430373	-1.06045
0.430192	-1.06914
0.430056	-1.07749
0.430054	-1.0864
0.430779	-1.09456
0.431759	-1.1029
0.432259	-1.11097
0.433152	-1.11889
0.433961	-1.12689
0.434583	-1.13439
0.435189	-1.142
0.435921	-1.14954
0.436626	-1.15715
0.437269	-1.16509
0.437762	-1.17302
0.437528	-1.181
0.437294	-1.18892
0.436599	-1.19724
0.435852	-1.20552
0.435278	-1.21368
0.434601	-1.22182
0.433912	-1.2303
0.433455	-1.23871
0.433293	-1.24815
0.432625	-1.25736
0.431605	-1.26605
0.430482	-1.27451
0.429492	-1.28282
0.428266	-1.29121
0.426995	-1.29983
0.42574	-1.30835
0.42545	-1.31657
0.42475	-1.3246
0.424396	-1.33252
0.424009	-1.34025
0.42393	-1.3482
0.423831	-1.35613
0.423635	-1.36462
0.42358	-1.37289
0.423792	-1.3812
0.424501	-1.3904
0.425347	-1.39906
0.426829	-1.40711
0.427686	-1.41492
0.428981	-1.42205
0.430217	-1.42951
0.431385	-1.43704
0.432002	-1.44433
0.432467	-1.45183
0.433227	-1.45913
0.43321	-1.46682
0.433886	-1.4739
0.434147	-1.48121
0.434351	-1.48883
0.43465	-1.4965
0.434127	-1.5048
0.433496	-1.51322
0.432803	-1.52174
0.432502	-1.52994
0.432242	-1.53817
0.432136	-1.5462
0.432014	-1.55386
0.431946	-1.56257
0.431894	-1.57107
0.43252	-1.57953
0.433139	-1.58793
0.434197	-1.59621
0.434967	-1.60478
0.435607	-1.61348
0.436245	-1.62151
0.43657	-1.62932
0.436941	-1.63725
0.436603	-1.64526
0.435659	-1.65338
0.434984	-1.66143
0.434097	-1.66912
0.43281	-1.67662
0.431613	-1.68401
0.430508	-1.69204
0.429347	-1.7
0.428231	-1.70793
0.427209	-1.71528
0.426916	-1.72262
0.426747	-1.73005
0.426631	-1.73753
0.426009	-1.74472
0.425333	-1.75197
0.424348	-1.75936
0.423273	-1.76717
0.422582	-1.77515
0.422636	-1.78275
0.422504	-1.79034
0.422366	-1.79797
0.422145	-1.80529
0.421939	-1.8127
0.421788	-1.82039
0.421396	-1.82742
0.4217	-1.83465
0.422467	-1.84243
0.422569	-1.84962
0.422782	-1.85671
0.423154	-1.86391
0.42349	-1.87121
0.423797	-1.8786
0.424017	-1.88548
0.423931	-1.89263
0.424444	-1.90047
0.424962	-1.90845
0.425895	-1.9166
0.426796	-1.92516
0.427638	-1.93358
0.428022	-1.94153
0.42829	-1.95019
0.428483	-1.95772
0.428862	-1.96478
0.429424	-1.97207
0.429903	-1.97988
0.430475	-1.98805
0.43146	-1.99663
0.432413	-2.00535
0.433355	-2.01412
0.433872	-2.02227
0.434601	-2.03031
0.43564	-2.03852
0.436987	-2.04685
0.438867	-2.05444
0.440394	-2.06233
0.441642	-2.07026
0.443408	-2.07833
0.444298	-2.08638
0.44538	-2.09498
0.446453	-2.10328
0.447182	-2.1118
0.448218	-2.12
0.448749	-2.12947
0.449184	-2.13858
0.44928	-2.14822
0.449552	-2.15779
0.449478	-2.1668
0.449354	-2.1754
0.448908	-2.18371
0.44847	-2.19194
0.446825	-2.20052
0.445694	-2.20981
0.443885	-2.21882
0.442181	-2.22752
0.440731	-2.23597
0.439124	-2.24398
0.43786	-2.25331
0.436704	-2.26232
0.434917	-2.27076
0.433241	-2.27908
0.431357	-2.28752
0.429872	-2.2957
0.429026	-2.30406
0.428308	-2.31258
0.427277	-2.32093
0.425513	-2.32919
0.423912	-2.33788
0.422847	-2.34603
0.4218	-2.35406
0.420684	-2.36217
0.419712	-2.37009
0.417904	-2.37788
0.416364	-2.38476
0.415053	-2.39163
0.413939	-2.39888
0.413724	-2.40661
0.413563	-2.41435
0.412662	-2.42163
0.410969	-2.43005
0.409292	-2.43835
0.407742	-2.44657
0.40685	-2.45528
0.405962	-2.46365
0.405304	-2.47213
0.404667	-2.48056
0.403937	-2.48845
0.403335	-2.49629
0.403101	-2.50431
0.402875	-2.51231
0.402523	-2.52025
0.401544	-2.52821
0.400168	-2.53681
0.398837	-2.54546
0.397729	-2.55429
0.396911	-2.56381
0.395826	-2.57277
0.394065	-2.5816
0.392336	-2.58982
0.391347	-2.59796
0.39019	-2.60584
0.388541	-2.61362
0.386819	-2.62105
0.385096	-2.62864
0.383341	-2.63653
0.381655	-2.64445
0.380005	-2.65211
0.378438	-2.65933
0.376312	-2.66614

0.374022	-2.67366
0.372119	-2.68147
0.371179	-2.69017
0.370831	-2.69892
0.370748	-2.70788
0.370682	-2.71693
0.370467	-2.72575
0.370462	-2.73451
0.370413	-2.74308
0.371099	-2.75197
0.371966	-2.75984
0.37239	-2.76723
0.372734	-2.77439
0.373038	-2.78189
0.373677	-2.78924
0.373546	-2.79622
0.372979	-2.80347
0.371643	-2.81189
0.369906	-2.81984
0.36765	-2.82819
0.365386	-2.83657
0.362968	-2.84436
0.360446	-2.85226
0.357232	-2.85965
0.353786	-2.86676
0.349844	-2.87345
0.3452	-2.88029
0.340532	-2.88706

0.336183	2.88643
0.332343	2.87983
0.328742	2.87344
0.325126	2.86672
0.321708	2.85994
0.318295	2.85304
0.314865	2.84539
0.311778	2.83783
0.308795	2.8308
0.305862	2.82365
0.303696	2.81687
0.301465	2.80977
0.299447	2.80271
0.297839	2.79622
0.296397	2.78891
0.295119	2.78088
0.294161	2.77297
0.293619	2.76541
0.293077	2.75781
0.2927	2.75029
0.291975	2.74208
0.290842	2.7346
0.289196	2.72731
0.287974	2.72016
0.286972	2.71291
0.286636	2.70578
0.285999	2.69821
0.285038	2.69046
0.28418	2.68296
0.283342	2.67587
0.282616	2.66864
0.282528	2.66071
0.282479	2.65294
0.282409	2.64551
0.282286	2.63805
0.282163	2.6305
0.282024	2.62287
0.281999	2.61534
0.281894	2.60807
0.281798	2.60068
0.281797	2.59324
0.281937	2.58581
0.281659	2.57776
0.281427	2.57005
0.28117	2.56165
0.281127	2.55334
0.280633	2.54496
0.280112	2.53667
0.279022	2.52805
0.278147	2.51945
0.278877	2.51084
0.279559	2.50248
0.2797	2.49443
0.279968	2.48604
0.279099	2.47744
0.278729	2.46911
0.278713	2.45966
0.278573	2.45066
0.278431	2.44193
0.278241	2.43355
0.277897	2.42537
0.277273	2.41778
0.276164	2.41018
0.274506	2.40289
0.273676	2.39502
0.272926	2.38706
0.272238	2.37884
0.271613	2.37069
0.270692	2.36257
0.270207	2.35443
0.269516	2.34631
0.269047	2.33842
0.268601	2.33055
0.268711	2.3227
0.268735	2.3148
0.268781	2.3069
0.268839	2.299
0.268336	2.29133
0.267832	2.2836
0.267121	2.27644
0.266123	2.2697
0.265214	2.26264
0.264396	2.25536
0.264224	2.24795
0.264173	2.24052
0.263939	2.23296
0.263521	2.22524
0.26329	2.2179
0.262931	2.21058
0.262771	2.20288
0.26262	2.19535
0.26197	2.18756
0.261221	2.17956
0.259923	2.17114
0.258455	2.16311
0.256747	2.15521
0.255087	2.14729
0.253632	2.13963
0.251974	2.13204
0.250582	2.12425
0.249315	2.11626
0.247043	2.10817
0.24556	2.10041
0.243831	2.09177
0.242041	2.08226
0.240827	2.07342
0.239692	2.06514
0.23893	2.05717
0.238196	2.04924
0.237856	2.04134
0.237219	2.03392
0.236793	2.02711
0.236266	2.02015
0.235666	2.0122
0.235103	2.0044
0.233852	1.99678
0.232645	1.98906
0.231537	1.98194
0.230096	1.97528
0.229175	1.9681
0.228494	1.96096
0.22657	1.95272
0.224507	1.94409
0.222308	1.93501
0.220646	1.92647
0.218769	1.91775
0.217011	1.90919
0.214811	1.90063
0.212719	1.89218
0.210777	1.88385
0.209181	1.87578
0.207708	1.86778
0.206616	1.85959
0.205479	1.85121
0.204673	1.843
0.203995	1.83526
0.203387	1.82743
0.202967	1.8193
0.203582	1.81131
0.204186	1.80282
0.20507	1.79394
0.205758	1.78512
0.206777	1.7764
0.207434	1.76868
0.208247	1.7607
0.209693	1.75251
0.210897	1.74435
0.212173	1.73606
0.213232	1.7279
0.213825	1.71993
0.214356	1.71209
0.214738	1.70326
0.214941	1.69439
0.21532	1.68609
0.215857	1.67807
0.21649	1.66983
0.217201	1.66175
0.217935	1.65373
0.219052	1.64512
0.220284	1.63671
0.22106	1.62828
0.222239	1.62023
0.223439	1.61229
0.224353	1.60464
0.225153	1.59693
0.226002	1.58933
0.22665	1.58166
0.227837	1.57415
0.229275	1.56694
0.230738	1.55978
0.231991	1.55245
0.233269	1.54491
0.234577	1.53741
0.235762	1.52961
0.236921	1.5218
0.23796	1.51394
0.239409	1.50581
0.240491	1.4982
0.241577	1.49046
0.242977	1.48202
0.244115	1.4739
0.245522	1.46605
0.247295	1.45844
0.249002	1.45081
0.251007	1.44296
0.253187	1.43552
0.255629	1.42752
0.257829	1.42004
0.259854	1.41268
0.260712	1.40463
0.261649	1.39667
0.2619	1.3892
0.261948	1.38138
0.261476	1.37393
0.260509	1.36641
0.259927	1.35802
0.259316	1.34983
0.258846	1.3419
0.258272	1.33408
0.257742	1.32554
0.257259	1.31704
0.256832	1.30846
0.255706	1.30052
0.254653	1.29261
0.254507	1.2847
0.25482	1.27647
0.255059	1.26815
0.255187	1.25987
0.255514	1.25189
0.255813	1.24396
0.256546	1.23596
0.257223	1.22773
0.257941	1.21973
0.258649	1.21184
0.259619	1.20405
0.259667	1.1956
0.259547	1.18715
0.25982	1.179
0.260088	1.17132
0.259981	1.16326
0.261139	1.15532
0.261333	1.14789
0.262682	1.14072
0.263923	1.13419
0.265514	1.12725
0.267644	1.11989
0.269398	1.11267
0.271415	1.1053
0.273411	1.09777
0.275275	1.0898
0.277516	1.0818
0.279373	1.07426
0.281497	1.06676
0.283902	1.05956
0.286459	1.05275
0.288848	1.04584
0.290942	1.03884
0.292272	1.03192
0.293464	1.02483
0.294925	1.01756
0.295988	1.00971
0.297667	1.00202
0.299391	0.994588
0.301009	0.987633
0.302492	0.980232
0.30391	0.972718
0.305318	0.965159
0.306928	0.957488
0.308477	0.949725
0.309706	0.941739
0.311125	0.933743
0.312327	0.926335
0.314151	0.919363
0.315704	0.912542
0.317094	0.905509
0.318002	0.898708
0.318785	0.891083
0.319419	0.883404
0.320181	0.876045
0.320264	0.868477
0.320361	0.860844
0.320852	0.852953
0.321856	0.845291
0.322665	0.837431
0.323346	0.829729
0.323584	0.821762
0.323953	0.813157
0.324451	0.804677
0.324994	0.796153
0.324916	0.787684
0.324963	0.779111
0.325017	0.770681
0.325093	0.762257
0.325958	0.754159
0.326777	0.746174
0.328267	0.738448
0.329428	0.73094
0.32994	0.722723
0.330458	0.714575
0.330847	0.706713
0.331575	0.699329
0.332424	0.692453
0.333474	0.685351
0.334669	0.677177
0.335951	0.668805
0.336813	0.660603
0.337838	0.652809
0.338511	0.644476
0.339212	0.636187
0.33918	0.627248
0.339517	0.618498
0.340901	0.610574
0.342243	0.60281
0.343975	0.594862
0.345977	0.587262
0.348042	0.58047
0.350021	0.573595
0.35205	0.566668
0.353942	0.560298
0.357541	0.553792
0.361066	0.547078
0.364749	0.540452
0.368226	0.532762
0.371297	0.525234
0.374406	0.517908
0.378077	0.510624
0.381613	0.502521
0.384991	0.494684
0.38822	0.486891
0.390883	0.478906
0.393552	0.47099
0.396203	0.463141
0.398772	0.455351
0.401082	0.447707
0.403662	0.440389
0.407155	0.432527
0.41021	0.424633
0.413096	0.417047
0.415582	0.409185
0.418034	0.401538
0.420521	0.393767
0.422894	0.385476
0.424914	0.37738
0.426952	0.369308
0.428666	0.361224
0.430989	0.352787
0.433154	0.344552
0.435503	0.336463
0.438142	0.328075
0.440916	0.319724
0.443705	0.311642
0.446002	0.30355
0.447994	0.295885
0.449447	0.288407
0.451328	0.280464
0.453574	0.272019
0.456388	0.26365
0.459229	0.25484
0.461532	0.245956
0.463977	0.237443
0.466225	0.228487
0.468385	0.219161
0.47075	0.210388
0.473206	0.201878
0.475064	0.193838
0.476971	0.185998
0.479341	0.178983
0.481546	0.171824
0.484066	0.16463
0.486097	0.156816
0.488299	0.149083
0.490937	0.141199
0.494369	0.133558
0.497853	0.126592
0.500598	0.119377
0.503491	0.112149
0.506295	0.104843
0.509511	0.0978817
0.512722	0.0907454
0.515513	0.0834984
0.518549	0.076426
0.522031	0.0691702
0.525908	0.0618639
0.530129	0.0548025
0.534366	0.0479696
0.538425	0.0412435
0.542138	0.0345771
0.54612	0.0278401
0.54993	0.0211747
0.553837	0.0145314
0.557931	0.00793137
0.562062	0.00291477
0.565897	-0.00242511
0.570469	-0.00790693
0.574658	-0.0139206
0.577984	-0.0208591
0.580954	-0.0277669
0.584153	-0.0346205
0.58776	-0.041307
0.591986	-0.0472757
0.596386	-0.0531899
0.600982	-0.0590953
0.605722	-0.0649208
0.610269	-0.0708031
0.615008	-0.0766233
0.620279	-0.0823147
0.625583	-0.0881553
0.63014	-0.0942696
0.634911	-0.100304
0.639794	-0.106432
0.644718	-0.113175
0.649853	-0.119798
0.655028	-0.126261
0.660184	-0.132587
0.665488	-0.138871
0.670971	-0.145451
0.676478	-0.151615
0.681856	-0.157196
0.68735	-0.162987
0.69334	-0.168838
0.699397	-0.174539
0.705441	-0.180783
0.711588	-0.187254
0.717879	-0.193564
0.724434	-0.199859
0.73101	-0.205477
0.737876	-0.21112
0.745401	-0.216071
0.752979	-0.220724
0.760856	-0.225252
0.768983	-0.229964
0.776338	-0.233977
0.784219	-0.237166
0.792266	-0.240198
0.800128	-0.242709
0.808367	-0.245458
0.816489	-0.247916
0.824319	-0.250305
0.832176	-0.252485
0.839677	-0.254792
0.847424	-0.257286
0.855736	-0.259217
0.864553	-0.259978
0.872239	-0.260445
0.879976	-0.260776
0.887616	-0.260476
0.895201	-0.260101
0.902622	-0.259805
0.910822	-0.259417
0.919526	-0.25955
0.928023	-0.259642
0.935804	-0.259738
0.94309	-0.259698
0.950482	-0.259548
0.95798	-0.259141
0.965367	-0.259032
0.973249	-0.259014
0.980992	-0.257959
0.988906	-0.25733
0.996453	-0.256803
1.00407	-0.256211
1.01189	-0.255991
1.01931	-0.255704
1.02683	-0.255513
1.03346	-0.254519
1.03936	-0.253195
1.04562	-0.251335
1.05218	-0.249544
1.0584	-0.247492
1.06449	-0.245358
1.07135	-0.243179
1.07756	-0.240927
1.08352	-0.237838
1.0897	-0.234689
1.09554	-0.231454
1.10099	-0.22878
1.10657	-0.225942
1.11182	-0.223986
1.11669	-0.221543
1.12203	-0.21827
1.12769	-0.214889
1.13393	-0.211357
1.14043	-0.207902
1.14715	-0.204885
1.15403	-0.202019
1.16095	-0.199086
1.16871	-0.196455
1.17655	-0.193874
1.1845	-0.191334
1.19172	-0.189214
1.19879	-0.186592
1.20582	-0.183913
1.21311	-0.181242
1.21993	-0.178602
1.22706	-0.175702
1.23442	-0.172512
1.24233	-0.169136
1.25002	-0.165768
1.25832	-0.1619
1.2662	-0.15814
1.27373	-0.154998
1.28117	-0.151873
1.28839	-0.148581
1.29543	-0.144817
1.30221	-0.141276
1.30919	-0.137492
1.31616	-0.133134
1.32303	-0.128803
1.32979	-0.124468
1.33551	-0.120164
1.34151	-0.115852
1.34769	-0.111649
1.35405	-0.107965
1.35993	-0.104162
1.366	-0.100009
1.37224	-0.0958546
1.37887	-0.0915654
1.38605	-0.0878397
1.39316	-0.0839868
1.39957	-0.0793208
1.40611	-0.0748016
1.41322	-0.0702037
1.42038	-0.0655371
1.42769	-0.0611612
1.4349	-0.0566819
1.44182	-0.0517199
1.44875	-0.0469979
1.45588	-0.0425826
1.46289	-0.03823
1.46997	-0.0339784
1.47776	-0.0299132
1.48509	-0.0259142
1.4925	-0.0220731
1.49972	-0.0189999
1.5071	-0.0159514
1.51463	-0.0124236
1.52255	-0.00890849
1.53053	-0.00544139
1.53818	-0.00232241
1.54595	0.000900905
1.55447	0.00345456
1.56274	0.00572179
1.57076	0.00796863
1.57791	0.00996755
1.58515	0.0118908
1.59235	0.0148455
1.5996	0.0176947
1.60701	0.0205976
1.61477	0.0236385
1.62233	0.0268628
1.62952	0.0291745
1.63673	0.0314808
1.6446	0.0342546
1.65201	0.0372133
1.66001	0.0394506
1.66861	0.0416931
1.67698	0.0437744
1.68536	0.0452632
1.69368	0.0467205
1.70162	0.0482893
1.70841	0.0509405
1.7164	0.053869
1.72457	0.0569892
1.73262	0.0598309
1.74054	0.0620694
1.74748	0.0645252
1.75489	0.0673197
1.7615	0.069264
1.76813	0.0714611
1.77455	0.0733204
1.78124	0.0748961
1.78868	0.0766733
1.79614	0.0784047
1.80372	0.0799433
1.81151	0.081383
1.81962	0.083037
1.82736	0.0846064
1.8343	0.0857921
1.84134	0.0869877
1.84861	0.0877048
1.85564	0.0882418
1.86311	0.0884811
1.87123	0.0886405
1.87919	0.0888426
1.88654	0.0890114
1.89408	0.0893345
1.90123	0.0893394
1.90846	0.0892191
1.91586	0.0897939
1.92396	0.0902893
1.9313	0.0912133
1.93871	0.0922115
1.9457	0.0935289
1.95254	0.0943931
1.95971	0.094653
1.96707	0.0950569
1.97458	0.0953822
1.98193	0.0963237
1.98895	0.0971285
1.99699	0.097337
2.00491	0.0976003
2.01308	0.0977056
2.02102	0.0985188
2.02867	0.0991633
2.03608	0.100206
2.04434	0.101187
2.05244	0.102264
2.06029	0.103395
2.06814	0.104324
2.07682	0.105061
2.08596	0.105919
2.09473	0.107218

2.10332	0.108397
2.11196	0.109645
2.12039	0.11102
