0.994496	0.00513666
0.988665	0.0100071
0.983768	0.0154926
0.978713	0.0208366
0.973942	0.0262913
0.969156	0.0318378
0.964263	0.0374754
0.959096	0.0437953
0.953906	0.0500569
0.948804	0.0562632
0.943782	0.0623284
0.938773	0.0684143
0.933856	0.0747324
0.928228	0.0807497
0.922139	0.086226
0.916215	0.0921365
0.910853	0.097674
0.905797	0.102877
0.90056	0.107922
0.895244	0.113043
0.889981	0.118207
0.88458	0.124212
0.879041	0.130446
0.873403	0.137298
0.867261	0.143945
0.861269	0.150531
0.855204	0.156133
0.849047	0.161256
0.84293	0.166278
0.837441	0.170761
0.831703	0.174922
0.825832	0.179054
0.819803	0.183182
0.813574	0.187441
0.80701	0.191509
0.800276	0.195502
0.793637	0.198961
0.7868	0.202698
0.780649	0.206594
0.774421	0.210551
0.76806	0.214394
0.761517	0.218109
0.754727	0.221368
0.747975	0.224567
0.74109	0.227641
0.733765	0.231625
0.726232	0.235224
0.717985	0.238136
0.710312	0.240981
0.702911	0.24369
0.69557	0.246527
0.687958	0.249043
0.680104	0.251445
0.672424	0.2538
0.664463	0.256001
0.657043	0.258251
0.649415	0.260345
0.641931	0.262398
0.634214	0.264291
0.626479	0.266103
0.618239	0.26824
0.609163	0.271074
0.600169	0.273443
0.591449	0.275601
0.581698	0.277318
0.572054	0.27904
0.562802	0.280049
0.553554	0.280321
0.543786	0.28058
0.534286	0.280849
0.525418	0.281205
0.51607	0.281624
0.506906	0.282106
0.498153	0.282457
0.489407	0.282564
0.480322	0.281909
0.471457	0.28147
0.46278	0.281286
0.454426	0.281079
0.446377	0.279791
0.438565	0.279216
0.430896	0.278486
0.423428	0.278122
0.415384	0.278064
0.407882	0.278218
0.400374	0.278424
0.392286	0.27839
0.384014	0.278128
0.376943	0.277789
0.36877	0.276478
0.360645	0.275011
0.352651	0.272539
0.345446	0.269676
0.337776	0.267122
0.329696	0.264318
0.321376	0.261193
0.312908	0.258622
0.304684	0.256027
0.297039	0.254021
0.289456	0.252121
0.282949	0.250572
0.276323	0.248442
0.270231	0.246783
0.263461	0.245227
0.257252	0.244162
0.250851	0.242942
0.243871	0.241648
0.237352	0.239818
0.230495	0.237821
0.223191	0.235836
0.216047	0.233813
0.208708	0.232099
0.201173	0.229054
0.19386	0.226283
0.186401	0.223339
0.178341	0.220275
0.16977	0.217628
0.161879	0.215286
0.154673	0.212373
0.147311	0.209875
0.139909	0.207133
0.132657	0.204408
0.126114	0.20152
0.119729	0.198598
0.112994	0.195625
0.106193	0.192561
0.098758	0.188243
0.0915297	0.183817
0.0843955	0.179479
0.0774251	0.174847
0.0702348	0.170775
0.063247	0.16716
0.055918	0.163538
0.0486334	0.159813
0.0409458	0.155817
0.0335041	0.152142
0.0263352	0.148374
0.0192243	0.144523
0.012258	0.140501
0.00513983	0.136972
-0.00200411	0.133213
-0.00910723	0.129356
-0.016752	0.126087
-0.0243248	0.122255
-0.0321215	0.118692
-0.0397779	0.115166
-0.0471871	0.111799
-0.053337	0.108421
-0.0597314	0.105038
-0.0665488	0.101397
-0.0734136	0.0972525
-0.080286	0.0931757
-0.0872228	0.0893671
-0.0938284	0.0859344
-0.101377	0.082609
-0.108696	0.0792811
-0.116071	0.0759291
-0.122644	0.0727563
-0.129203	0.0695495
-0.135836	0.0665532
-0.143074	0.0635386
-0.150322	0.0605519
-0.157724	0.0579242
-0.164973	0.0558625
-0.172459	0.0539942
-0.179717	0.0520134
-0.186996	0.0499836
-0.19438	0.0479075
-0.200837	0.0449469
-0.207345	0.0419551
-0.213982	0.0380979
-0.22058	0.0342346
-0.227083	0.0303686
-0.233726	0.0265061
-0.240442	0.0227008
-0.246967	0.0188466
-0.253712	0.0147843
-0.260625	0.0114051
-0.267205	0.0082737
-0.273676	0.00537219
-0.280117	0.00231268
-0.28653	-0.00119332
-0.292235	-0.00515816
-0.298225	-0.00946006
-0.304578	-0.0134801
-0.311934	-0.0177034
-0.319533	-0.0218645
-0.326763	-0.0259921
-0.333903	-0.0305947
-0.340869	-0.0349534
-0.347635	-0.0390527
-0.354429	-0.0430885
-0.361265	-0.0471354
-0.367801	-0.0518611
-0.37443	-0.0564597
-0.381255	-0.0609664
-0.388316	-0.065623
-0.39555	-0.0705895
-0.402697	-0.0754241
-0.41011	-0.0797382
-0.41775	-0.0848156
-0.425253	-0.0900865
-0.43249	-0.0950027
-0.438889	-0.100355
-0.445218	-0.105458
-0.452079	-0.109917
-0.458951	-0.114316
-0.465039	-0.118368
-0.470713	-0.12271
-0.476595	-0.127117
-0.482629	-0.131387
-0.489885	-0.135557
-0.497011	-0.139689
-0.504111	-0.143623
-0.51056	-0.146846
-0.517086	-0.14924
-0.52418	-0.15122
-0.531753	-0.153316
-0.539223	-0.155321
-0.546699	-0.157841
-0.554589	-0.1602
-0.56199	-0.162928
-0.569038	-0.165381
-0.575881	-0.167674
-0.582566	-0.16955
-0.589412	-0.171711
-0.596339	-0.173987
-0.603519	-0.176048
-0.610799	-0.178118
-0.618036	-0.180532
-0.625746	-0.18267
-0.632715	-0.185044
-0.639548	-0.188423
-0.646112	-0.192066
-0.653065	-0.196372
-0.659978	-0.20058
-0.666909	-0.204733
-0.673758	-0.20883
-0.680482	-0.213047
-0.687295	-0.217349
-0.694162	-0.221639
-0.701365	-0.225255
-0.709175	-0.228901
-0.717127	-0.232796
-0.725864	-0.236418
-0.734427	-0.240026
-0.742738	-0.243775
-0.750604	-0.247719
-0.758098	-0.251597
-0.765191	-0.255192
-0.772015	-0.259215
-0.779115	-0.26334
-0.786159	-0.268246
-0.794165	-0.273831
-0.801774	-0.279155
-0.809179	-0.283991
-0.816834	-0.288709
-0.824359	-0.293104
-0.830801	-0.2979
-0.836708	-0.303289
-0.842465	-0.308504
-0.848172	-0.313588
-0.853733	-0.318341
-0.859612	-0.322924
-0.865509	-0.327308
-0.870813	-0.331263
-0.876052	-0.335193
-0.882103	-0.338956
-0.887398	-0.342912
-0.8931	-0.347054
-0.898931	-0.350741
-0.905385	-0.354941
-0.91206	-0.359424
-0.918346	-0.364441
-0.924679	-0.369286
-0.930983	-0.37429
-0.937583	-0.379023
-0.944044	-0.383766
-0.950211	-0.388143
-0.956454	-0.392525
-0.962767	-0.39689
-0.969122	-0.401181
-0.975434	-0.405493
-0.981733	-0.409862
-0.988081	-0.414202
-0.99464	-0.418347
-1.00029	-0.42305
-1.00606	-0.42778
-1.01183	-0.432615
-1.01781	-0.437792
-1.02317	-0.4427
-1.02868	-0.447626
-1.03459	-0.45279
-1.04024	-0.457574
-1.0465	-0.462554
-1.05236	-0.467479
-1.05779	-0.471174
-1.0637	-0.47481
-1.07026	-0.478346
-1.07706	-0.481965
-1.08349	-0.486232
-1.0898	-0.490391
-1.09625	-0.494452
-1.10266	-0.498437
-1.10908	-0.50235
-1.11555	-0.506487
-1.12205	-0.511099
-1.12849	-0.515843
-1.13378	-0.519859
-1.13927	-0.52396
-1.14483	-0.528313
-1.15114	-0.532589
-1.1579	-0.536277
-1.16469	-0.53994
-1.17175	-0.543811
-1.17917	-0.547763
-1.18654	-0.551901
-1.19401	-0.556343
-1.20145	-0.56068
-1.20889	-0.564895
-1.21612	-0.569105
-1.22308	-0.572812
-1.23055	-0.57657
-1.23829	-0.580079
-1.24592	-0.583562
-1.2536	-0.586906
-1.26127	-0.589612
-1.26856	-0.593114
-1.27592	-0.59686
-1.28324	-0.600547
-1.29041	-0.604086
-1.29777	-0.607706
-1.30546	-0.61141
-1.31286	-0.614947
-1.31997	-0.618613
-1.32712	-0.622169
-1.33442	-0.625758
-1.34171	-0.62925
-1.34885	-0.632571
-1.3567	-0.636122
-1.36433	-0.639654
-1.37184	-0.643109
-1.37928	-0.646552
-1.38581	-0.650181
-1.3928	-0.653495
-1.39978	-0.656911
-1.40709	-0.660152
-1.41435	-0.663417
-1.42157	-0.667242
-1.42894	-0.671331
-1.43591	-0.67575
-1.44278	-0.680637
-1.44855	-0.686227
-1.45408	-0.69188
-1.4593	-0.697834
-1.46363	-0.704112
-1.46668	-0.710395
-1.46908	-0.717142
-1.4713	-0.724147
-1.473	-0.73133
-1.47442	-0.738606
-1.47533	-0.745859
-1.47575	-0.753361
-1.47593	-0.761201
-1.47609	-0.768907
-1.47616	-0.776645
-1.47637	-0.784442
-1.47656	-0.792483
-1.4765	-0.801233
-1.47634	-0.809206
-1.47585	-0.817179
-1.47477	-0.825001
-1.47397	-0.832677
-1.47274	-0.840328
-1.47228	-0.848221
-1.47178	-0.856348
-1.47073	-0.863374
-1.46952	-0.870448
-1.46869	-0.877125
-1.46755	-0.883585
-1.46623	-0.890272
-1.46463	-0.897601
-1.46337	-0.905283
-1.46163	-0.91285
-1.45962	-0.920359
-1.4577	-0.927431
-1.45629	-0.934617
-1.45482	-0.941893
-1.45342	-0.949437
-1.45229	-0.956771
-1.45085	-0.963765
-1.44908	-0.970462
-1.44699	-0.977383
-1.44564	-0.984572
-1.44408	-0.991894
-1.44224	-1.00003
-1.44008	-1.00788
-1.43822	-1.0151
-1.43634	-1.02235
-1.43474	-1.02965
-1.43378	-1.03758
-1.43298	-1.04495
-1.43212	-1.05282
-1.43121	-1.06082
-1.4303	-1.06844
-1.42935	-1.07571
-1.4276	-1.08295
-1.42585	-1.09026
-1.42454	-1.09777
-1.42323	-1.10478
-1.42158	-1.1117
-1.41999	-1.11902
-1.41829	-1.12641
-1.41655	-1.13415
-1.41467	-1.14202
-1.41236	-1.15005
-1.41018	-1.15801
-1.40814	-1.16521
-1.40545	-1.17235
-1.40262	-1.17984
-1.39976	-1.18759
-1.39715	-1.19524
-1.39408	-1.20312
-1.39119	-1.21145
-1.38902	-1.21972
-1.38709	-1.22847
-1.3858	-1.23718
-1.38443	-1.24565
-1.38348	-1.25386
-1.38237	-1.26199
-1.38113	-1.2701
-1.37969	-1.27768
-1.37763	-1.28516
-1.37541	-1.29236
-1.37316	-1.29995
-1.3709	-1.30763
-1.36862	-1.31529
-1.36636	-1.32307
-1.3637	-1.3311
-1.36049	-1.33894
-1.35726	-1.34642
-1.35446	-1.35424
-1.35133	-1.36125
-1.34845	-1.36824
-1.34554	-1.37534
-1.34206	-1.38223
-1.33813	-1.38886
-1.33406	-1.39569
-1.33063	-1.40277
-1.32765	-1.41113
-1.32456	-1.41942
-1.32094	-1.42753
-1.31754	-1.4356
-1.31424	-1.44295
-1.31126	-1.45036
-1.30813	-1.45773
-1.30508	-1.46505
-1.30218	-1.47224
-1.29922	-1.47943
-1.29654	-1.48705
-1.29382	-1.49466
-1.29128	-1.50243
-1.28858	-1.51058
-1.28605	-1.51865
-1.28364	-1.52667
-1.28141	-1.53473
-1.27947	-1.54258
-1.2783	-1.55066
-1.27762	-1.55836
-1.27717	-1.56611
-1.27616	-1.57386
-1.2754	-1.58184
-1.27478	-1.59049
-1.27409	-1.59861
-1.27265	-1.60707
-1.27112	-1.61483
-1.26964	-1.62221
-1.26823	-1.62974
-1.26687	-1.63729
-1.26545	-1.64489
-1.26391	-1.65254
-1.26245	-1.66055
-1.26098	-1.66849
-1.25958	-1.67651
-1.2575	-1.68507
-1.25532	-1.6934
-1.25364	-1.70197
-1.25244	-1.71039
-1.25136	-1.71887
-1.25034	-1.72729
-1.24925	-1.735
-1.248	-1.74274
-1.24616	-1.75076
-1.24476	-1.75867
-1.24409	-1.76663
-1.24321	-1.77455
-1.24294	-1.78229
-1.24239	-1.78997
-1.24222	-1.79769
-1.24221	-1.8061
-1.24228	-1.81554
-1.24204	-1.82458
-1.24184	-1.8335
-1.24154	-1.84168
-1.24106	-1.84977
-1.24127	-1.85808
-1.24113	-1.86564
-1.24102	-1.8732
-1.2404	-1.88061
-1.2397	-1.88812
-1.23894	-1.8956
-1.23774	-1.90337
-1.23636	-1.91098
-1.23507	-1.91883
-1.23333	-1.92655
-1.23153	-1.93419
-1.22969	-1.94154
-1.2277	-1.94907
-1.22596	-1.95715
-1.2244	-1.96567
-1.22325	-1.97423
-1.22199	-1.98273
-1.22054	-1.99132
-1.2193	-1.99955
-1.21829	-2.00771
-1.21706	-2.01598
-1.21586	-2.0241
-1.21405	-2.03234
-1.21221	-2.04057
-1.21111	-2.04824
-1.20961	-2.05614
-1.20845	-2.06339
-1.20626	-2.07066
-1.20473	-2.07803
-1.2034	-2.08562
-1.20137	-2.09332
-1.1999	-2.101
-1.19874	-2.10828
-1.19776	-2.11531
-1.19694	-2.12255
-1.19572	-2.13026
-1.19491	-2.13806
-1.1942	-2.14566
-1.19351	-2.15328
-1.19279	-2.16078
-1.19216	-2.16933
-1.19158	-2.17782
-1.19092	-2.18631
-1.18996	-2.19442
-1.18887	-2.20214
-1.18726	-2.20912
-1.18564	-2.21593
-1.18442	-2.22323
-1.18307	-2.23065
-1.18119	-2.2381
-1.17894	-2.24563
-1.17655	-2.25344
-1.17418	-2.26113
-1.17179	-2.26872
-1.1692	-2.27663
-1.16666	-2.28443
-1.1641	-2.29168
-1.16147	-2.29901
-1.15924	-2.30642
-1.15646	-2.31358
-1.15364	-2.32086
-1.15127	-2.32822
-1.14888	-2.33531
-1.14696	-2.3418
-1.14453	-2.34898
-1.1421	-2.35619
-1.13988	-2.36356
-1.13762	-2.37089
-1.13529	-2.37811
-1.13283	-2.38541
-1.1304	-2.393
-1.12795	-2.40071
-1.12555	-2.4084
-1.12288	-2.41653
-1.12064	-2.42435
-1.11845	-2.43193
-1.11605	-2.43914
-1.11374	-2.44632
-1.11186	-2.45394
-1.10876	-2.46166
-1.10551	-2.46927
-1.10192	-2.47652
-1.0985	-2.48376
-1.09615	-2.4908
-1.09355	-2.49737
-1.09092	-2.50425
-1.0878	-2.51063
-1.08502	-2.517
-1.08253	-2.52377
-1.07971	-2.5312
-1.07707	-2.53841
-1.0752	-2.54654
-1.07339	-2.55458
-1.07147	-2.56272
-1.06925	-2.57064
-1.06691	-2.5787
-1.06474	-2.58664
-1.06263	-2.5945
-1.06073	-2.60256
-1.05917	-2.61032
-1.05765	-2.61808
-1.05569	-2.62535
-1.05407	-2.63219
-1.0532	-2.6394
-1.05224	-2.6465
-1.05118	-2.65402
-1.05042	-2.66152
-1.0501	-2.66943
-1.04976	-2.67731
-1.04919	-2.68513
-1.04842	-2.6928
-1.04749	-2.70043
-1.04646	-2.70811
-1.04535	-2.71536
-1.04442	-2.72316
-1.04349	-2.73097
-1.04233	-2.73864
-1.0413	-2.74631
-1.04018	-2.75418
-1.03878	-2.76194
-1.03712	-2.76868
-1.03539	-2.77529
-1.03406	-2.78101
-1.03271	-2.78716
-1.0309	-2.79348
-1.0295	-2.80005
-1.02807	-2.80684
-1.02594	-2.81392
-1.02388	-2.82112
-1.02175	-2.82802
-1.01965	-2.83492
-1.01729	-2.84242
-1.01422	-2.85046
-1.01112	-2.85817
-1.00854	-2.86638
-1.00551	-2.87424
-1.00293	-2.88176
-1.00036	-2.88967

-0.996924	2.8837
-0.993432	2.87704
-0.989878	2.86983
-0.986537	2.86257
-0.983478	2.85526
-0.980747	2.84759
-0.978154	2.84009
-0.976367	2.83278
-0.974687	2.82537
-0.973236	2.81787
-0.971781	2.81012
-0.970879	2.8016
-0.97059	2.79266
-0.970149	2.78414
-0.969811	2.77549
-0.969743	2.76695
-0.970272	2.75957
-0.970694	2.75203
-0.971151	2.74442
-0.971391	2.73697
-0.971707	2.72937
-0.972264	2.72177
-0.973128	2.71465
-0.973832	2.7073
-0.974661	2.6999
-0.975647	2.69268
-0.976481	2.68509
-0.977249	2.67739
-0.977916	2.66975
-0.978072	2.66153
-0.97806	2.65274
-0.977809	2.64431
-0.977513	2.63597
-0.977072	2.6273
-0.976607	2.61858
-0.976157	2.61004
-0.976114	2.60186
-0.976205	2.59381
-0.976401	2.58607
-0.976503	2.57828
-0.976634	2.57045
-0.977071	2.5624
-0.977112	2.55487
-0.977215	2.54672
-0.977302	2.53881
-0.97749	2.53023
-0.977664	2.52139
-0.977811	2.51282
-0.978268	2.50491
-0.978718	2.49712
-0.978979	2.48991
-0.979547	2.48263
-0.98013	2.47524
-0.981638	2.46842
-0.983943	2.46076
-0.986004	2.45315
-0.9882	2.4452
-0.98991	2.43717
-0.991576	2.42911
-0.993447	2.42129
-0.995159	2.41342
-0.996405	2.40514
-0.998447	2.39681
-1.00095	2.3887
-1.00334	2.38068
-1.00574	2.37284
-1.00816	2.3649
-1.01098	2.35732
-1.01316	2.34954
-1.01524	2.34143
-1.01675	2.33346
-1.01826	2.32553
-1.01995	2.31784
-1.02224	2.31007
-1.02391	2.30235
-1.02614	2.29366
-1.02829	2.28589
-1.02988	2.27816
-1.03118	2.27009
-1.03248	2.26206
-1.03388	2.25406
-1.03523	2.24626
-1.03624	2.23896
-1.03725	2.23152
-1.03829	2.224
-1.03933	2.21642
-1.0401	2.20883
-1.04081	2.20115
-1.04148	2.19294
-1.04221	2.18473
-1.04261	2.1771
-1.04361	2.16909
-1.04469	2.16109
-1.04534	2.15219
-1.04557	2.14293
-1.04551	2.13413
-1.04538	2.12543
-1.04527	2.11698
-1.04502	2.10857
-1.04496	2.09973
-1.04511	2.09144
-1.04538	2.08317
-1.04582	2.07502
-1.04598	2.06733
-1.04544	2.05987
-1.04477	2.05245
-1.04367	2.04532
-1.04306	2.0383
-1.04282	2.0312
-1.04261	2.02406
-1.04259	2.01696
-1.04294	2.00951
-1.04298	2.00168
-1.04341	1.99424
-1.04352	1.98701
-1.04342	1.97978
-1.04365	1.97225
-1.04357	1.96482
-1.044	1.95751
-1.04401	1.95027
-1.04385	1.94295
-1.04336	1.93559
-1.04302	1.92773
-1.04273	1.9197
-1.04214	1.91172
-1.04168	1.90388
-1.04099	1.89513
-1.04003	1.88619
-1.03982	1.87745
-1.03948	1.86931
-1.0392	1.86116
-1.039	1.853
-1.0386	1.84492
-1.03773	1.83731
-1.03704	1.82957
-1.03607	1.82201
-1.03548	1.81362
-1.035	1.80531
-1.03391	1.79701
-1.03307	1.78927
-1.03221	1.78143
-1.03135	1.77373
-1.0306	1.76589
-1.03009	1.7581
-1.02968	1.7503
-1.02897	1.74281
-1.02783	1.73493
-1.02717	1.72714
-1.02647	1.71966
-1.02587	1.712
-1.02531	1.7044
-1.02461	1.69708
-1.0252	1.68869
-1.02601	1.6805
-1.02732	1.6724
-1.02856	1.66441
-1.02982	1.65537
-1.03106	1.6466
-1.03221	1.63801
-1.03341	1.62963
-1.03493	1.62173
-1.03657	1.61387
-1.03905	1.6063
-1.04254	1.59862
-1.04585	1.59111
-1.04903	1.58356
-1.05237	1.57523
-1.05658	1.56762
-1.06021	1.55996
-1.06442	1.55268
-1.06858	1.54577
-1.07252	1.53866
-1.07638	1.53157
-1.08007	1.52483
-1.08334	1.51788
-1.08676	1.51154
-1.09058	1.50553
-1.09408	1.49953
-1.09775	1.49392
-1.10159	1.48812
-1.10566	1.4824
-1.10957	1.47623
-1.11308	1.46948
-1.11658	1.46219
-1.11972	1.45518
-1.12358	1.44774
-1.12731	1.44034
-1.13063	1.43296
-1.1332	1.42619
-1.1356	1.41908
-1.13813	1.41234
-1.1409	1.40543
-1.14349	1.39827
-1.14597	1.39126
-1.14817	1.38406
-1.15077	1.37695
-1.15335	1.36976
-1.15606	1.36284
-1.15849	1.3559
-1.16095	1.34875
-1.16338	1.34154
-1.16576	1.33431
-1.1681	1.32717
-1.17035	1.3191
-1.17285	1.3106
-1.17527	1.30229
-1.1774	1.29338
-1.18004	1.28458
-1.18217	1.27618
-1.18441	1.26806
-1.18632	1.26061
-1.18825	1.25309
-1.19066	1.24527
-1.19289	1.23722
-1.19452	1.22961
-1.19641	1.22184
-1.1981	1.21437
-1.1998	1.20752
-1.20131	1.2006
-1.20297	1.19352
-1.2041	1.18682
-1.20539	1.17991
-1.20706	1.17278
-1.20913	1.16471
-1.21107	1.15677
-1.21253	1.14816
-1.21383	1.13964
-1.21489	1.1313
-1.216	1.12332
-1.21678	1.11556
-1.21758	1.10792
-1.2186	1.09946
-1.21962	1.09112
-1.22043	1.0837
-1.22135	1.07604
-1.22207	1.06812
-1.2229	1.06033
-1.2239	1.05184
-1.2249	1.04351
-1.2259	1.03497
-1.22631	1.02618
-1.22647	1.01784
-1.22674	1.00967
-1.22694	1.00212
-1.22742	0.995158
-1.22797	0.988053
-1.22843	0.980991
-1.22907	0.973917
-1.22936	0.967715
-1.22965	0.960783
-1.2295	0.953348
-1.2294	0.945806
-1.2297	0.937657
-1.23	0.929502
-1.23097	0.922191
-1.23248	0.915086
-1.23414	0.907788
-1.23549	0.90057
-1.23678	0.892894
-1.238	0.885832
-1.23956	0.878545
-1.24152	0.870248
-1.24326	0.862689
-1.24511	0.855084
-1.2472	0.847635
-1.24942	0.840123
-1.25198	0.833046
-1.25516	0.826545
-1.2592	0.820121
-1.26244	0.81358
-1.2657	0.807101
-1.26881	0.800418
-1.27235	0.793785
-1.27467	0.786443
-1.27674	0.779153
-1.27921	0.771857
-1.28132	0.764741
-1.28359	0.75752
-1.28549	0.750826
-1.28747	0.743982
-1.28873	0.737577
-1.29009	0.730916
-1.29093	0.723429
-1.29128	0.715982
-1.29276	0.708416
-1.29472	0.701031
-1.29616	0.693862
-1.29732	0.686946
-1.29811	0.680115
-1.2996	0.673185
-1.30088	0.666447
-1.3021	0.659574
-1.30292	0.653067
-1.30391	0.647541
-1.30511	0.641827
-1.30625	0.635243
-1.30759	0.628513
-1.30987	0.621711
-1.3122	0.613711
-1.31448	0.605912
-1.31706	0.598549
-1.32028	0.591386
-1.32339	0.584518
-1.32599	0.577732
-1.32868	0.569603
-1.33133	0.562241
-1.33431	0.554788
-1.33699	0.547453
-1.33894	0.54025
-1.34119	0.533149
-1.34324	0.526297
-1.34534	0.519304
-1.34739	0.512853
-1.3492	0.506262
-1.35104	0.4992
-1.35346	0.49283
-1.35592	0.486357
-1.35795	0.479497
-1.36066	0.472496
-1.36354	0.465621
-1.36716	0.458
-1.37096	0.450243
-1.37452	0.442464
-1.37791	0.434771
-1.38071	0.427611
-1.38295	0.420137
-1.38467	0.411937
-1.38639	0.403812
-1.38807	0.395322
-1.38965	0.386677
-1.39163	0.378665
-1.39405	0.371785
-1.39641	0.3641
-1.39887	0.356535
-1.40133	0.348958
-1.40332	0.342105
-1.40552	0.335146
-1.40838	0.32792
-1.40982	0.321069
-1.41139	0.314138
-1.41278	0.307175
-1.41469	0.300131
-1.41715	0.2939
-1.41934	0.287101
-1.4217	0.280447
-1.42382	0.273638
-1.42539	0.266807
-1.42807	0.259502
-1.43064	0.252948
-1.43355	0.246158
-1.4364	0.238655
-1.43919	0.231174
-1.44207	0.223849
-1.44517	0.216569
-1.44828	0.20938
-1.45142	0.202579
-1.45533	0.195282
-1.45879	0.187953
-1.462	0.180718
-1.46555	0.172902
-1.46924	0.165594
-1.47295	0.157767
-1.47713	0.150231
-1.48114	0.142873
-1.48504	0.135575
-1.48898	0.12958
-1.4929	0.123567
-1.49704	0.117338
-1.50143	0.110904
-1.50568	0.104094
-1.50994	0.0965937
-1.51441	0.0888049
-1.51835	0.0803494
-1.5221	0.0721064
-1.52547	0.0639165
-1.52864	0.0559472
-1.53167	0.0477768
-1.53464	0.0397392
-1.53644	0.0320543
-1.53789	0.0247921
-1.53934	0.017134
-1.54082	0.00967526
-1.54247	0.00223871
-1.54419	-0.00529437
-1.54635	-0.012798
-1.54906	-0.020171
-1.55194	-0.0275159
-1.55485	-0.0348869
-1.55782	-0.0421295
-1.56114	-0.0494482
-1.56522	-0.0574718
-1.56906	-0.0652603
-1.57278	-0.0729289
-1.57633	-0.0802412
-1.57921	-0.088047
-1.5821	-0.0957579
-1.58492	-0.103051
-1.58684	-0.109916
-1.58888	-0.116706
-1.59103	-0.123767
-1.59274	-0.130873
-1.595	-0.137812
-1.59711	-0.144879
-1.59895	-0.152883
-1.60058	-0.160831
-1.60307	-0.167401
-1.60676	-0.173986
-1.6103	-0.18043
-1.61412	-0.187282
-1.61811	-0.193694
-1.62201	-0.200023
-1.62589	-0.206157
-1.62981	-0.212448
-1.63294	-0.218564
-1.63612	-0.224952
-1.6393	-0.231375
-1.64238	-0.237905
-1.6454	-0.24431
-1.64885	-0.251314
-1.65238	-0.258346
-1.65583	-0.265582
-1.65884	-0.273117
-1.6618	-0.281189
-1.66544	-0.288977
-1.6692	-0.296769
-1.67284	-0.304441
-1.67638	-0.312026
-1.68002	-0.319719
-1.68313	-0.327599
-1.68653	-0.334777
-1.68987	-0.341309
-1.69347	-0.348299
-1.69817	-0.355629
-1.70276	-0.362534
-1.70667	-0.369089
-1.71029	-0.375696
-1.71394	-0.38248
-1.71748	-0.388966
-1.72158	-0.394813
-1.72516	-0.400924
-1.72894	-0.406819
-1.73523	-0.410995
-1.74139	-0.41485
-1.74892	-0.417471
-1.75651	-0.418484
-1.76411	-0.418664
-1.77145	-0.418522
-1.7794	-0.417354
-1.78712	-0.415648
-1.79499	-0.413233
-1.80306	-0.410753
-1.81148	-0.408123
-1.82002	-0.405286
-1.82947	-0.40181
-1.83862	-0.398235
-1.84733	-0.394544
-1.85558	-0.390175
-1.8635	-0.385706
-1.87049	-0.381067
-1.87704	-0.375965
-1.88334	-0.370689
-1.88869	-0.365485
-1.89394	-0.359853
-1.89951	-0.3549
-1.90547	-0.349363
-1.91123	-0.343675
-1.91672	-0.337864
-1.92211	-0.331966
-1.92715	-0.326282
-1.93212	-0.319923
-1.93774	-0.313458
-1.94441	-0.306628
-1.95068	-0.299885
-1.95644	-0.29333
-1.9611	-0.286858
-1.96455	-0.279978
-1.96802	-0.272908
-1.97101	-0.264996
-1.97392	-0.257103
-1.97737	-0.24971
-1.98063	-0.242749
-1.98387	-0.235645
-1.98775	-0.229006
-1.99127	-0.222116
-1.99468	-0.215142
-1.99816	-0.207906
-2.00145	-0.200539
-2.00453	-0.193126
-2.00748	-0.185885
-2.01008	-0.178314
-2.01239	-0.171378
-2.01499	-0.164183
-2.01703	-0.157406
-2.01903	-0.150372
-2.02105	-0.143157
-2.02269	-0.136416
-2.02433	-0.129481
-2.02671	-0.122055
-2.02885	-0.114053
-2.0306	-0.105976
-2.0322	-0.0980775
-2.03411	-0.0902403
-2.03559	-0.0824868
-2.03722	-0.075083
-2.03925	-0.0679107
-2.04135	-0.0605009
-2.04352	-0.0528343
-2.04556	-0.0455179
-2.04765	-0.0381777
-2.0494	-0.0317254
-2.05125	-0.0248074
-2.054	-0.0174404
-2.05694	-0.0100771
-2.05974	-0.00267446
-2.06224	0.00484634
-2.06441	0.0123626
-2.06652	0.0199046
-2.06876	0.0271002
-2.07079	0.0344402
-2.07307	0.0418064
-2.0753	0.0490967
-2.07759	0.0562604
-2.08021	0.0630316
-2.08249	0.0705039
-2.08467	0.0780177
-2.08714	0.0853445
-2.0895	0.0928431
-2.092	0.0998135
-2.09382	0.107589
-2.09544	0.115537
-2.09703	0.123354
-2.09856	0.13122
-2.09908	0.138615
-2.09955	0.146221
-2.10047	0.154396
-2.10142	0.162487
-2.1026	0.171047
-2.10428	0.179136
-2.10588	0.187095
-2.10719	0.19475
-2.10779	0.202152
-2.10834	0.209652
-2.10911	0.217425
-2.11021	0.224855
-2.11095	0.232641
-2.11178	0.240399
-2.11266	0.248321
-2.11367	0.256131
-2.11467	0.264035
-2.11592	0.271933
-2.1172	0.280015
-2.11846	0.287807
-2.11978	0.295416
-2.12131	0.303149
-2.12294	0.311086
-2.12445	0.318826
-2.12505	0.32645
-2.12573	0.334004
-2.12635	0.341654
-2.12704	0.34914
-2.12766	0.356135
-2.12826	0.363356
-2.12892	0.370672
-2.1297	0.378124
-2.13053	0.385688
-2.13139	0.392964
-2.13255	0.400517
-2.13397	0.408549
-2.13548	0.417262
-2.13679	0.42592
-2.13754	0.434755
-2.13817	0.443378
-2.13811	0.452146
-2.13802	0.460728
-2.13736	0.468727
-2.13643	0.476876
-2.13522	0.485549
-2.13399	0.494128
-2.13303	0.502878
-2.13194	0.511507
-2.13006	0.519552
-2.12816	0.527207
-2.12634	0.534725
-2.12451	0.542124
-2.12222	0.549479
-2.12005	0.557237
-2.11737	0.564783
-2.11471	0.572535
-2.11174	0.580106
-2.10882	0.587555
-2.10608	0.594356
-2.10325	0.601271
-2.10029	0.607899
-2.09723	0.614471
-2.09405	0.621078
-2.09048	0.62795
-2.08687	0.634817
-2.08309	0.641376
-2.0792	0.647863
-2.07482	0.653986
-2.07014	0.659953
-2.0652	0.66614
-2.06015	0.672259
-2.05488	0.677922
-2.04949	0.683378
-2.04396	0.688811
-2.03788	0.6944
-2.03235	0.700442
-2.02655	0.706254
-2.02026	0.712214
-2.01444	0.717708
-2.00862	0.723025
-2.00274	0.728256
-1.99684	0.733438
-1.99051	0.738423
-1.98411	0.743475
-1.97706	0.747138
-1.96992	0.751169
-1.96284	0.755212
-1.95551	0.759309
-1.94773	0.763348
-1.94006	0.767446
-1.93267	0.771641
-1.92574	0.776046
-1.91877	0.780818
-1.91208	0.785412
-1.9052	0.789842
-1.89838	0.794122
-1.89172	0.798404
-1.88389	0.802381
-1.87656	0.80618
-1.86874	0.810234
-1.86092	0.813771
-1.8534	0.817172
-1.84576	0.820447
-1.83776	0.823729
-1.83001	0.827543
-1.823	0.831838
-1.81652	0.836755
-1.81082	0.843007
-1.80602	0.849574
-1.80203	0.856668
-1.7986	0.864107
-1.79541	0.872592
-1.79345	0.87996
-1.79206	0.88763
-1.79158	0.89536
-1.79138	0.903537
-1.792	0.910896
-1.79328	0.917616
-1.79458	0.924723
-1.79594	0.931864
-1.7975	0.939303
-1.79932	0.946576
-1.80157	0.953099
-1.80396	0.960353
-1.80639	0.967777
-1.80885	0.975114
-1.81115	0.981912
-1.8135	0.988258
-1.81601	0.994784
-1.81861	1.00149
-1.82113	1.00802
-1.82408	1.01456
-1.82684	1.02125
-1.8296	1.02831
-1.83224	1.03542
-1.8349	1.04287
-1.83791	1.05136
-1.84089	1.05967
-1.84372	1.06779
-1.84642	1.07589
-1.84869	1.08421
-1.84991	1.09227
-1.85131	1.1007
-1.85216	1.10847
-1.85274	1.11631
-1.85299	1.12437
-1.85321	1.13202
-1.85283	1.13967
-1.85209	1.14686
-1.85065	1.15415
-1.84882	1.16255
-1.84646	1.17005
-1.84245	1.17775
-1.83844	1.18546
-1.83429	1.19327
-1.82914	1.20071
-1.82329	1.20798
-1.81748	1.21465
-1.81127	1.22091
-1.80527	1.22716
-1.79948	1.23321
-1.79375	1.23949
-1.78805	1.24561
-1.78315	1.25117
-1.77798	1.25638
-1.77274	1.26154
-1.76715	1.26588
-1.7619	1.2706
-1.75656	1.27515
-1.75123	1.28005
-1.74552	1.28494
-1.73986	1.28975
-1.73354	1.29439
-1.72783	1.29861
-1.72233	1.30295
-1.71635	1.30797
-1.71043	1.31291
-1.70425	1.31786
-1.69757	1.32254
-1.69101	1.32692
-1.68544	1.33166
-1.67926	1.33656
-1.67315	1.34148
-1.66704	1.34648
-1.66101	1.35133
-1.65513	1.35607
-1.64984	1.36084
-1.645	1.36579
-1.64017	1.37033
-1.63491	1.37495
-1.62953	1.37992
-1.62405	1.38546
-1.61885	1.39151
-1.61334	1.39803
-1.60799	1.40453
-1.60279	1.41109
-1.59786	1.41769
-1.5931	1.42432
-1.5882	1.43065
-1.58352	1.43701
-1.57869	1.44343
-1.57395	1.44993
-1.5692	1.45681
-1.56449	1.46418
-1.56	1.47151
-1.55576	1.47881
-1.5516	1.48545
-1.54778	1.49192
-1.54433	1.49827
-1.54089	1.50478
-1.5378	1.51198
-1.53459	1.51901
-1.53064	1.52555
-1.52605	1.53237
-1.52175	1.53928
-1.51743	1.5464
-1.51306	1.55362
-1.50909	1.56064
-1.50643	1.5677
-1.50351	1.57463
-1.50064	1.58157
-1.49793	1.58855
-1.49512	1.5955
-1.49215	1.603
-1.48914	1.61035
-1.48572	1.61784
-1.48224	1.6251
-1.47886	1.63229
-1.4754	1.63953
-1.47345	1.64661
-1.47102	1.65286
-1.46844	1.65995
-1.46626	1.66688
-1.46451	1.67392
-1.4626	1.68163
-1.461	1.68877
-1.45933	1.69625
-1.45778	1.70435
-1.45621	1.71228
-1.45488	1.72007
-1.45328	1.72722
-1.45227	1.73414
-1.45117	1.74123
-1.45007	1.74864
-1.44938	1.75674
-1.44819	1.76489
-1.44693	1.77295
-1.44527	1.78099
-1.44316	1.78892
-1.44053	1.79729
-1.43816	1.80564
-1.43582	1.81376
-1.43353	1.82179
-1.43152	1.82966
-1.42967	1.83693
-1.42788	1.84471
-1.426	1.85203
-1.4243	1.85913
-1.42291	1.86691
-1.42152	1.8746
-1.42035	1.88212
-1.41909	1.88959
-1.41817	1.89642
-1.41714	1.90342
-1.41613	1.91099
-1.41415	1.91883
-1.41227	1.92636
-1.41015	1.93374
-1.40797	1.94122
-1.40568	1.94901
-1.40313	1.95669
-1.3998	1.96439
-1.39639	1.97175
-1.39261	1.97908
-1.38891	1.98669
-1.38527	1.99416
-1.3816	2.00148
-1.37774	2.00785
-1.37411	2.01418
-1.37045	2.02075
-1.36687	2.02745
-1.36367	2.03444
-1.36029	2.04171
-1.35657	2.04951
-1.35296	2.05692
-1.3489	2.06396
-1.34505	2.07044
-1.34258	2.07743
-1.34001	2.08484
-1.33812	2.09295
-1.33667	2.10152
-1.33509	2.11006
-1.33385	2.11864
-1.33193	2.12659
-1.32944	2.13495
-1.32697	2.14304
-1.32451	2.15061
-1.32215	2.15833
-1.31985	2.16609
-1.31748	2.17388
-1.3151	2.18144
-1.31295	2.18862
-1.31074	2.1961
-1.30772	2.20402
-1.30443	2.21125
-1.30107	2.21853
-1.29793	2.22533
-1.29477	2.2322
-1.29143	2.23857
-1.28828	2.2457
-1.2851	2.25256
-1.28224	2.2589
-1.2794	2.26536
-1.27643	2.27213
-1.27356	2.27927
-1.27052	2.28608
-1.2674	2.29306
-1.2639	2.30054
-1.26068	2.30814
-1.25742	2.31571
-1.25395	2.32317
-1.25142	2.33018
-1.24933	2.3372
-1.24719	2.34421
-1.24526	2.35144
-1.2433	2.35885
-1.24136	2.36592
-1.23952	2.37353
-1.23739	2.38106
-1.23533	2.38858
-1.23321	2.39613
-1.23093	2.40352
-1.22826	2.41062
-1.22562	2.41792
-1.22251	2.42515
-1.21937	2.43245
-1.21616	2.44045
-1.21282	2.44866
-1.2096	2.45659
-1.20598	2.46482
-1.20199	2.47296
-1.19809	2.48064
-1.1948	2.48816
-1.19248	2.49556
-1.18907	2.50242
-1.18538	2.51015
-1.18202	2.51752
-1.17835	2.52502
-1.17469	2.53249
-1.17053	2.54025
-1.16676	2.54804
-1.16301	2.55553
-1.16003	2.56373
-1.15712	2.57173
-1.15423	2.57966
-1.15124	2.58749
-1.14835	2.59591
-1.14552	2.60442
-1.1425	2.61263
-1.13917	2.62117
-1.1354	2.62923
-1.13186	2.6369
-1.12832	2.6444
-1.12454	2.65148
-1.12137	2.65797
-1.1185	2.66404
-1.11567	2.67054
-1.1128	2.67694
-1.10976	2.68377
-1.10633	2.69031
-1.10312	2.69663
-1.09939	2.70304
-1.0957	2.70951
-1.09185	2.71609
-1.08783	2.72302
-1.08396	2.72991
-1.08011	2.7367
-1.07639	2.74355
-1.07264	2.75046
-1.06897	2.75741
-1.06536	2.76473
-1.06059	2.77233
-1.05592	2.77984
-1.05146	2.78712
-1.04675	2.79474
-1.04244	2.80219
-1.03779	2.80932
-1.03367	2.81695
-1.02976	2.82396
-1.02558	2.8316
-1.02167	2.8393
-1.01834	2.84668
-1.01505	2.85406
-1.01127	2.8615
-1.00768	2.86889
-1.00445	2.87681
-1.00152	2.88478

-0.999084	-2.88725
-0.99681	-2.87936
-0.994638	-2.87083
-0.992486	-2.8625
-0.990515	-2.85428
-0.988747	-2.84566
-0.98715	-2.83675
-0.985767	-2.82805
-0.98457	-2.81952
-0.983555	-2.81112
-0.983157	-2.80348
-0.982728	-2.79579
-0.982296	-2.78799
-0.982016	-2.78014
-0.981673	-2.77222
-0.981608	-2.76425
-0.981923	-2.75586
-0.981823	-2.74757
-0.981839	-2.7396
-0.982063	-2.73182
-0.982143	-2.72422
-0.982433	-2.71651
-0.982947	-2.7088
-0.983441	-2.70107
-0.984215	-2.69277
-0.985132	-2.68403
-0.986275	-2.67547
-0.987613	-2.66754
-0.988985	-2.65966
-0.990357	-2.65193
-0.991352	-2.64372
-0.992685	-2.63592
-0.993989	-2.62797
-0.995244	-2.62038
-0.996346	-2.61318
-0.997798	-2.60611
-0.999346	-2.59895
-1.00133	-2.59109
-1.00405	-2.58296
-1.0065	-2.57488
-1.00916	-2.5671
-1.01178	-2.55938
-1.01451	-2.55114
-1.01715	-2.54312
-1.01994	-2.5347
-1.02266	-2.52646
-1.02509	-2.51835
-1.02732	-2.51083
-1.03001	-2.50343
-1.03253	-2.49617
-1.03481	-2.4891
-1.03676	-2.48213
-1.03873	-2.47577
-1.04091	-2.46904
-1.04314	-2.46203
-1.04476	-2.45542
-1.0455	-2.44866
-1.04707	-2.44168
-1.04827	-2.43454
-1.04942	-2.42739
-1.051	-2.41995
-1.05268	-2.41253
-1.05524	-2.4044
-1.0578	-2.39625
-1.06027	-2.38836
-1.0626	-2.38088
-1.0648	-2.3729
-1.06703	-2.36511
-1.06948	-2.35753
-1.07231	-2.34989
-1.07521	-2.34271
-1.07799	-2.33598
-1.08072	-2.32915
-1.08345	-2.32229
-1.08635	-2.31516
-1.08923	-2.30794
-1.09259	-2.30057
-1.09551	-2.29259
-1.09862	-2.28483
-1.10213	-2.27707
-1.10526	-2.26925
-1.10855	-2.26139
-1.11172	-2.25363
-1.11479	-2.24582
-1.11777	-2.23814
-1.12091	-2.22982
-1.12367	-2.22207
-1.12632	-2.21451
-1.12899	-2.20689
-1.13189	-2.19938
-1.13436	-2.19214
-1.1366	-2.18423
-1.13903	-2.17676
-1.1414	-2.16921
-1.14309	-2.16148
-1.14497	-2.15422
-1.14688	-2.14683
-1.14979	-2.13986
-1.15258	-2.13282
-1.15545	-2.12581
-1.15812	-2.11944
-1.16073	-2.11274
-1.16329	-2.10619
-1.16581	-2.09925
-1.1682	-2.09189
-1.17141	-2.08425
-1.17455	-2.07669
-1.17762	-2.06891
-1.18064	-2.06125
-1.18328	-2.05369
-1.1854	-2.04514
-1.18778	-2.03693
-1.19122	-2.02881
-1.19431	-2.02089
-1.19766	-2.01317
-1.20116	-2.0061
-1.20441	-1.99953
-1.20682	-1.99261
-1.20916	-1.9858
-1.21151	-1.97887
-1.21421	-1.9722
-1.217	-1.96509
-1.21922	-1.95682
-1.22147	-1.94869
-1.22402	-1.94044
-1.22651	-1.93236
-1.22885	-1.92446
-1.23093	-1.91623
-1.23271	-1.90804
-1.23497	-1.90014
-1.23792	-1.8927
-1.24155	-1.8852
-1.24511	-1.87775
-1.24873	-1.87018
-1.25225	-1.86271
-1.25566	-1.85547
-1.25916	-1.84879
-1.26313	-1.84114
-1.26749	-1.8339
-1.27211	-1.82704
-1.27667	-1.82014
-1.28143	-1.8129
-1.28617	-1.80473
-1.29069	-1.79664
-1.29485	-1.78869
-1.29793	-1.78046
-1.3011	-1.77258
-1.30429	-1.76504
-1.30732	-1.75819
-1.31068	-1.75142
-1.31422	-1.74362
-1.31783	-1.73655
-1.32111	-1.73009
-1.32395	-1.72343
-1.32691	-1.7166
-1.3298	-1.70953
-1.3327	-1.70266
-1.33561	-1.69559
-1.33848	-1.68807
-1.34218	-1.68056
-1.34561	-1.67315
-1.34863	-1.66592
-1.35148	-1.65865
-1.35404	-1.65121
-1.35616	-1.64357
-1.3584	-1.63592
-1.36087	-1.62815
-1.36292	-1.62041
-1.36485	-1.6128
-1.36702	-1.60534
-1.36862	-1.59754
-1.3702	-1.58972
-1.37151	-1.58212
-1.37282	-1.5742
-1.37506	-1.56694
-1.37741	-1.5595
-1.37953	-1.55209
-1.38197	-1.54505
-1.38446	-1.53807
-1.38746	-1.53096
-1.39085	-1.52397
-1.39414	-1.51691
-1.3974	-1.5097
-1.40038	-1.50211
-1.4039	-1.49439
-1.40737	-1.48667
-1.41076	-1.47921
-1.41417	-1.47182
-1.41763	-1.46442
-1.42103	-1.45758
-1.42473	-1.45109
-1.42838	-1.44461
-1.43195	-1.43803
-1.43463	-1.43215
-1.43683	-1.42596
-1.43874	-1.41839
-1.44057	-1.41063
-1.44224	-1.40251
-1.44406	-1.39458
-1.44614	-1.38675
-1.44837	-1.37948
-1.45068	-1.37205
-1.45267	-1.36436
-1.45459	-1.35658
-1.45538	-1.3488
-1.45616	-1.34109
-1.45704	-1.33237
-1.45763	-1.32413
-1.45852	-1.31536
-1.45954	-1.30688
-1.46092	-1.29808
-1.46187	-1.28946
-1.46242	-1.2814
-1.46307	-1.27322
-1.46378	-1.26501
-1.46482	-1.25695
-1.46575	-1.24898
-1.46684	-1.24124
-1.46805	-1.2333
-1.46933	-1.22524
-1.4703	-1.21778
-1.47189	-1.21114
-1.47351	-1.20455
-1.4746	-1.19805
-1.47522	-1.19128
-1.47607	-1.18467
-1.47717	-1.17793
-1.47799	-1.1719
-1.47893	-1.16549
-1.4803	-1.15883
-1.48211	-1.15204
-1.48413	-1.14448
-1.4856	-1.13632
-1.48694	-1.12854
-1.48844	-1.12015
-1.48988	-1.11163
-1.49145	-1.10333
-1.49317	-1.09514
-1.49513	-1.08719
-1.49708	-1.07929
-1.49896	-1.07132
-1.50067	-1.06384
-1.50234	-1.05632
-1.504	-1.04877
-1.50545	-1.04131
-1.50678	-1.03372
-1.50816	-1.02612
-1.51038	-1.01835
-1.51293	-1.01172
-1.51547	-1.00491
-1.51755	-0.998104
-1.51971	-0.99093
-1.52193	-0.983988
-1.52398	-0.97733
-1.52621	-0.970525
-1.52868	-0.963426
-1.53096	-0.956367
-1.5333	-0.949225
-1.53546	-0.942332
-1.5381	-0.934923
-1.54074	-0.927516
-1.54367	-0.920285
-1.54704	-0.913109
-1.55027	-0.905598
-1.55311	-0.89793
-1.55529	-0.890255
-1.55774	-0.882603
-1.56032	-0.874806
-1.56309	-0.867627
-1.56624	-0.860141
-1.56931	-0.852799
-1.57235	-0.845395
-1.57575	-0.838855
-1.57895	-0.831648
-1.58226	-0.824337
-1.5861	-0.816787
-1.58927	-0.809341
-1.59273	-0.80164
-1.59596	-0.79462
-1.59944	-0.787143
-1.60278	-0.779608
-1.60602	-0.772077
-1.60939	-0.765306
-1.6126	-0.758734
-1.61562	-0.752239
-1.61864	-0.745705
-1.62168	-0.738975
-1.62472	-0.732225
-1.62748	-0.725599
-1.63025	-0.718862
-1.63282	-0.7108
-1.63517	-0.703016
-1.63788	-0.695236
-1.64092	-0.687573
-1.64332	-0.67927
-1.64551	-0.670799
-1.64696	-0.662065
-1.64837	-0.653215
-1.64976	-0.644615
-1.65071	-0.636482
-1.65189	-0.627752
-1.65292	-0.619366
-1.65325	-0.61146
-1.65394	-0.603303
-1.65472	-0.594772
-1.65514	-0.586743
-1.65511	-0.57886
-1.65516	-0.570935
-1.65574	-0.563266
-1.65655	-0.555647
-1.6576	-0.547825
-1.65865	-0.540006
-1.65965	-0.532296
-1.66075	-0.524463
-1.66243	-0.515925
-1.66406	-0.507484
-1.66634	-0.498737
-1.66834	-0.490158
-1.67058	-0.48181
-1.67264	-0.473675
-1.67505	-0.465672
-1.6773	-0.457986
-1.67933	-0.45037
-1.68106	-0.442192
-1.68259	-0.43402
-1.6839	-0.425994
-1.68474	-0.418715
-1.68508	-0.411152
-1.68494	-0.403523
-1.68537	-0.396016
-1.68602	-0.388661
-1.68691	-0.380892
-1.6875	-0.372949
-1.68819	-0.364607
-1.68899	-0.355954
-1.69047	-0.346823
-1.69182	-0.337955
-1.69312	-0.329266
-1.69423	-0.319778
-1.69502	-0.31081
-1.69554	-0.30218
-1.696	-0.293775
-1.69593	-0.285427
-1.69641	-0.277302
-1.69682	-0.269195
-1.69712	-0.261467
-1.69723	-0.254206
-1.69782	-0.247275
-1.6983	-0.240145
-1.69879	-0.233213
-1.69912	-0.226148
-1.69928	-0.21894
-1.6991	-0.211307
-1.69857	-0.203887
-1.69817	-0.196648
-1.69851	-0.189491
-1.69893	-0.182267
-1.69929	-0.17536
-1.6996	-0.167992
-1.6997	-0.160551
-1.69958	-0.153021
-1.69857	-0.145312
-1.69718	-0.137364
-1.6957	-0.129475
-1.69396	-0.121666
-1.69246	-0.114034
-1.69071	-0.106513
-1.68896	-0.0993931
-1.68757	-0.0920206
-1.68544	-0.0845371
-1.68304	-0.0768174
-1.68051	-0.0690197
-1.6778	-0.0613541
-1.67523	-0.0543243
-1.67249	-0.0469222
-1.66956	-0.0394391
-1.66686	-0.0324219
-1.6641	-0.0248042
-1.6618	-0.017048
-1.65931	-0.00951388
-1.65662	-0.00207235
-1.65351	0.00510484
-1.65035	0.0119737
-1.64705	0.0187674
-1.64344	0.0257114
-1.63993	0.032405
-1.63535	0.0387336
-1.6309	0.0456668
-1.6264	0.0516634
-1.62155	0.0574498
-1.61621	0.0636175
-1.61103	0.0697645
-1.60582	0.0758304
-1.60069	0.0819263
-1.59569	0.0888619
-1.59064	0.095498
-1.58574	0.101947
-1.58063	0.107944
-1.57544	0.114165
-1.57069	0.120405
-1.56567	0.126409
-1.56079	0.132169
-1.5558	0.137941
-1.55074	0.143748
-1.5457	0.149769
-1.54064	0.155908
-1.53603	0.162041
-1.5313	0.168152
-1.52717	0.174708
-1.52226	0.180606
-1.51744	0.187152
-1.5127	0.193739
-1.50824	0.200334
-1.50322	0.207346
-1.49825	0.214873
-1.49285	0.221706
-1.48678	0.228065
-1.48126	0.234335
-1.47534	0.240777
-1.4691	0.246726
-1.46277	0.252518
-1.45651	0.25818
-1.44988	0.263693
-1.44334	0.26914
-1.43696	0.274394
-1.43148	0.279116
-1.42682	0.284348
-1.42191	0.289488
-1.41698	0.294447
