0.995022	0.00527248
0.989283	0.0112267
0.983756	0.0172538
0.978148	0.0228687
0.972481	0.0293032
0.966394	0.0362216
0.960822	0.0433596
0.95538	0.0500142
0.949984	0.0566726
0.944472	0.0631703
0.938748	0.0698321
0.933214	0.0749239
0.927875	0.0804875
0.921684	0.0861447
0.915559	0.0922546
0.909601	0.0983132
0.903718	0.10416
0.898069	0.109745
0.892532	0.115285
0.886742	0.120636
0.881529	0.126227
0.876441	0.132039
0.871386	0.137948
0.86605	0.14395
0.860814	0.150126
0.856499	0.156073
0.851604	0.16188
0.847039	0.168261
0.841972	0.174798
0.836871	0.181445
0.831794	0.188406
0.827032	0.195616
0.822672	0.202574
0.818147	0.209705
0.813641	0.217088
0.809213	0.223835
0.804747	0.230381
0.800385	0.237132
0.796476	0.243501
0.792572	0.250453
0.788793	0.257656
0.785012	0.264603
0.781423	0.271716
0.778294	0.279345
0.775095	0.286723
0.772126	0.294066
0.769081	0.301531
0.765559	0.308776
0.762225	0.31544
0.758696	0.322622
0.755237	0.330545
0.751456	0.337331
0.748037	0.344024
0.744598	0.35085
0.741441	0.357708
0.738606	0.365136
0.735864	0.372642
0.733482	0.380186
0.731177	0.387811
0.72856	0.395822
0.726044	0.403934
0.722783	0.412191
0.720263	0.420223
0.717405	0.428183
0.714399	0.436503
0.711839	0.444478
0.709585	0.452387
0.707168	0.4601
0.704154	0.467329
0.702041	0.473911
0.700147	0.480826
0.698287	0.48791
0.696054	0.495641
0.693911	0.503371
0.691998	0.5112
0.689983	0.51961
0.688528	0.527347
0.687135	0.535099
0.685821	0.542748
0.684604	0.550438
0.68263	0.558146
0.680586	0.566083
0.678668	0.57347
0.676392	0.581019
0.674168	0.588666
0.671665	0.596472
0.668771	0.603364
0.666434	0.609786
0.664202	0.616038
0.661775	0.622746
0.65958	0.629725
0.657447	0.636888
0.655503	0.644207
0.653303	0.651958
0.651146	0.659801
0.649077	0.667528
0.647235	0.674579
0.645436	0.681769
0.643321	0.688401
0.640549	0.695122
0.637442	0.702344
0.634649	0.709783
0.631942	0.717685
0.630009	0.725456
0.62821	0.732953
0.626547	0.740626
0.62473	0.748243
0.623387	0.75613
0.622185	0.764014
0.621084	0.771965
0.620593	0.779806
0.62012	0.787678
0.619814	0.795652
0.619409	0.803842
0.619054	0.81196
0.618527	0.819885
0.617224	0.829441
0.616072	0.838262
0.614787	0.846575
0.613383	0.854807
0.612065	0.862825
0.611049	0.871185
0.610305	0.879856
0.609718	0.888337
0.609366	0.89629
0.608973	0.904114
0.60792	0.912034
0.606791	0.919594
0.604979	0.927088
0.602909	0.934872
0.600997	0.943008
0.59925	0.95109
0.59772	0.959114
0.596467	0.967086
0.594621	0.975222
0.592882	0.983204
0.591512	0.990234
0.590486	0.997276
0.589793	1.00498
0.589117	1.01275
0.588357	1.02057
0.587678	1.02848
0.586597	1.03623
0.586008	1.04404
0.584965	1.05228
0.584322	1.06035
0.583723	1.06836
0.58359	1.07622
0.583425	1.08381
0.583419	1.09165
0.583355	1.09904
0.583781	1.10678
0.584241	1.11448
0.584588	1.1226
0.584837	1.1307
0.584878	1.13856
0.585108	1.1465
0.585229	1.15388
0.585771	1.16168
0.586671	1.16941
0.587381	1.1773
0.587882	1.18499
0.588231	1.19293
0.588561	1.20047
0.588006	1.20805
0.587804	1.21551
0.58763	1.223
0.588535	1.23152
0.589359	1.24017
0.590082	1.24878
0.590347	1.25713
0.591832	1.26523
0.592613	1.27366
0.59355	1.2817
0.594158	1.28963
0.594397	1.29832
0.594993	1.30751
0.596045	1.31648
0.596468	1.32498
0.597297	1.33334
0.59799	1.34222
0.597942	1.3505
0.598529	1.35873
0.598294	1.3678
0.59834	1.37658
0.598471	1.38462
0.598657	1.39203
0.598374	1.39949
0.597944	1.40725
0.597424	1.41535
0.596892	1.42325
0.59587	1.43048
0.594774	1.43776
0.593639	1.44513
0.592783	1.45276
0.591971	1.46037
0.591143	1.46805
0.590133	1.47556
0.589354	1.48313
0.588316	1.49089
0.587008	1.49842
0.585497	1.50555
0.583605	1.51304
0.581931	1.5217
0.58035	1.52986
0.579114	1.53815
0.577913	1.54638
0.576714	1.55511
0.575277	1.56364
0.57438	1.57183
0.573614	1.5799
0.572833	1.58797
0.571823	1.5955
0.570825	1.60305
0.569604	1.61041
0.568033	1.61854
0.566602	1.62679
0.565332	1.63514
0.564039	1.64347
0.562641	1.65173
0.561568	1.66019
0.560599	1.66824
0.559732	1.67632
0.558946	1.6844
0.558245	1.69238
0.557782	1.70008
0.557268	1.70777
0.556884	1.71559
0.55657	1.7235
0.55632	1.73065
0.556095	1.7385
0.555834	1.74686
0.555196	1.75503
0.554446	1.76327
0.553926	1.77124
0.553638	1.77891
0.553325	1.78624
0.55307	1.79301
0.552785	1.80073
0.552573	1.80849
0.552275	1.8164
0.551947	1.82429
0.551612	1.83217
0.550781	1.83976
0.549928	1.84746
0.549098	1.85522
0.548435	1.86313
0.547861	1.87109
0.546671	1.8782
0.545497	1.88546
0.54477	1.89289
0.543875	1.90029
0.542371	1.9082
0.541367	1.91611
0.540685	1.92431
0.540304	1.93276
0.539077	1.94137
0.53726	1.94925
0.534654	1.95708
0.531887	1.96514
0.52923	1.97306
0.526581	1.98143
0.524272	1.98924
0.522352	1.99797
0.52055	2.00604
0.518825	2.01396
0.517084	2.02144
0.515483	2.02904
0.513938	2.03668
0.512415	2.04342
0.510458	2.05066
0.509078	2.05807
0.5075	2.0655
0.506042	2.07295
0.504621	2.08054
0.503497	2.08814
0.502413	2.09608
0.501403	2.10393
0.500154	2.11143
0.499004	2.11907
0.498419	2.12687
0.497622	2.13459
0.496114	2.14281
0.494544	2.15077
0.4931	2.15899
0.491765	2.16715
0.490315	2.17517
0.488919	2.18318
0.487734	2.19105
0.486798	2.19881
0.485836	2.20656
0.485126	2.21383
0.484196	2.22061
0.483509	2.22737
0.482673	2.23384
0.482151	2.24039
0.481433	2.24665
0.480571	2.25242
0.47977	2.25847
0.478897	2.26396
0.477511	2.27028
0.476106	2.2769
0.474949	2.28399
0.474183	2.2905
0.473446	2.29678
0.472595	2.30412
0.47186	2.31129
0.471139	2.3186
0.47095	2.32565
0.470694	2.33303
0.471175	2.3402
0.471579	2.34773
0.473346	2.35555
0.474648	2.36346
0.476017	2.37156
0.476824	2.37945
0.477699	2.38737
0.479356	2.39535
0.480981	2.40331
0.482553	2.41122
0.484017	2.41911
0.484941	2.42735
0.485849	2.43547
0.486871	2.4453
0.487703	2.45468
0.488497	2.46383
0.489368	2.47288
0.490403	2.48146
0.490589	2.49054
0.490689	2.49937
0.49071	2.50822
0.490553	2.5172
0.490431	2.52584
0.490644	2.53453
0.490601	2.54309
0.490702	2.55174
0.490209	2.56059
0.489694	2.56926
0.489528	2.57804
0.489343	2.58689
0.489286	2.59568
0.488822	2.60471
0.488049	2.61314
0.4875	2.62156
0.487064	2.62993
0.486693	2.63816
0.486352	2.64627
0.486059	2.65418
0.486006	2.66221
0.486213	2.67019
0.485701	2.6777
0.485693	2.68468
0.485565	2.69237
0.485439	2.70009
0.485378	2.70761
0.485401	2.71535
0.485901	2.72313
0.485752	2.73123
0.485903	2.73955
0.48606	2.74758
0.485202	2.75525
0.484774	2.76271
0.484363	2.7703
0.483136	2.77872
0.481597	2.78699
0.480543	2.79429
0.479585	2.80195
0.478504	2.80939
0.47832	2.81729
0.477755	2.82478
0.477189	2.83235
0.477298	2.84016
0.477431	2.8482
0.477986	2.856
0.477968	2.86414
0.478175	2.87248
0.47817	2.88064
0.477914	2.88927
0.477741	-2.88248
0.477696	-2.87392
0.477718	-2.8652
0.477733	-2.85665
0.477623	-2.84815
0.477842	-2.84034
0.477494	-2.83308
0.47736	-2.82586
0.477455	-2.81777
0.477744	-2.80948
0.477992	-2.80126
0.477966	-2.79262
0.477941	-2.7838
0.477736	-2.77507
0.477305	-2.76575
0.476705	-2.75641
0.476217	-2.7473
0.475662	-2.7386
0.474904	-2.73005
0.474249	-2.72146
0.474288	-2.71308
0.474454	-2.70473
0.474509	-2.69658
0.474509	-2.68859
0.474518	-2.68113
0.47398	-2.67355
0.472821	-2.66547
0.472057	-2.65738
0.471079	-2.64982
0.470101	-2.64228
0.469103	-2.63466
0.468227	-2.62642
0.467442	-2.61823
0.46658	-2.60968
0.465633	-2.60126
0.464737	-2.59296
0.46382	-2.58477
0.462707	-2.5777
0.461857	-2.57046
0.460426	-2.56319
0.459069	-2.55566
0.457392	-2.54756
0.456334	-2.53939
0.455423	-2.53159
0.455293	-2.52363
0.455564	-2.51534
0.455186	-2.50665
0.455222	-2.49864
0.455333	-2.49067
0.456329	-2.48152
0.457628	-2.47283
0.458145	-2.46444
0.458568	-2.45587
0.458574	-2.44679
0.458968	-2.43751
0.459427	-2.4283
0.459759	-2.41931
0.459665	-2.41077
0.459567	-2.40222
0.459576	-2.39389
0.459585	-2.38565
0.459091	-2.37682
0.458033	-2.36837
0.456955	-2.35998
0.455904	-2.35172
0.454866	-2.34368
0.45413	-2.33525
0.453881	-2.32687
0.453878	-2.31801
0.453676	-2.30957
0.453718	-2.3006
0.453368	-2.29155
0.453726	-2.28297
0.453766	-2.27514
0.453807	-2.26734
0.453976	-2.25937
0.454163	-2.25143
0.454612	-2.24335
0.454403	-2.23558
0.454024	-2.22789
0.453396	-2.21997
0.452704	-2.2124
0.452899	-2.20498
0.453032	-2.19773
0.453099	-2.19024
0.452604	-2.1825
0.452195	-2.17476
0.451513	-2.167
0.450762	-2.15855
0.449443	-2.15003
0.448254	-2.14229
0.446456	-2.13483
0.44474	-2.1273
0.44308	-2.11939
0.441055	-2.11198
0.438809	-2.10437
0.436566	-2.09658
0.434419	-2.08881
0.432312	-2.08104
0.430567	-2.07302
0.428983	-2.06501
0.428168	-2.0568
0.426161	-2.04858
0.424143	-2.04125
0.421966	-2.0341
0.420068	-2.02708
0.418479	-2.02005
0.417467	-2.01256
0.4165	-2.00506
0.415288	-1.99775
0.414357	-1.99038
0.41344	-1.98287
0.412547	-1.97517
0.411703	-1.96813
0.410843	-1.9607
0.409124	-1.95267
0.407635	-1.94473
0.406081	-1.93661
0.404287	-1.92811
0.402321	-1.91963
0.400349	-1.91102
0.397682	-1.9029
0.395115	-1.89468
0.393265	-1.88671
0.391166	-1.87933
0.389299	-1.87195
0.38778	-1.86446
0.386949	-1.85723
0.386013	-1.85044
0.385429	-1.84326
0.385516	-1.83622
0.385897	-1.82893
0.38631	-1.8218
0.387379	-1.81455
0.388207	-1.80751
0.388973	-1.80037
0.389655	-1.79306
0.389965	-1.78566
0.389945	-1.77876
0.390124	-1.77207
0.390708	-1.76438
0.391052	-1.7567
0.391265	-1.74875
0.39151	-1.74088
0.392023	-1.73296
0.392223	-1.72529
0.392404	-1.71745
0.392418	-1.70933
0.392465	-1.70128
0.392854	-1.69323
0.393723	-1.68554
0.394779	-1.67808
0.39564	-1.67031
0.395941	-1.66235
0.396238	-1.65441
0.396462	-1.64619
0.397232	-1.63786
0.398517	-1.62882
0.39991	-1.6198
0.401374	-1.61106
0.402211	-1.60201
0.402751	-1.59271
0.402965	-1.58368
0.403103	-1.57583
0.403584	-1.56739
0.404045	-1.55906
0.404209	-1.55077
0.404502	-1.5423
0.404183	-1.53391
0.404036	-1.52554
0.403869	-1.51719
0.403745	-1.50922
0.403604	-1.5014
0.403491	-1.49351
0.4034	-1.48547
0.403177	-1.47736
0.402935	-1.46926
0.402468	-1.46153
0.401669	-1.45325
0.401454	-1.44523
0.40135	-1.43724
0.401154	-1.4294
0.401007	-1.42155
0.401137	-1.41425
0.401238	-1.40698
0.401321	-1.39966
0.401523	-1.39211
0.401586	-1.38516
0.401579	-1.37843
0.401169	-1.371
0.400175	-1.36376
0.399209	-1.35643
0.398078	-1.34914
0.396989	-1.34165
0.39654	-1.33435
0.396304	-1.3267
0.396364	-1.31876
0.397066	-1.31159
0.397734	-1.30412
0.39831	-1.29651
0.399584	-1.28876
0.399962	-1.28062
0.40034	-1.27254
0.400694	-1.26393
0.400932	-1.2555
0.400999	-1.24703
0.4004	-1.23851
0.399583	-1.22926
0.398761	-1.22011
0.397843	-1.21148
0.397292	-1.20316
0.396822	-1.19495
0.396615	-1.18676
0.396415	-1.17869
0.395808	-1.1717
0.394929	-1.16432
0.394073	-1.15614
0.393055	-1.14776
0.392252	-1.1395
0.391739	-1.13121
0.391321	-1.123
0.391007	-1.11499
0.3908	-1.10692
0.390644	-1.09914
0.390494	-1.09138
0.390389	-1.08353
0.390215	-1.07501
0.389822	-1.06738
0.389387	-1.05993
0.389298	-1.05237
0.388463	-1.04486
0.388294	-1.03656
0.388446	-1.02812
0.387861	-1.02021
0.387192	-1.01236
0.386639	-1.00448
0.38615	-0.996595
0.38575	-0.989421
0.385163	-0.982397
0.383953	-0.975971
0.382957	-0.969321
0.381991	-0.962485
0.381214	-0.955437
0.38064	-0.947997
0.380042	-0.94005
0.379368	-0.931905
0.378713	-0.923855
0.378012	-0.916132
0.377444	-0.908365
0.376524	-0.900192
0.375744	-0.891994
0.374988	-0.883974
0.374327	-0.875922
0.373808	-0.867988
0.3722	-0.860941
0.370583	-0.853605
0.369287	-0.846158
0.368138	-0.838631
0.367027	-0.831252
0.365998	-0.823787
0.36528	-0.816072
0.364716	-0.808308
0.364396	-0.800652
0.364076	-0.792773
0.363629	-0.784791
0.363492	-0.776797
0.363645	-0.769154
0.363865	-0.761024
0.364482	-0.753078
0.365598	-0.745405
0.366657	-0.737542
0.367965	-0.729841
0.369646	-0.722159
0.371359	-0.71492
0.373599	-0.707919
0.376036	-0.701012
0.378615	-0.694592
0.380608	-0.68825
0.382641	-0.682001
0.384876	-0.675485
0.387537	-0.668559
0.390585	-0.660582
0.393696	-0.652802
0.397043	-0.645391
0.400604	-0.638407
0.40437	-0.631636
0.408289	-0.624927
0.411976	-0.618161
0.41492	-0.611901
0.418104	-0.606031
0.421859	-0.599746
0.425765	-0.593317
0.429843	-0.586915
0.434143	-0.580779
0.438558	-0.574691
0.44309	-0.568942
0.447843	-0.562697
0.452952	-0.556483
0.458152	-0.550083
0.463405	-0.543804
0.468946	-0.537274
0.474333	-0.530824
0.479339	-0.524921
0.484553	-0.519462
0.489877	-0.513916
0.495605	-0.50821
0.501211	-0.503504
0.507188	-0.498497
0.51336	-0.493733
0.519074	-0.489157
0.525009	-0.48527
0.531104	-0.481339
0.538142	-0.477996
0.54532	-0.474658
0.55251	-0.471231
0.55965	-0.468087
0.567349	-0.465264
0.574991	-0.46252
0.582599	-0.459796
0.589982	-0.457532
0.597388	-0.454882
0.604496	-0.45248
0.612108	-0.450931
0.619069	-0.448125
0.625893	-0.444976
0.633557	-0.441145
0.641423	-0.436731
0.649093	-0.432317
0.656632	-0.428071
0.663541	-0.423528
0.670184	-0.418635
0.677081	-0.413742
0.684309	-0.40853
0.691407	-0.403539
0.698812	-0.398529
0.706162	-0.394174
0.713338	-0.389477
0.720612	-0.384452
0.728037	-0.380161
0.735328	-0.375519
0.742015	-0.369436
0.748679	-0.363676
0.75538	-0.358155
0.763329	-0.353334
0.771154	-0.348811
0.778039	-0.344712
0.784969	-0.340686
0.791684	-0.336549
0.798425	-0.332496
0.804732	-0.328428
0.81114	-0.324213
0.817791	-0.320063
0.824587	-0.316174
0.831164	-0.311283
0.837783	-0.306072
0.843953	-0.301066
0.85019	-0.296171
0.857141	-0.291922
0.864192	-0.288306
0.871041	-0.284521
0.8781	-0.280745
0.885233	-0.276865
0.892445	-0.273312
0.899418	-0.269829
0.906494	-0.266736
0.912913	-0.263023
0.919464	-0.25925
0.926366	-0.255502
0.933508	-0.251814
0.940332	-0.248464
0.947351	-0.245198
0.954247	-0.24188
0.960944	-0.239079
0.966873	-0.236536
0.973001	-0.233891
0.979411	-0.23144
0.986096	-0.228511
0.992885	-0.225566
1.00004	-0.222565
1.00733	-0.219487
1.01458	-0.216462
1.02205	-0.213625
1.02942	-0.211034
1.03687	-0.208459
1.0443	-0.205788
1.05172	-0.20335
1.05892	-0.20065
1.06618	-0.197676
1.07353	-0.194586
1.08058	-0.191896
1.08695	-0.18932
1.09357	-0.186682
1.10034	-0.184184
1.10699	-0.18186
1.11329	-0.179641
1.11991	-0.177382
1.12703	-0.174855
1.13397	-0.172549
1.14124	-0.170262
1.1486	-0.167998
1.15611	-0.16585
1.16356	-0.164291
1.17151	-0.1632
1.17916	-0.162004
1.18661	-0.160671
1.19353	-0.159549
1.20027	-0.158626
1.20766	-0.157893
1.21494	-0.156739
1.22228	-0.155656
1.22971	-0.154386
1.23729	-0.15317
1.2445	-0.152079
1.25184	-0.151182
1.25909	-0.151331
1.26646	-0.151353
1.27442	-0.151127
1.28226	-0.151066
1.29033	-0.150808
1.29833	-0.150527
1.30597	-0.149332
1.31352	-0.148204
1.32089	-0.147131
1.32802	-0.14603
1.33536	-0.144665
1.34312	-0.143072
1.35036	-0.141775
1.35802	-0.140198
1.36592	-0.138087
1.37396	-0.136126
1.38193	-0.133916
1.38956	-0.131635
1.39716	-0.12944
1.40427	-0.126435
1.41127	-0.123439
1.41867	-0.120027
1.42625	-0.116937
1.43405	-0.114256
1.44136	-0.11095
1.44877	-0.107303
1.4562	-0.104435
1.46373	-0.101895
1.47134	-0.099241
1.47867	-0.0967128
1.48616	-0.0949411
1.49372	-0.0931459
1.5012	-0.0913213
1.5096	-0.0896693
1.51765	-0.088343
1.52546	-0.0869265
1.53296	-0.0860152
1.53986	-0.0854449
1.54754	-0.0846875
1.55581	-0.0836378
1.5639	-0.0825668
1.57218	-0.0816752
1.57977	-0.0808036
1.58714	-0.0794919
1.59459	-0.078321
1.60205	-0.0773263
1.60957	-0.0763082
1.61738	-0.0738623
1.62478	-0.0714191
1.63225	-0.0688079
1.63984	-0.0662447
1.64691	-0.0641256
1.65485	-0.0620973
1.66268	-0.0601356
1.6706	-0.0576937
1.67908	-0.0555417
1.68744	-0.0535221
1.6956	-0.0508664
1.70304	-0.0480767
1.70989	-0.044922
1.7162	-0.0418047
1.72259	-0.0386288
1.72918	-0.0353813
1.73556	-0.0323372
1.74083	-0.0292133
1.74658	-0.0261069
1.75264	-0.0226964
1.75907	-0.019123
1.76671	-0.0159523
1.77462	-0.0122869
1.78275	-0.00784792
1.79131	-0.00360178
1.79981	6.30481e-05
1.80774	0.00406165
1.81547	0.00795945
1.82386	0.012309
1.832	0.0164959
1.84033	0.0196285
1.84847	0.0223043
1.85683	0.0247153
1.86514	0.0271056
1.87336	0.0298337
1.88139	0.0323848
1.89037	0.0349958
1.89884	0.0375476
1.90812	0.0399026
1.91711	0.0421574
1.92583	0.0446652
1.93475	0.0466726
1.94393	0.0485934
1.95365	0.0509915
1.96225	0.052951
1.97149	0.0540566
1.98106	0.0536431
1.99049	0.0540077
1.99897	0.0543462
2.00776	0.0551046
2.01639	0.0558431
2.0248	0.0566156
2.03354	0.0569894
2.04134	0.0574455
2.04956	0.0575471
2.05758	0.0577754
2.06538	0.0584002
2.0732	0.0590207
2.0812	0.0596876
2.08916	0.0607022
2.09705	0.0617585
2.1046	0.0621767
2.1117	0.0627202
2.11917	0.0632659
2.12695	0.0644801
2.13503	0.0660397
2.14301	0.0680623
2.15127	0.0696113
2.15973	0.0702173
2.16816	0.0709127
2.17647	0.0716043
2.18469	0.0722896
2.193	0.0728207
2.20132	0.0729263
2.20987	0.0729847
2.21826	0.0730485
2.22686	0.0729463
2.23511	0.0726613
2.24389	0.0719621
2.2521	0.0714641
2.2603	0.0709928
2.26813	0.0711587
2.27561	0.0715133
2.28351	0.0718488
2.29142	0.0721919
2.29973	0.0724549
2.30769	0.0727629
2.31512	0.0733899
2.32278	0.0740549
2.3306	0.0755663
2.33852	0.0772185
2.34612	0.0781839
2.3535	0.0786969
2.36097	0.079209
2.36846	0.0796877
2.37604	0.0802013
2.38376	0.0809472
2.3916	0.0817228
2.39918	0.0824152
2.4068	0.0827125
2.41484	0.0829328
2.42248	0.0834035
2.43004	0.0837278
2.43786	0.0834808
2.44569	0.0828969
2.4539	0.0827127
2.46194	0.0826368
2.46979	0.0824464
2.47749	0.0819599
2.4853	0.0811799
2.49316	0.0802792
2.50112	0.0791772
2.5091	0.0780372
2.51753	0.077689
2.52583	0.0772722
2.53395	0.0764392
2.54192	0.0756135
2.54959	0.0746533
2.55721	0.0740072
2.56533	0.0733065
2.57378	0.0723545
2.58164	0.071497
2.58917	0.0707359
2.59755	0.0705177
2.60564	0.0700254
2.61385	0.0695464
2.62219	0.0691601
2.63045	0.0688897
2.63812	0.0685255
2.64632	0.0682626
2.65518	0.0675957
2.66387	0.0662802
2.6728	0.0639707
2.68147	0.0617325
2.69002	0.0595116
2.69866	0.0573332
2.70718	0.0553625
2.71559	0.0532503
2.72431	0.0518432
2.73288	0.0504864
2.74149	0.0497659
2.7497	0.0489104
2.75826	0.0480643
2.76625	0.0475443
2.77412	0.0468609
2.78198	0.0459243
2.79047	0.0446848
2.79846	0.0436036
2.80645	0.0425716
2.81467	0.0420674
2.82291	0.04153
2.83029	0.0410506
2.83794	0.0407438
2.84552	0.0404347
2.85331	0.0400686
2.86102	0.0397189
2.86904	0.040068
2.87671	0.0402718
2.88449	0.0405975
-2.88801	0.0409292
-2.88066	0.0411193
-2.87282	0.0411525
