0.995141	0.00523598
0.989178	0.0111705
0.983572	0.016128
0.97795	0.0212663
0.972069	0.0263854
0.966251	0.0319752
0.960363	0.0375345
0.954498	0.0430336
0.948599	0.0484407
0.942801	0.0539633
0.937028	0.0591037
0.931789	0.0640287
0.92598	0.0690785
0.919644	0.0746576
0.913133	0.0800988
0.906679	0.085336
0.899971	0.0906714
0.893594	0.095672
0.887337	0.100751
0.880771	0.105826
0.874104	0.110536
0.867577	0.114324
0.860669	0.118394
0.853509	0.12219
0.846068	0.124727
0.838121	0.126835
0.83024	0.128853
0.822641	0.130475
0.814564	0.132259
0.805936	0.134659
0.79753	0.136701
0.790684	0.138779
0.783713	0.140672
0.776373	0.142091
0.768834	0.143172
0.761139	0.144305
0.753467	0.144955
0.745639	0.145485
0.737186	0.146372
0.728971	0.146873
0.721075	0.147105
0.713612	0.147591
0.706369	0.147493
0.698231	0.147416
0.690134	0.147227
0.682165	0.14601
0.674493	0.144904
0.666745	0.144011
0.658845	0.14198
0.650919	0.140123
0.643544	0.138119
0.63604	0.135774
0.628488	0.134026
0.620588	0.13311
0.612117	0.131565
0.603693	0.130328
0.595834	0.129556
0.587752	0.128579
0.579881	0.127502
0.571955	0.126802
0.563854	0.125486
0.555334	0.124471
0.547307	0.122653
0.539036	0.120691
0.531076	0.119307
0.522981	0.1178
0.514619	0.116758
0.506816	0.114641
0.49912	0.112684
0.49165	0.110159
0.484147	0.107572
0.47578	0.104658
0.467667	0.10234
0.459945	0.0996907
0.452293	0.097012
0.444557	0.0948739
0.436695	0.0930222
0.428748	0.0909585
0.420887	0.0888949
0.413645	0.0870661
0.406579	0.0849354
0.399439	0.0827261
0.392068	0.0801538
0.384175	0.0776053
0.376354	0.0752143
0.368742	0.0735841
0.361205	0.0719931
0.353747	0.0701626
0.345881	0.0686235
0.338471	0.0666984
0.330461	0.0647188
0.322471	0.0626929
0.313962	0.0606869
0.305827	0.0584555
0.29775	0.0562256
0.289013	0.0534963
0.280818	0.0511458
0.272277	0.0491443
0.263844	0.0469191
0.255414	0.0446906
0.247752	0.0431603
0.2399	0.0412981
0.23221	0.0390052
0.224604	0.0366479
0.217084	0.0341573
0.20988	0.0312339
0.202676	0.0282817
0.195584	0.0251943
0.189172	0.0222221
0.182698	0.0205434
0.176143	0.0187339
0.169971	0.0160647
0.16441	0.0133806
0.157898	0.0101849
0.150953	0.00737686
0.144839	0.0047573
0.138379	0.00220956
0.131483	-0.000575097
0.1244	-0.00342282
0.117171	-0.00579121
0.109846	-0.0078467
0.102286	-0.00970408
0.0946738	-0.0113477
0.087419	-0.0129644
0.0805087	-0.0150738
0.0735511	-0.0173156
0.0667246	-0.0201782
0.0597833	-0.0230113
0.0525732	-0.0254386
0.0459844	-0.0282145
0.0392999	-0.0310466
0.0327009	-0.0341369
0.0258352	-0.0373988
0.018873	-0.0407046
0.012091	-0.044077
0.00463769	-0.0475779
-0.00262616	-0.0511009
-0.0100227	-0.0543634
-0.0176081	-0.0572094
-0.0254064	-0.0600984
-0.0330881	-0.0630184
-0.0403059	-0.0652947
-0.0470632	-0.0675657
-0.0539736	-0.0700365
-0.0602634	-0.0725773
-0.0669035	-0.0754785
-0.0736539	-0.0784474
-0.0802063	-0.0813224
-0.0871033	-0.0846131
-0.0943549	-0.0872509
-0.101393	-0.0896977
-0.108699	-0.0923439
-0.115873	-0.0950176
-0.12308	-0.0975313
-0.130312	-0.100852
-0.137525	-0.104187
-0.145283	-0.10766
-0.152919	-0.111135
-0.160544	-0.11455
-0.168109	-0.117503
-0.175383	-0.120896
-0.181797	-0.12383
-0.18862	-0.126477
-0.195478	-0.129379
-0.202214	-0.132586
-0.209268	-0.136122
-0.216478	-0.139262
-0.22385	-0.142004
-0.231189	-0.144613
-0.238484	-0.147252
-0.245819	-0.149906
-0.253356	-0.153054
-0.261298	-0.155675
-0.269082	-0.158743
-0.275892	-0.162207
-0.283083	-0.166496
-0.290028	-0.170674
-0.296977	-0.174933
-0.303941	-0.179148
-0.310429	-0.182781
-0.317094	-0.186649
-0.324065	-0.19048
-0.331456	-0.194276
-0.339233	-0.198224
-0.346847	-0.202121
-0.353858	-0.2058
-0.360191	-0.209058
-0.367083	-0.212302
-0.373987	-0.216099
-0.381694	-0.21989
-0.389304	-0.223339
-0.39708	-0.226622
-0.404609	-0.229725
-0.412353	-0.232906
-0.419831	-0.23563
-0.427261	-0.23839
-0.434135	-0.241776
-0.441223	-0.245636
-0.448951	-0.24903
-0.456843	-0.252655
-0.464742	-0.256112
-0.472354	-0.259696
-0.479923	-0.263151
-0.487225	-0.266487
-0.494768	-0.269584
-0.502276	-0.272728
-0.510255	-0.275491
-0.518076	-0.278214
-0.525502	-0.281578
-0.533122	-0.284337
-0.540299	-0.28751
-0.547698	-0.290117
-0.554745	-0.293034
-0.561862	-0.295963
-0.569152	-0.299046
-0.575749	-0.301982
-0.582907	-0.304289
-0.590036	-0.306678
-0.596844	-0.308801
-0.604121	-0.310969
-0.610843	-0.312897
-0.617707	-0.314941
-0.625217	-0.316342
-0.633113	-0.318029
-0.640358	-0.320017
-0.647659	-0.32206
-0.655513	-0.323733
-0.663241	-0.32523
-0.671346	-0.327345
-0.679173	-0.330088
-0.686546	-0.332321
-0.6939	-0.334724
-0.701408	-0.337252
-0.709169	-0.340022
-0.716873	-0.341916
-0.724523	-0.343739
-0.732179	-0.345775
-0.739771	-0.347738
-0.747693	-0.349793
-0.755618	-0.351968
-0.763211	-0.35463
-0.770714	-0.357334
-0.778081	-0.360013
-0.785446	-0.362826
-0.792778	-0.365755
-0.799502	-0.369248
-0.806027	-0.373314
-0.812477	-0.378231
-0.819441	-0.383316
-0.827464	-0.388212
-0.835246	-0.393321
-0.842987	-0.398073
-0.850484	-0.402475
-0.857809	-0.407093
-0.864505	-0.411741
-0.870954	-0.416357
-0.877423	-0.420901
-0.884327	-0.424751
-0.891091	-0.428362
-0.897951	-0.431519
-0.904817	-0.434776
-0.911753	-0.437864
-0.918651	-0.440484
-0.925659	-0.442917
-0.93249	-0.445936
-0.939417	-0.448986
-0.946393	-0.45206
-0.9529	-0.455419
-0.959546	-0.458982
-0.96506	-0.462783
-0.970846	-0.466859
-0.976868	-0.471123
-0.983646	-0.476051
-0.990259	-0.481454
-0.997224	-0.486505
-1.00431	-0.491156
-1.01154	-0.495696
-1.01888	-0.500141
-1.02514	-0.504456
-1.03135	-0.509309
-1.03797	-0.514195
-1.04449	-0.519101
-1.05125	-0.523926
-1.05789	-0.528752
-1.06461	-0.533007
-1.07126	-0.537276
-1.0779	-0.54152
-1.08441	-0.545501
-1.0908	-0.549565
-1.09722	-0.553633
-1.10369	-0.557735
-1.11003	-0.562029
-1.11542	-0.565479
-1.12067	-0.569298
-1.12602	-0.57305
-1.13204	-0.576661
-1.13873	-0.580411
-1.14546	-0.584158
-1.1522	-0.587935
-1.1583	-0.591513
-1.16429	-0.595285
-1.17041	-0.598252
-1.17674	-0.60135
-1.18329	-0.604663
-1.18979	-0.608845
-1.1961	-0.612987
-1.20247	-0.617155
-1.20804	-0.621637
-1.21404	-0.625966
-1.22009	-0.630299
-1.22671	-0.633854
-1.23321	-0.637519
-1.23924	-0.641345
-1.24541	-0.645243
-1.25171	-0.649195
-1.25823	-0.652944
-1.26484	-0.656755
-1.2715	-0.660979
-1.27798	-0.665457
-1.28411	-0.670251
-1.29026	-0.675033
-1.2968	-0.679993
-1.30341	-0.685027
-1.31011	-0.689787
-1.31643	-0.694914
-1.32274	-0.699492
-1.32931	-0.703647
-1.33696	-0.707964
-1.34467	-0.712614
-1.35224	-0.717031
-1.35962	-0.721319
-1.36735	-0.725123
-1.37538	-0.729137
-1.38296	-0.733408
-1.39058	-0.737684
-1.39804	-0.742131
-1.40534	-0.746748
-1.41213	-0.751299
-1.41918	-0.755584
-1.42624	-0.759896
-1.4327	-0.763975
-1.43939	-0.767771
-1.446	-0.771473
-1.45306	-0.77539
-1.46009	-0.779656
-1.46692	-0.783742
-1.47369	-0.787789
-1.48089	-0.791365
-1.48816	-0.79497
-1.4951	-0.798786
-1.50169	-0.802991
-1.50815	-0.807605
-1.51408	-0.812277
-1.5195	-0.817609
-1.52426	-0.824569
-1.52967	-0.832012
-1.53458	-0.839932
-1.53943	-0.847659
-1.54357	-0.855191
-1.54719	-0.863014
-1.5503	-0.870955
-1.55238	-0.878612
-1.55456	-0.886326
-1.55647	-0.894085
-1.55803	-0.902221
-1.55918	-0.910937
-1.55996	-0.919207
-1.56127	-0.928375
-1.56221	-0.937036
-1.56331	-0.945499
-1.56495	-0.954042
-1.5663	-0.962401
-1.5677	-0.971189
-1.56908	-0.979422
-1.57097	-0.986551
-1.57261	-0.993868
-1.57407	-1.00111
-1.57536	-1.0083
-1.57693	-1.01555
-1.57825	-1.02317
-1.57947	-1.03094
-1.58057	-1.03889
-1.58141	-1.04719
-1.58244	-1.05477
-1.58294	-1.06251
-1.5831	-1.07044
-1.5834	-1.07793
-1.58356	-1.08555
-1.58343	-1.09334
-1.58265	-1.10118
-1.58208	-1.10863
-1.58178	-1.11632
-1.58118	-1.12425
-1.58095	-1.13198
-1.58073	-1.13977
-1.58106	-1.14741
-1.58073	-1.15565
-1.57991	-1.16372
-1.57897	-1.17234
-1.57791	-1.18079
-1.57618	-1.18901
-1.5759	-1.19764
-1.57544	-1.20594
-1.57535	-1.21393
-1.57547	-1.22224
-1.57611	-1.2302
-1.57743	-1.23848
-1.57841	-1.2467
-1.57915	-1.2548
-1.57998	-1.26283
-1.58063	-1.27104
-1.58155	-1.27924
-1.58212	-1.28759
-1.58243	-1.29574
-1.58215	-1.30442
-1.58174	-1.31229
-1.58101	-1.31926
-1.5799	-1.32644
-1.57889	-1.33324
-1.57773	-1.34059
-1.57708	-1.34832
-1.57675	-1.35582
-1.57598	-1.36334
-1.57469	-1.37069
-1.57336	-1.37819
-1.57104	-1.3857
-1.56837	-1.39306
-1.56587	-1.40053
-1.56338	-1.40802
-1.5609	-1.41551
-1.55835	-1.42287
-1.5558	-1.43031
-1.55272	-1.43765
-1.54969	-1.4451
-1.54667	-1.45299
-1.54378	-1.46082
-1.54081	-1.46835
-1.53721	-1.47612
-1.53356	-1.48337
-1.52941	-1.49113
-1.52597	-1.49884
-1.52216	-1.50645
-1.5194	-1.51421
-1.5171	-1.5216
-1.5148	-1.52903
-1.51253	-1.53647
-1.51045	-1.54366
-1.50836	-1.55119
-1.50625	-1.55874
-1.50393	-1.56576
-1.50267	-1.57298
-1.50137	-1.58032
-1.49997	-1.58772
-1.49853	-1.59514
-1.49757	-1.60233
-1.49645	-1.60961
-1.495	-1.61724
-1.49363	-1.62483
-1.49226	-1.6325
-1.49065	-1.63999
-1.48896	-1.6478
-1.4876	-1.65533
-1.48645	-1.66296
-1.48502	-1.67067
-1.48362	-1.67852
-1.48224	-1.68638
-1.48077	-1.69402
-1.47965	-1.7013
-1.47953	-1.70832
-1.47986	-1.71585
-1.48009	-1.72346
-1.48014	-1.73133
-1.48015	-1.73925
-1.4798	-1.74751
-1.47923	-1.75557
-1.47859	-1.76362
-1.47874	-1.77167
-1.47895	-1.78015
-1.47888	-1.78837
-1.47879	-1.79629
-1.47872	-1.8038
-1.47846	-1.81067
-1.47819	-1.81758
-1.47845	-1.82425
-1.47851	-1.83122
-1.47853	-1.83842
-1.47879	-1.84585
-1.47895	-1.85338
-1.47932	-1.86059
-1.47912	-1.8682
-1.47859	-1.87514
-1.47813	-1.88215
-1.47721	-1.88925
-1.47622	-1.89667
-1.47496	-1.90418
-1.47311	-1.91119
-1.47128	-1.91835
-1.46944	-1.92518
-1.46753	-1.93202
-1.46535	-1.93956
-1.46288	-1.94681
-1.46073	-1.95388
-1.45856	-1.96009
-1.45636	-1.96657
-1.45406	-1.97328
-1.45123	-1.97934
-1.44919	-1.98532
-1.44706	-1.99156
-1.44529	-1.99889
-1.44307	-2.00636
-1.44058	-2.01285
-1.43808	-2.01969
-1.43549	-2.02673
-1.43318	-2.0339
-1.43049	-2.04106
-1.42802	-2.0483
-1.42558	-2.05581
-1.42353	-2.06282
-1.42142	-2.06993
-1.41962	-2.077
-1.41783	-2.08418
-1.41587	-2.0915
-1.41394	-2.09887
-1.41179	-2.10677
-1.40971	-2.11367
-1.40807	-2.12087
-1.40636	-2.12816
-1.40362	-2.13588
-1.40107	-2.14325
-1.39865	-2.15054
-1.39579	-2.15835
-1.39289	-2.16684
-1.3901	-2.17519
-1.38758	-2.18339
-1.3852	-2.19144
-1.38264	-2.19925
-1.37938	-2.20761
-1.37624	-2.21558
-1.37301	-2.22428
-1.36946	-2.23262
-1.36605	-2.24076
-1.36329	-2.24946
-1.36044	-2.25782
-1.35788	-2.26605
-1.35502	-2.27383
-1.35236	-2.28087
-1.34966	-2.28775
-1.3471	-2.29436
-1.34429	-2.30136
-1.34262	-2.30817
-1.34095	-2.31516
-1.33964	-2.32196
-1.3387	-2.3286
-1.33767	-2.33549
-1.33679	-2.3419
-1.33575	-2.34839
-1.33472	-2.35501
-1.33351	-2.36199
-1.33215	-2.36927
-1.33045	-2.37686
-1.32908	-2.38413
-1.32767	-2.39138
-1.32633	-2.39872
-1.32488	-2.40618
-1.32294	-2.41365
-1.32098	-2.4217
-1.31856	-2.43019
-1.31633	-2.43845
-1.31437	-2.44629
-1.31258	-2.45406
-1.31097	-2.46274
-1.30892	-2.47118
-1.30771	-2.47919
-1.30613	-2.48753
-1.30492	-2.4954
-1.30351	-2.50342
-1.30205	-2.51107
-1.30082	-2.51942
-1.29964	-2.52773
-1.29846	-2.53587
-1.29754	-2.54383
-1.29659	-2.55129
-1.29592	-2.55809
-1.29431	-2.56538
-1.29257	-2.57218
-1.29073	-2.57887
-1.28948	-2.58524
-1.28821	-2.59188
-1.2874	-2.5985
-1.28664	-2.60597
-1.28601	-2.61345
-1.28536	-2.62112
-1.28412	-2.62863
-1.28279	-2.63637
-1.28129	-2.64404
-1.27984	-2.65178
-1.27809	-2.65985
-1.27643	-2.66813
-1.27408	-2.67599
-1.27145	-2.68398
-1.26893	-2.69169
-1.26621	-2.6995
-1.26344	-2.70688
-1.26058	-2.71463
-1.25735	-2.72168
-1.25455	-2.72859
-1.2519	-2.73563
-1.2491	-2.74291
-1.24668	-2.75009
-1.24433	-2.75736
-1.24237	-2.76474
-1.24052	-2.77184
-1.23854	-2.77934
-1.23654	-2.78773
-1.2347	-2.79599
-1.23279	-2.80393
-1.2306	-2.81142
-1.22864	-2.81889
-1.22708	-2.82541
-1.22553	-2.8323
-1.2235	-2.83941
-1.2221	-2.84687
-1.2207	-2.85433
-1.21872	-2.86242
-1.21667	-2.87045
-1.21523	-2.87832
-1.21462	-2.88608

-1.21405	2.88648
-1.21277	2.87848
-1.2116	2.8708
-1.21052	2.863
-1.20895	2.85588
-1.20743	2.84841
-1.20608	2.84085
-1.20488	2.83336
-1.20391	2.82621
-1.20269	2.81924
-1.20196	2.81219
-1.20197	2.80538
-1.2021	2.79815
-1.20182	2.79077
-1.20139	2.78339
-1.20018	2.77573
-1.19895	2.76791
-1.19783	2.75999
-1.19642	2.75211
-1.19495	2.74436
-1.19354	2.73656
-1.19222	2.72875
-1.19097	2.72094
-1.18979	2.7131
-1.1886	2.70545
-1.18748	2.69765
-1.18665	2.68988
-1.18535	2.68196
-1.18376	2.674
-1.18226	2.66601
-1.18071	2.65797
-1.1791	2.64954
-1.17776	2.64188
-1.17591	2.63405
-1.17376	2.62605
-1.17158	2.61798
-1.16953	2.60956
-1.1675	2.60194
-1.16549	2.59419
-1.16425	2.58705
-1.16327	2.57975
-1.16177	2.57193
-1.1603	2.56411
-1.15895	2.5563
-1.15747	2.54763
-1.15608	2.53912
-1.15437	2.5307
-1.15279	2.52223
-1.15136	2.51386
-1.15035	2.5054
-1.14972	2.49702
-1.14841	2.4894
-1.14723	2.48164
-1.14603	2.4737
-1.14567	2.4654
-1.14569	2.45716
-1.14582	2.44925
-1.14587	2.4414
-1.1461	2.43331
-1.1463	2.42527
-1.14659	2.41636
-1.14676	2.40772
-1.14716	2.39987
-1.14775	2.39081
-1.14816	2.38243
-1.14883	2.37408
-1.14946	2.36582
-1.15043	2.35809
-1.15098	2.35056
-1.15175	2.34298
-1.15232	2.33526
-1.15285	2.32739
-1.15277	2.32011
-1.15272	2.31237
-1.15267	2.30441
-1.15267	2.29691
-1.15267	2.28934
-1.15252	2.28165
-1.15247	2.27404
-1.15241	2.26608
-1.15262	2.25797
-1.15311	2.25028
-1.15387	2.24252
-1.15489	2.23478
-1.15587	2.22692
-1.15695	2.2191
-1.15843	2.21154
-1.16046	2.20421
-1.16314	2.19703
-1.1656	2.18947
-1.16794	2.18197
-1.16994	2.17475
-1.17223	2.16744
-1.17369	2.15965
-1.17515	2.15188
-1.17644	2.14362
-1.17768	2.13514
-1.17867	2.12669
-1.17963	2.11836
-1.18037	2.1101
-1.18116	2.10227
-1.18224	2.0945
-1.18317	2.08606
-1.18409	2.07735
-1.18513	2.06847
-1.18606	2.05956
-1.18698	2.05095
-1.18776	2.04323
-1.18936	2.03479
-1.19097	2.02666
-1.19268	2.01875
-1.19422	2.011
-1.19613	2.00338
-1.19801	1.99571
-1.19985	1.98802
-1.2011	1.98026
-1.20312	1.97212
-1.20549	1.96392
-1.20728	1.95665
-1.20877	1.9509
-1.21027	1.94474
-1.21199	1.93836
-1.21345	1.93163
-1.21486	1.92469
-1.21604	1.91725
-1.21698	1.90963
-1.21823	1.90149
-1.21968	1.89345
-1.22105	1.88556
-1.22218	1.87768
-1.22333	1.86963
-1.22406	1.86152
-1.22474	1.85345
-1.22521	1.84573
-1.22601	1.83739
-1.22662	1.82907
-1.22773	1.82113
-1.22887	1.81351
-1.2297	1.80578
-1.23077	1.79859
-1.23195	1.79111
-1.23311	1.78387
-1.2346	1.77667
-1.23617	1.76923
-1.23791	1.76124
-1.23977	1.75351
-1.24175	1.74567
-1.24408	1.73756
-1.24628	1.72962
-1.2485	1.72141
-1.25039	1.71368
-1.25223	1.70605
-1.25374	1.69831
-1.25502	1.691
-1.25626	1.68353
-1.25717	1.67613
-1.25806	1.66872
-1.25946	1.66174
-1.26058	1.6542
-1.26234	1.64657
-1.26466	1.6385
-1.26733	1.63047
-1.26967	1.62296
-1.2718	1.61548
-1.27392	1.60764
-1.2753	1.59994
-1.277	1.59254
-1.2782	1.58549
-1.27987	1.57803
-1.28174	1.57033
-1.28365	1.56231
-1.28533	1.55447
-1.28657	1.54704
-1.28752	1.53993
-1.28766	1.53298
-1.28786	1.52627
-1.28835	1.51914
-1.28874	1.51162
-1.28899	1.50462
-1.28944	1.49758
-1.28993	1.49036
-1.29045	1.48293
-1.29094	1.47543
-1.29153	1.46773
-1.29213	1.46001
-1.29327	1.45314
-1.29476	1.44642
-1.29616	1.43885
-1.29755	1.43125
-1.29898	1.42362
-1.29973	1.41643
-1.30008	1.4094
-1.29989	1.40218
-1.30001	1.39453
-1.30011	1.38695
-1.30011	1.37931
-1.29909	1.37148
-1.29709	1.3646
-1.2951	1.35804
-1.29329	1.35073
-1.29202	1.34306
-1.29166	1.33549
-1.29105	1.32827
-1.29092	1.32052
-1.29096	1.3127
-1.29073	1.30504
-1.29055	1.29707
-1.29009	1.28924
-1.28963	1.28079
-1.28914	1.27297
-1.28882	1.26512
-1.28906	1.25697
-1.28935	1.24888
-1.28979	1.24106
-1.29024	1.23317
-1.29081	1.22626
-1.29158	1.21865
-1.29237	1.21097
-1.2932	1.20327
-1.29406	1.19542
-1.29459	1.18815
-1.29498	1.18084
-1.29516	1.17323
-1.29524	1.16581
-1.29526	1.15805
-1.2954	1.15029
-1.29608	1.1428
-1.29675	1.13523
-1.2986	1.12754
-1.30063	1.11998
-1.30248	1.11352
-1.30361	1.10721
-1.30432	1.10067
-1.30498	1.09386
-1.30501	1.08596
-1.306	1.07866
-1.30727	1.07127
-1.30798	1.06442
-1.3089	1.05796
-1.30988	1.05127
-1.31056	1.0445
-1.31119	1.03754
-1.31208	1.03026
-1.31307	1.02229
-1.31522	1.01371
-1.31669	1.00568
-1.31783	0.997585
-1.31897	0.989536
-1.32006	0.981366
-1.32123	0.973222
-1.32247	0.965186
-1.32373	0.957201
-1.32513	0.949238
-1.32629	0.941849
-1.32728	0.934239
-1.32856	0.926572
-1.33024	0.917967
-1.33199	0.909236
-1.33357	0.900543
-1.33499	0.891989
-1.33665	0.88303
-1.33815	0.87444
-1.34016	0.865894
-1.34257	0.857349
-1.34504	0.848634
-1.34795	0.840341
-1.35069	0.832237
-1.3539	0.823614
-1.35769	0.815082
-1.36127	0.806883
-1.36413	0.79836
-1.36681	0.789767
-1.36978	0.781629
-1.37258	0.773676
-1.37582	0.765676
-1.37838	0.757154
-1.38085	0.748787
-1.38321	0.740451
-1.3854	0.732234
-1.38707	0.724126
-1.38862	0.71615
-1.39011	0.708187
-1.39207	0.70074
-1.394	0.693181
-1.3968	0.685517
-1.39948	0.677845
-1.40141	0.669686
-1.40334	0.661667
-1.40506	0.654222
-1.40686	0.646608
-1.40867	0.639076
-1.41051	0.63256
-1.41102	0.625947
-1.41139	0.619583
-1.41186	0.612825
-1.41234	0.605855
-1.41332	0.599021
-1.41422	0.591888
-1.41518	0.584627
-1.41585	0.577342
-1.41672	0.569732
-1.41779	0.562755
-1.41896	0.555529
-1.41988	0.54806
-1.42053	0.540134
-1.42093	0.532798
-1.42139	0.525283
-1.42169	0.517651
-1.42186	0.509854
-1.42198	0.502145
-1.42238	0.493957
-1.423	0.485823
-1.42296	0.477729
-1.42352	0.469407
-1.42422	0.461136
-1.42495	0.452969
-1.42583	0.444195
-1.42616	0.434767
-1.42712	0.425555
-1.42764	0.416557
-1.4291	0.408144
-1.43029	0.399715
-1.43149	0.391459
-1.43315	0.384113
-1.4342	0.376443
-1.43538	0.368756
-1.43671	0.361962
-1.43789	0.354458
-1.43959	0.347093
-1.44144	0.3399
-1.44335	0.332916
-1.44556	0.326315
-1.44736	0.319296
-1.44886	0.312862
-1.45042	0.306067
-1.45083	0.298585
-1.45116	0.291233
-1.45209	0.283536
-1.453	0.276048
-1.45417	0.268624
-1.4554	0.261163
-1.45629	0.253878
-1.45727	0.246534
-1.45896	0.238475
-1.46032	0.229755
-1.46209	0.221159
-1.46398	0.212694
-1.46666	0.20435
-1.46918	0.196971
-1.47171	0.189507
-1.47411	0.181979
-1.47623	0.174783
-1.47913	0.167528
-1.48219	0.160517
-1.48523	0.152916
-1.48827	0.145056
-1.49066	0.137577
-1.49156	0.129538
-1.49375	0.12124
-1.49534	0.113521
-1.49721	0.105775
-1.49829	0.0981768
-1.4997	0.0907587
-1.50159	0.0833798
-1.50349	0.075758
-1.50463	0.0688355
-1.50586	0.0620559
-1.50749	0.0554079
-1.50944	0.0486814
-1.51141	0.0417641
-1.51376	0.0352348
-1.51638	0.0289053
-1.51821	0.0220034
-1.51992	0.0148429
-1.52185	0.00745261
-1.52374	7.50916e-05
-1.52606	-0.0073244
-1.5288	-0.0144591
-1.53192	-0.0215564
-1.53529	-0.0284816
-1.53864	-0.0354489
-1.54206	-0.0423786
-1.54585	-0.0494442
-1.54904	-0.0564824
-1.55184	-0.0634672
-1.5546	-0.0704406
-1.55706	-0.0777682
-1.56036	-0.0851173
-1.56349	-0.0923375
-1.56669	-0.0990603
-1.56969	-0.106031
-1.5727	-0.113535
-1.57493	-0.120008
-1.57712	-0.126632
-1.57969	-0.133113
-1.58199	-0.139135
-1.5847	-0.144815
-1.58713	-0.150929
-1.58975	-0.157595
-1.59371	-0.164139
-1.59655	-0.170091
-1.59905	-0.176931
-1.60162	-0.18397
-1.6044	-0.190692
-1.60728	-0.197535
-1.60879	-0.205058
-1.61026	-0.212629
-1.61158	-0.219713
-1.61243	-0.227193
-1.61347	-0.234512
-1.61439	-0.241634
-1.61536	-0.249193
-1.61638	-0.256818
-1.61749	-0.26385
-1.61879	-0.27103
-1.62063	-0.278173
-1.6225	-0.285376
-1.62413	-0.292489
-1.62617	-0.300217
-1.6282	-0.307848
-1.62977	-0.315136
-1.63104	-0.321945
-1.63274	-0.328782
-1.63447	-0.335985
-1.63672	-0.343365
-1.63892	-0.350658
-1.64123	-0.358145
-1.64369	-0.365854
-1.64611	-0.373629
-1.6487	-0.381379
-1.65163	-0.38926
-1.65422	-0.396776
-1.65687	-0.404192
-1.65942	-0.411695
-1.66128	-0.419305
-1.66329	-0.426805
-1.66535	-0.434394
-1.66746	-0.441749
-1.6693	-0.449725
-1.67114	-0.456792
-1.67303	-0.463003
-1.67497	-0.46923
-1.67779	-0.475912
-1.6806	-0.482723
-1.68352	-0.48982
-1.68698	-0.497057
-1.69037	-0.504799
-1.69412	-0.512992
-1.69745	-0.520949
-1.70111	-0.528809
-1.70531	-0.536807
-1.70944	-0.544412
-1.71343	-0.551907
-1.71732	-0.559338
-1.72103	-0.567023
-1.72418	-0.574457
-1.77558	-0.561319
-1.81806	-0.549894
-1.8535	-0.540502
-1.88326	-0.532275
-1.90852	-0.524979
-1.93057	-0.518737
-1.94953	-0.513109
-1.96634	-0.507525
-1.98099	-0.502073
-1.99366	-0.496595
-2.00497	-0.49142
-2.0149	-0.486225
-2.02457	-0.481335
-2.03328	-0.476255
-2.04096	-0.470916
-2.04816	-0.465452
-2.05497	-0.45985
-2.06126	-0.454082
-2.0667	-0.448011
-2.07179	-0.441655
-2.07686	-0.435433
-2.08149	-0.429589
-2.08584	-0.423347
-2.08996	-0.417062
-2.0938	-0.41068
-2.0975	-0.404113
-2.10117	-0.397887
-2.10478	-0.391478
-2.10768	-0.384691
-2.11081	-0.377901
-2.11346	-0.370732
-2.11584	-0.363203
-2.11813	-0.355652
-2.12011	-0.3487
-2.12151	-0.3423
-2.12291	-0.336017
-2.12431	-0.329459
-2.12561	-0.322745
-2.1267	-0.315863
-2.12776	-0.308795
-2.12983	-0.3019
-2.13208	-0.294814
-2.13421	-0.287842
-2.13602	-0.280305
-2.13762	-0.272941
-2.13949	-0.265654
-2.14055	-0.259049
-2.14174	-0.252148
-2.14292	-0.245061
-2.14454	-0.238235
-2.14524	-0.230706
-2.14634	-0.223244
-2.1473	-0.215691
-2.14814	-0.207235
-2.14901	-0.198981
-2.14977	-0.191027
-2.15059	-0.183469
-2.1518	-0.176234
-2.15317	-0.168326
-2.15458	-0.160659
-2.15597	-0.152824
-2.15725	-0.145742
-2.15843	-0.138784
-2.16022	-0.131612
-2.16175	-0.124333
-2.16321	-0.116764
-2.16534	-0.109017
-2.16722	-0.10107
-2.16992	-0.0935314
-2.17241	-0.086026
-2.1751	-0.0785589
-2.17798	-0.0714315
-2.18081	-0.0644759
-2.18362	-0.0575798
-2.18675	-0.0509529
-2.19007	-0.0443555
-2.19268	-0.0377805
-2.1951	-0.0309531
-2.19738	-0.0238346
-2.19904	-0.0157593
-2.2006	-0.00777308
-2.20156	0.000448193
-2.20247	0.0083994
-2.20401	0.0166918
-2.20537	0.024848
-2.20659	0.0327963
-2.20767	0.0405202
-2.20828	0.0488576
-2.2085	0.0568954
-2.20929	0.0648166
-2.21007	0.0722811
-2.21061	0.0801993
-2.21147	0.0882404
-2.21181	0.0962435
-2.21302	0.103956
-2.21413	0.111817
-2.21498	0.120724
-2.21509	0.129524
-2.21576	0.137189
-2.21645	0.144783
-2.21657	0.15196
-2.21678	0.159105
-2.21691	0.166423
-2.21681	0.173446
-2.21671	0.180638
-2.21638	0.188439
-2.21641	0.197065
-2.21645	0.20573
-2.21689	0.21372
-2.21732	0.22167
-2.21769	0.229323
-2.21784	0.236928
-2.21781	0.244326
-2.21847	0.25235
-2.21901	0.260485
-2.21852	0.26895
-2.21825	0.27754
-2.21806	0.285887
-2.21762	0.293934
-2.21736	0.301872
-2.21718	0.310702
-2.21701	0.319317
-2.21698	0.328227
-2.21738	0.336533
-2.21784	0.345427
-2.21821	0.35354
-2.2186	0.361677
-2.21896	0.369705
-2.21944	0.377413
-2.22003	0.384526
-2.22025	0.391998
-2.22017	0.399976
-2.22007	0.40781
-2.22063	0.414946
-2.22124	0.422203
-2.22179	0.429422
-2.22235	0.437151
-2.2226	0.444943
-2.22279	0.452622
-2.22291	0.460248
-2.22312	0.468013
-2.22377	0.476178
-2.22377	0.484627
-2.22409	0.493124
-2.22439	0.50163
-2.22353	0.509202
-2.22258	0.516779
-2.22161	0.525337
-2.22055	0.533853
-2.21959	0.542539
-2.21867	0.551698
-2.21775	0.560546
-2.21682	0.569229
-2.2154	0.576735
-2.21408	0.584259
-2.21243	0.591408
-2.21071	0.598654
-2.20909	0.60595
-2.20738	0.613336
-2.20494	0.620455
-2.20234	0.627607
-2.20006	0.635176
-2.1976	0.642712
-2.19503	0.650502
-2.19228	0.658073
-2.18878	0.66563
-2.1855	0.672906
-2.18229	0.680337
-2.17932	0.688084
-2.17617	0.695614
-2.17293	0.703063
-2.16914	0.710235
-2.16417	0.717351
-2.1594	0.723922
-2.15458	0.730361
-2.14953	0.736871
-2.14406	0.743254
-2.13838	0.749284
-2.13254	0.755627
-2.1265	0.761938
-2.12028	0.768038
-2.11431	0.773826
-2.10918	0.780289
-2.10394	0.786396
-2.09826	0.792401
-2.09245	0.798139
-2.08673	0.803537
-2.08086	0.808743
-2.07498	0.81338
-2.06881	0.817975
-2.06248	0.822295
-2.05616	0.826781
-2.04972	0.831107
-2.04321	0.835304
-2.03661	0.839094
-2.03097	0.842172
-2.02498	0.845271
-2.01872	0.848422
-2.01167	0.851642
-2.00411	0.854522
-1.99574	0.857113
-1.98745	0.858787
-1.97936	0.860457
-1.97127	0.861613
-1.96294	0.862976
-1.95516	0.86424
-1.94682	0.865395
-1.93895	0.866313
-1.93104	0.86776
-1.92309	0.869002
-1.91508	0.870355
-1.9073	0.872472
-1.89979	0.874392
-1.89229	0.87662
-1.8851	0.879158
-1.87808	0.882114
-1.871	0.8856
-1.86413	0.888821
-1.85753	0.892311
-1.85103	0.895846
-1.84405	0.900322
-1.83748	0.905241
-1.83134	0.910706
-1.82534	0.916448
-1.81997	0.922685
-1.81505	0.929217
-1.81047	0.934849
-1.80616	0.940857
-1.8022	0.947173
-1.79807	0.954043
-1.79403	0.960973
-1.79065	0.967774
-1.78755	0.974648
-1.78496	0.981946
-1.78189	0.989095
-1.77908	0.996393
-1.77652	1.00394
-1.77452	1.01111
-1.77266	1.01845
-1.77072	1.02611
-1.76782	1.03403
-1.76469	1.04193
-1.76188	1.05006
-1.75919	1.05784
-1.75674	1.06615
-1.75439	1.0746
-1.75234	1.08326
-1.75038	1.09173
-1.74834	1.10024
-1.7461	1.10854
-1.74296	1.11551
-1.73948	1.12266
-1.73524	1.13059
-1.72776	1.13651
-1.72133	1.14346
-1.71571	1.15072
-1.71074	1.15815
-1.70589	1.16558
-1.70086	1.17314
-1.69558	1.18085
-1.69033	1.18753
-1.68543	1.19427
-1.68077	1.20133
-1.6769	1.20899
-1.6732	1.21652
-1.66984	1.22389
-1.66711	1.23166
-1.6646	1.23983
-1.66228	1.24794
-1.6597	1.25559
-1.65705	1.26343
-1.65419	1.27131
-1.65151	1.27877
-1.64954	1.28627
-1.64771	1.29381
-1.64621	1.30069
-1.64487	1.30717
-1.64336	1.31379
-1.64118	1.32108
-1.63908	1.32847
-1.63639	1.33578
-1.63369	1.34287
-1.63141	1.34953
-1.62972	1.35674
-1.62794	1.36465
-1.62619	1.37311
-1.62417	1.38159
-1.62237	1.38993
-1.62063	1.39809
-1.61898	1.40637
-1.61819	1.41427
-1.61767	1.42194
-1.61708	1.42969
-1.61605	1.43749
-1.61639	1.44507
-1.6167	1.45271
-1.61722	1.46031
-1.61726	1.46821
-1.61728	1.47775
-1.61724	1.48715
-1.61721	1.49643
-1.61638	1.50593
-1.6159	1.51452
-1.6152	1.52352
-1.61427	1.53192
-1.61358	1.54046
-1.61292	1.54888
-1.61307	1.55681
-1.61341	1.56484
-1.61345	1.5732
-1.61376	1.58164
-1.61408	1.58997
-1.6146	1.59776
-1.61522	1.60556
-1.61561	1.6135
-1.61609	1.62141
-1.61609	1.62896
-1.61635	1.63606
-1.61766	1.64354
-1.61899	1.65173
-1.62035	1.65985
-1.62183	1.66827
-1.6231	1.67657
-1.62445	1.68439
-1.62665	1.6917
-1.62872	1.69912
-1.63113	1.70719
-1.63397	1.71473
-1.63719	1.72321
-1.64018	1.73159
-1.64352	1.73946
-1.6459	1.74777
-1.64728	1.75599
-1.64888	1.7647
-1.65015	1.77245
-1.65223	1.78049
-1.65416	1.78826
-1.65634	1.79592
-1.65907	1.80414
-1.66235	1.81229
-1.66524	1.82076
-1.66791	1.8296
-1.67086	1.83808
-1.67346	1.84618
-1.67538	1.85389
-1.67726	1.86162
-1.67906	1.86873
-1.68094	1.87597
-1.68294	1.88329
-1.68545	1.89027
-1.68776	1.89768
-1.68957	1.90575
-1.69113	1.91386
-1.69294	1.92187
-1.69448	1.93029
-1.69607	1.93839
-1.69728	1.94635
-1.69811	1.95459
-1.69927	1.96236
-1.7005	1.96999
-1.70186	1.97773
-1.70331	1.98534
-1.70531	1.993
-1.70694	2.00058
-1.7084	2.00823
-1.70964	2.01603
-1.71098	2.02452
-1.71191	2.03309
-1.71227	2.04053
-1.7128	2.04777
-1.71334	2.05468
-1.7144	2.06133
-1.7156	2.06807
-1.71636	2.07539
-1.71668	2.08307
-1.71738	2.09089
-1.71831	2.09847
-1.71883	2.10622
-1.72011	2.11336
-1.72216	2.12014
-1.72481	2.12734
-1.72732	2.13513
-1.72957	2.14241
-1.73179	2.14921
-1.73433	2.15571
-1.73716	2.16254
-1.73998	2.17009
-1.74226	2.17758
-1.74425	2.18573
-1.74598	2.19386
-1.74729	2.20191
-1.74869	2.20994
-1.74995	2.21779
-1.75088	2.22564
-1.75146	2.23352
-1.75261	2.241
-1.75352	2.24871
-1.75424	2.25649
-1.75471	2.26428
-1.75488	2.27228
-1.75454	2.28052
-1.7541	2.28866
-1.75357	2.29724
-1.75321	2.30595
-1.7532	2.31413
-1.75293	2.32211
-1.7525	2.33034
-1.75248	2.33856
-1.7525	2.3468
-1.75228	2.35544
-1.75204	2.36363
-1.75196	2.37176
-1.75245	2.37948
-1.75347	2.38729
-1.75346	2.39499
-1.75342	2.40309
-1.75383	2.41077
-1.75488	2.41893
-1.75647	2.42699
-1.76542	2.43354
-1.77325	2.43948
-1.78079	2.44534
-1.78772	2.45096
-1.79424	2.45708
-1.80011	2.46356
-1.80474	2.47085
-1.80698	2.47995
-1.80788	2.48905
-1.80767	2.49869
-1.8074	2.50795
-1.80654	2.51714
-1.80473	2.52609
-1.81427	2.53716
-1.82337	2.54699
-1.83193	2.55581
-1.8404	2.56369
-1.84843	2.57102
-1.8562	2.57854
-1.86337	2.58556
-1.87002	2.59287
-1.87653	2.59918
-1.88292	2.60536
-1.88958	2.6111
-1.89555	2.61699
-1.90119	2.62223
-1.90697	2.62748
-1.9127	2.63281
-1.91858	2.63835
-1.92423	2.64415
-1.92986	2.65012
-1.93545	2.65599
-1.94089	2.6618
-1.94624	2.66756
-1.95136	2.67318
-1.95635	2.67845
-1.96179	2.68416
-1.96662	2.68995
-1.97137	2.69566
-1.97585	2.70092
-1.98062	2.70633
-1.98423	2.71082
-1.98766	2.71499
-1.99131	2.71968
-1.99506	2.72483
-1.9989	2.7303
-2.00276	2.73596
-2.00691	2.7417
-2.01086	2.74792
-2.01483	2.7544
-2.0183	2.76124
-2.02172	2.76804
-2.0244	2.77347
-2.02742	2.77982
-2.03039	2.78629
-2.03263	2.79245
-2.03537	2.79871
-2.03764	2.80545
-2.04046	2.81246
-2.04327	2.82006
-2.04596	2.82762
-2.04876	2.83456
-2.05155	2.84162
-2.05399	2.84948
-2.0569	2.85748
-2.05987	2.86499
-2.06275	2.87243
-2.06542	2.8799
-2.06799	2.88736

-2.07048	-2.8855
-2.07208	-2.87691
-2.07308	-2.8689
-2.0735	-2.86082
-2.07422	-2.85322
-2.07514	-2.84472
-2.07593	-2.83644
-2.07649	-2.82842
-2.07696	-2.82071
-2.07759	-2.81287
-2.078	-2.8051
-2.07845	-2.79756
-2.07922	-2.79002
-2.07989	-2.78275
-2.08085	-2.77576
-2.08187	-2.76822
-2.08213	-2.76087
-2.08236	-2.75356
-2.08268	-2.74617
-2.0826	-2.7382
-2.08236	-2.72993
-2.08212	-2.72174
-2.08199	-2.71372
-2.08177	-2.70562
-2.08161	-2.69766
-2.08132	-2.68999
-2.08097	-2.68222
-2.08031	-2.67433
-2.07965	-2.66632
-2.07859	-2.65883
-2.07732	-2.65006
-2.07644	-2.64134
-2.07547	-2.63296
-2.07523	-2.6245
-2.07476	-2.61606
-2.07464	-2.60817
-2.07478	-2.60084
-2.07453	-2.59308
-2.07411	-2.58493
-2.07344	-2.5771
-2.07261	-2.56962
-2.07142	-2.56227
-2.06951	-2.55508
-2.06776	-2.54754
-2.06655	-2.53887
-2.06558	-2.53065
-2.06461	-2.52252
-2.06364	-2.51458
-2.06303	-2.50677
-2.06245	-2.4991
-2.06196	-2.49137
-2.06104	-2.48402
-2.05994	-2.47649
-2.05884	-2.46891
-2.05833	-2.46152
-2.05709	-2.45348
-2.05611	-2.44538
-2.05552	-2.43729
-2.0555	-2.4296
-2.05504	-2.42137
-2.05456	-2.41369
-2.05468	-2.40554
-2.05482	-2.39707
-2.05474	-2.38884
-2.05457	-2.3807
-2.05523	-2.37183
-2.05586	-2.36322
-2.05649	-2.35484
-2.05731	-2.34711
-2.05842	-2.33917
-2.05915	-2.33135
-2.0607	-2.32335
-2.06282	-2.31535
-2.06492	-2.30764
-2.06671	-2.29992
-2.06847	-2.29212
-2.07009	-2.2843
-2.07096	-2.27687
-2.07169	-2.26932
-2.07233	-2.26179
-2.07264	-2.25439
-2.07297	-2.24691
-2.07348	-2.23942
-2.07392	-2.23184
-2.07409	-2.22413
-2.07404	-2.21665
-2.07394	-2.2094
-2.07395	-2.20177
-2.07347	-2.194
-2.07315	-2.18609
-2.07337	-2.17851
-2.07368	-2.17085
-2.07406	-2.16327
-2.07437	-2.15563
-2.0747	-2.14815
-2.0743	-2.1413
-2.07404	-2.13379
-2.07386	-2.12593
-2.07343	-2.11792
-2.07342	-2.11007
-2.07329	-2.10217
-2.07334	-2.09433
-2.07307	-2.08663
-2.07265	-2.07903
-2.07269	-2.07115
-2.07261	-2.06354
-2.07168	-2.05609
-2.07065	-2.04847
-2.06966	-2.04105
-2.06845	-2.0332
-2.06724	-2.02539
-2.06532	-2.01688
-2.06363	-2.00882
-2.06195	-2.001
-2.0603	-1.99301
-2.05863	-1.98558
-2.05711	-1.97803
-2.05566	-1.97084
-2.05447	-1.96436
-2.05324	-1.95799
-2.05168	-1.95148
-2.05014	-1.94503
-2.04859	-1.93824
-2.04693	-1.93054
-2.04508	-1.92266
-2.04328	-1.91477
-2.04166	-1.90703
-2.0406	-1.89895
-2.03917	-1.89023
-2.0381	-1.88196
-2.03667	-1.87387
-2.03486	-1.86536
-2.03321	-1.85681
-2.032	-1.8492
-2.03077	-1.84152
-2.02989	-1.83379
-2.0292	-1.82579
-2.02792	-1.81858
-2.02677	-1.81069
-2.0255	-1.80277
-2.02409	-1.79505
-2.02249	-1.78787
-2.02102	-1.78067
-2.01942	-1.77349
-2.01774	-1.76628
-2.01612	-1.75884
-2.01413	-1.75176
-2.01239	-1.74338
-2.01071	-1.73509
-2.00818	-1.72692
-2.00647	-1.71894
-2.0046	-1.7116
-2.00239	-1.70424
-2.00016	-1.69689
-1.99719	-1.68933
-1.99411	-1.68164
-1.99146	-1.67332
-1.98861	-1.66455
-1.98556	-1.65613
-1.98215	-1.64758
-1.97803	-1.63921
-1.97394	-1.6308
-1.96921	-1.62207
-1.96462	-1.61374
-1.96037	-1.60553
-1.95642	-1.59813
-1.95255	-1.59086
-1.94895	-1.58365
-1.94605	-1.5763
-1.94358	-1.56934
-1.9416	-1.56261
-1.93956	-1.55572
-1.9374	-1.54868
-1.93517	-1.5413
-1.93292	-1.53394
-1.9306	-1.52643
-1.92764	-1.5186
-1.92469	-1.50938
-1.92259	-1.50052
-1.92023	-1.49116
-1.91813	-1.48193
-1.91592	-1.473
-1.91375	-1.46452
-1.9117	-1.45589
-1.9094	-1.44771
-1.90754	-1.43976
-1.906	-1.43173
-1.90441	-1.42341
-1.90291	-1.41534
-1.90116	-1.40766
-1.89932	-1.39967
-1.89772	-1.39127
-1.89654	-1.38293
-1.89548	-1.37441
-1.89478	-1.36624
-1.89409	-1.3583
-1.89373	-1.35038
-1.89344	-1.34251
-1.89286	-1.33455
-1.89191	-1.32666
-1.89087	-1.31878
-1.88995	-1.31096
-1.88963	-1.30238
-1.88953	-1.29383
-1.88913	-1.28554
-1.88853	-1.27756
-1.88782	-1.26955
-1.88706	-1.26164
-1.88626	-1.25402
-1.88599	-1.24655
-1.8857	-1.239
-1.88574	-1.2321
-1.88617	-1.22413
-1.88683	-1.21636
-1.8875	-1.20826
-1.88813	-1.20021
-1.88918	-1.19207
-1.89048	-1.18414
-1.89178	-1.17625
-1.89319	-1.16859
-1.89469	-1.16048
-1.89602	-1.15332
-1.89711	-1.14612
-1.89832	-1.13837
-1.89944	-1.13044
-1.8999	-1.12296
-1.90078	-1.11572
-1.90133	-1.10779
-1.9022	-1.09943
-1.90328	-1.09195
-1.90453	-1.08451
-1.90583	-1.07722
-1.90739	-1.06954
-1.90884	-1.06121
-1.91008	-1.05278
-1.91114	-1.04428
-1.91212	-1.03617
-1.91291	-1.02835
-1.91396	-1.02066
-1.91461	-1.0128
-1.91516	-1.00515
-1.91511	-0.997915
-1.91481	-0.990557
-1.91369	-0.983847
-1.91226	-0.97719
-1.91008	-0.970147
-1.90795	-0.963075
-1.90573	-0.956335
-1.90324	-0.9498
-1.90036	-0.942489
-1.89735	-0.935435
-1.89425	-0.928148
-1.89137	-0.921204
-1.88868	-0.913572
-1.88596	-0.905686
-1.88331	-0.89892
-1.88094	-0.891715
-1.87849	-0.884356
-1.87591	-0.876794
-1.87337	-0.869251
-1.87043	-0.860928
-1.86772	-0.852465
-1.86468	-0.843866
-1.86167	-0.835653
-1.85873	-0.827615
-1.85652	-0.818446
-1.8545	-0.809531
-1.85254	-0.801249
-1.85023	-0.793515
-1.84813	-0.785805
-1.84619	-0.777981
-1.84429	-0.76981
-1.84193	-0.761996
-1.83956	-0.754213
-1.83668	-0.746418
-1.83324	-0.73923
-1.83044	-0.73209
-1.82732	-0.724612
-1.82429	-0.717116
-1.82132	-0.709563
-1.81839	-0.701786
-1.8158	-0.693831
-1.81431	-0.685984
-1.81281	-0.677877
-1.81072	-0.669666
-1.80869	-0.661653
-1.80682	-0.653697
-1.80546	-0.645671
-1.80417	-0.637737
-1.80288	-0.629838
-1.8016	-0.621954
-1.80056	-0.613991
-1.80019	-0.606578
-1.79942	-0.598965
-1.79868	-0.591368
-1.79758	-0.584555
-1.79653	-0.577373
-1.79549	-0.569934
-1.79537	-0.562085
-1.79518	-0.554294
-1.79444	-0.54642
-1.79366	-0.538415
-1.79283	-0.530419
-1.79177	-0.521999
-1.79062	-0.513797
-1.78966	-0.506186
-1.78809	-0.498772
-1.78656	-0.491123
-1.78502	-0.483459
-1.78349	-0.477406
-1.78158	-0.470675
-1.7796	-0.463711
-1.7785	-0.45587
-1.77774	-0.447782
-1.7768	-0.440107
-1.77544	-0.432679
-1.77419	-0.425182
-1.77312	-0.417705
-1.77226	-0.410167
-1.77193	-0.40245
-1.77136	-0.394386
-1.77064	-0.386369
-1.76951	-0.377496
-1.76788	-0.368398
-1.7659	-0.359158
-1.76303	-0.349973
-1.76079	-0.341436
-1.75837	-0.332993
-1.75592	-0.32528
-1.75349	-0.317631
-1.75049	-0.309956
-1.74753	-0.302342
-1.74456	-0.294804
-1.74161	-0.287342
-1.73835	-0.279671
-1.73508	-0.272056
-1.73206	-0.264687
-1.72898	-0.25706
-1.72576	-0.248919
-1.72218	-0.240966
-1.71765	-0.233194
-1.71324	-0.225503
-1.70887	-0.2171
-1.70457	-0.209034
-1.70052	-0.201147
-1.69657	-0.193446
-1.69273	-0.185767
-1.68863	-0.178093
-1.68487	-0.170887
-1.68105	-0.164137
-1.67794	-0.157976
-1.67471	-0.151791
-1.67114	-0.145299
-1.66837	-0.138944
-1.66569	-0.132344
-1.66342	-0.126338
-1.66103	-0.11967
-1.65862	-0.11288
-1.65599	-0.10521
-1.65316	-0.0969831
-1.65053	-0.0892705
-1.64811	-0.0810932
-1.64572	-0.0730563
-1.64366	-0.0648531
-1.6417	-0.0567518
-1.63952	-0.0488895
-1.63717	-0.0411892
-1.63474	-0.0335637
-1.63231	-0.0259972
-1.62928	-0.0177595
-1.62608	-0.0100533
-1.62271	-0.00219942
-1.61901	0.00553869
-1.61524	0.0130967
-1.61201	0.0205928
-1.60867	0.0279789
-1.60514	0.0352612
-1.60147	0.0429057
-1.59726	0.0506412
-1.59257	0.0577402
-1.58765	0.0645665
-1.58262	0.0712067
-1.57749	0.077516
-1.57271	0.0834181
-1.5676	0.0887706
-1.56197	0.0935978
-1.5564	0.0984716
-1.55088	0.104211
-1.54529	0.110201
-1.54022	0.116395
-1.5351	0.122529
-1.52989	0.12829
-1.52525	0.134509
-1.52105	0.140683
-1.51705	0.147074
-1.51243	0.152913
-1.50745	0.158351
-1.50237	0.164086
-1.49712	0.169781
-1.49064	0.175269
-1.48467	0.181199
-1.47876	0.187501
-1.47289	0.193773
-1.46768	0.200064
-1.46249	0.206289
-1.45738	0.212857
-1.45246	0.218828
-1.44731	0.225325
-1.44293	0.232045
-1.43747	0.238792
-1.43201	0.245762
-1.42724	0.252057
-1.42238	0.258312
-1.41675	0.264495
-1.4113	0.270715
-1.40621	0.277166
-1.40076	0.283764
-1.3959	0.289788
-1.39098	0.295901
-1.38661	0.301758
-1.38245	0.307601
-1.37828	0.314334
-1.3738	0.320262
-1.36907	0.325799
-1.36412	0.331632
-1.35905	0.337592
-1.35395	0.343573
-1.34858	0.349235
-1.34308	0.354385
-1.3377	0.359765
