-0.00502733	0.00453654
-0.0100799	0.00909717
-0.0143468	0.0138059
-0.0181152	0.0184835
-0.0218643	0.0229872
-0.0262043	0.02762
-0.0314039	0.0323525
-0.0372754	0.0366288
-0.043234	0.0407548
-0.0491117	0.0447624
-0.0559255	0.0486383
-0.0625569	0.0529146
-0.0675809	0.0590491
-0.0746967	0.0644328
-0.0821536	0.0697828
-0.0902907	0.0747817
-0.0982075	0.0794071
-0.105999	0.0838175
-0.113819	0.0870928
-0.121925	0.0895566
-0.130018	0.0924383
-0.137778	0.0953672
-0.145649	0.0978231
-0.1541	0.0994626
-0.162491	0.100839
-0.170329	0.101289
-0.178274	0.101532
-0.18568	0.101649
-0.193815	0.100981
-0.202514	0.100099
-0.211163	0.0990488
-0.219652	0.0978067
-0.22774	0.0966381
-0.235852	0.0951545
-0.243593	0.0940472
-0.251364	0.0927908
-0.259268	0.0913426
-0.267103	0.0897486
-0.275166	0.0879869
-0.283122	0.086031
-0.289773	0.0836748
-0.296462	0.0812131
-0.303739	0.0789408
-0.311002	0.0766678
-0.319124	0.0746668
-0.327139	0.0724746
-0.334709	0.0702427
-0.34218	0.0679327
-0.349833	0.0653692
-0.35711	0.0627441
-0.363598	0.0604276
-0.370587	0.0579622
-0.378598	0.0552827
-0.386499	0.0519972
-0.394081	0.048834
-0.401604	0.0453487
-0.409644	0.0418631
-0.417248	0.0385314
-0.425081	0.0350942
-0.432775	0.0316528
-0.4404	0.028174
-0.447687	0.0245697
-0.455207	0.0204595
-0.462669	0.016593
-0.469865	0.0122643
-0.476667	0.00783734
-0.482856	0.00308437
-0.489149	-0.00209685
-0.49545	-0.00681095
-0.501026	-0.0117402
-0.506807	-0.0165464
-0.512357	-0.0213152
-0.517905	-0.0260594
-0.522665	-0.0303965
-0.527628	-0.0349032
-0.53324	-0.0392839
-0.538982	-0.0440847
-0.544779	-0.0489239
-0.550231	-0.0537796
-0.555895	-0.058695
-0.561242	-0.0634587
-0.566772	-0.0682981
-0.573095	-0.0729628
-0.57894	-0.0772542
-0.58494	-0.0816542
-0.591017	-0.0860266
-0.59718	-0.0906859
-0.603665	-0.0954994
-0.609765	-0.100554
-0.615673	-0.105766
-0.621591	-0.110336
-0.627086	-0.115066
-0.632753	-0.119889
-0.639111	-0.125252
-0.645412	-0.130558
-0.65165	-0.135891
-0.657901	-0.141132
-0.664192	-0.146407
-0.670574	-0.15129
-0.677291	-0.155589
-0.683951	-0.159892
-0.690592	-0.164126
-0.697074	-0.168437
-0.703278	-0.172667
-0.710081	-0.17607
-0.717005	-0.179518
-0.724217	-0.18232
-0.730837	-0.185392
-0.737697	-0.188838
-0.74455	-0.19234
-0.751437	-0.19579
-0.758236	-0.199406
-0.764887	-0.202852
-0.771443	-0.205886
-0.777992	-0.209053
-0.784802	-0.212277
-0.791664	-0.216223
-0.798466	-0.220084
-0.805697	-0.223459
-0.813109	-0.226712
-0.820456	-0.230019
-0.827811	-0.233226
-0.834995	-0.23677
-0.842784	-0.240644
-0.850233	-0.244981
-0.857546	-0.249274
-0.864877	-0.253792
-0.872012	-0.258079
-0.878881	-0.262396
-0.885705	-0.266381
-0.892473	-0.271274
-0.899255	-0.276015
-0.905324	-0.280655
-0.911683	-0.286252
-0.91798	-0.291739
-0.924262	-0.297278
-0.930503	-0.302713
-0.936411	-0.30837
-0.942329	-0.313955
-0.948501	-0.31931
-0.95472	-0.32474
-0.960782	-0.329637
-0.966907	-0.33454
-0.973158	-0.339302
-0.97964	-0.344236
-0.986044	-0.348784
-0.992583	-0.353231
-0.999144	-0.357733
-1.00573	-0.362213
-1.01206	-0.366006
-1.01824	-0.369787
-1.0245	-0.373628
-1.03072	-0.378023
-1.03728	-0.382674
-1.04368	-0.387041
-1.05	-0.391217
-1.05644	-0.395429
-1.06247	-0.400141
-1.06832	-0.404764
-1.07411	-0.409274
-1.07998	-0.413849
-1.08556	-0.418201
-1.09129	-0.422496
-1.09687	-0.42619
-1.10304	-0.429488
-1.10912	-0.433289
-1.11505	-0.437191
-1.12126	-0.441169
-1.12746	-0.44486
-1.13342	-0.448805
-1.13961	-0.452906
-1.14594	-0.456697
-1.15197	-0.460274
-1.15814	-0.463978
-1.16448	-0.467752
-1.17089	-0.471595
-1.17753	-0.47427
-1.18416	-0.476811
-1.19073	-0.479324
-1.19694	-0.482746
-1.20349	-0.485939
-1.20973	-0.490169
-1.21602	-0.49365
-1.22137	-0.496832
-1.22717	-0.500215
-1.23331	-0.504192
-1.23939	-0.508296
-1.24559	-0.512502
-1.25197	-0.516794
-1.25839	-0.520977
-1.26515	-0.525132
-1.2724	-0.529197
-1.27949	-0.533361
-1.28632	-0.537923
-1.29316	-0.542419
-1.29984	-0.54707
-1.30641	-0.551346
-1.31287	-0.55599
-1.31929	-0.560512
-1.32551	-0.564677
-1.33218	-0.569091
-1.33876	-0.573454
-1.3454	-0.578207
-1.35256	-0.583298
-1.35934	-0.588823
-1.36602	-0.594188
-1.37276	-0.599494
-1.37983	-0.604769
-1.38675	-0.610005
-1.39386	-0.614777
-1.40082	-0.619503
-1.40769	-0.624454
-1.41409	-0.629062
-1.42011	-0.633694
-1.42626	-0.638825
-1.43183	-0.644154
-1.43741	-0.649688
-1.4422	-0.65501
-1.44735	-0.660054
-1.45278	-0.664766
-1.45843	-0.669441
-1.46377	-0.67459
-1.46977	-0.679828
-1.47618	-0.683881
-1.48255	-0.687957
-1.48968	-0.691569
-1.49694	-0.695368
-1.50453	-0.698803
-1.51311	-0.702363
-1.52189	-0.706458
-1.53098	-0.710637
-1.53949	-0.714988
-1.54723	-0.718438
-1.55411	-0.72143
-1.56123	-0.724923
-1.56835	-0.728431
-1.57516	-0.731805
-1.58154	-0.735049
-1.58764	-0.738898
-1.59282	-0.742487
-1.59823	-0.746167
-1.60421	-0.74977
-1.6101	-0.753512
-1.61622	-0.756811
-1.62269	-0.76033
-1.62912	-0.7642
-1.63505	-0.768394
-1.64108	-0.772673
-1.64745	-0.776364
-1.65397	-0.780466
-1.6609	-0.784748
-1.66776	-0.788989
-1.675	-0.793094
-1.6822	-0.796978
-1.68936	-0.801757
-1.69663	-0.805976
-1.70308	-0.810179
-1.70957	-0.814338
-1.71612	-0.818411
-1.72232	-0.822526
-1.72859	-0.826758
-1.73503	-0.830428
-1.74166	-0.834044
-1.74915	-0.837563
-1.75636	-0.84124
-1.76292	-0.844701
-1.7699	-0.84792
-1.77698	-0.850741
-1.7842	-0.853686
-1.79135	-0.856815
-1.79909	-0.860255
-1.80702	-0.86375
-1.81496	-0.867715
-1.82353	-0.871815
-1.83177	-0.875639
-1.84028	-0.879324
-1.84839	-0.882885
-1.85635	-0.887821
-1.86406	-0.892605
-1.87177	-0.896903
-1.8796	-0.901646
-1.88697	-0.906647
-1.89349	-0.911341
-1.89962	-0.915783
-1.90565	-0.920322
-1.9116	-0.924948
-1.91719	-0.929362
-1.92304	-0.933499
-1.92882	-0.936988
-1.93468	-0.940592
-1.94083	-0.944354
-1.94598	-0.948281
-1.95085	-0.952386
-1.95602	-0.95643
-1.96141	-0.960554
-1.96748	-0.965014
-1.97371	-0.969777
-1.98022	-0.973344
-1.98694	-0.976946
-1.99369	-0.980596
-2.00027	-0.983968
-2.00672	-0.987763
-2.01334	-0.991603
-2.01989	-0.995555
-2.02678	-0.999309
-2.03348	-1.0034
-2.03966	-1.00756
-2.04582	-1.01273
-2.05193	-1.01794
-2.05794	-1.02289
-2.06399	-1.02796
-2.07008	-1.03243
-2.07665	-1.03722
-2.08327	-1.04183
-2.08996	-1.04648
-2.09657	-1.05115
-2.10301	-1.05581
-2.10903	-1.06072
-2.11557	-1.06514
-2.12175	-1.0696
-2.12752	-1.07412
-2.13305	-1.07837
-2.13842	-1.08267
-2.14378	-1.08737
-2.14945	-1.09239
-2.1558	-1.09807
-2.16283	-1.10389
-2.16977	-1.10943
-2.17724	-1.11473
-2.18434	-1.11996
-2.19151	-1.12497
-2.19884	-1.12988
-2.20606	-1.13467
-2.21344	-1.13986
-2.22064	-1.14472
-2.22835	-1.14871
-2.23628	-1.15238
-2.24372	-1.15631
-2.25156	-1.16012
-2.2594	-1.16379
-2.26768	-1.16814
-2.27554	-1.17356
-2.28344	-1.17826
-2.29065	-1.18199
-2.29744	-1.18619
-2.30395	-1.19075
-2.31028	-1.19501
-2.31669	-1.19957
-2.32318	-1.20402
-2.32934	-1.20879
-2.33555	-1.21354
-2.34117	-1.21748
-2.3467	-1.22166
-2.35241	-1.22594
-2.35836	-1.23024
-2.36433	-1.23463
-2.37035	-1.23905
-2.37673	-1.24323
-2.38279	-1.2466
-2.38914	-1.25005
-2.39621	-1.2536
-2.40295	-1.25711
-2.40985	-1.26091
-2.41686	-1.2642
-2.42403	-1.26739
-2.43045	-1.27117
-2.43701	-1.27489
-2.44363	-1.27867
-2.45035	-1.28347
-2.45695	-1.28896
-2.46353	-1.29471
-2.4702	-1.30022
-2.47619	-1.30498
-2.48159	-1.31018
-2.48703	-1.31538
-2.49292	-1.32114
-2.49807	-1.32658
-2.50336	-1.33209
-2.50905	-1.3374
-2.51493	-1.34217
-2.52063	-1.34693
-2.52652	-1.35181
-2.53252	-1.35632
-2.53843	-1.361
-2.54467	-1.36602
-2.55012	-1.37062
-2.55614	-1.37566
-2.56207	-1.38037
-2.5681	-1.38513
-2.574	-1.38977
-2.57993	-1.39443
-2.58615	-1.39955
-2.59339	-1.40394
-2.60027	-1.40875
-2.60739	-1.41309
-2.61443	-1.41739
-2.62113	-1.42175
-2.62791	-1.42629
-2.63459	-1.43093
-2.64174	-1.43502
-2.6485	-1.43851
-2.65503	-1.44195
-2.66215	-1.44627
-2.66912	-1.45098
-2.67555	-1.45603
-2.68241	-1.46097
-2.68927	-1.46596
-2.69592	-1.4709
-2.70246	-1.47569
-2.70899	-1.48044
-2.71476	-1.48495
-2.72041	-1.48886
-2.72704	-1.49387
-2.73392	-1.49917
-2.7408	-1.50437
-2.74754	-1.50939
-2.7542	-1.5143
-2.76095	-1.51929
-2.76738	-1.52415
-2.7738	-1.52898
-2.78044	-1.53378
-2.78751	-1.53938
-2.79447	-1.54479
-2.80036	-1.55013
-2.80628	-1.55547
-2.81232	-1.56087
-2.81848	-1.56619
-2.82383	-1.57101
-2.82972	-1.57672
-2.83554	-1.58243
-2.8407	-1.58789
-2.84559	-1.59302
-2.85078	-1.5979
-2.85595	-1.60232
-2.8613	-1.60688
-2.8669	-1.61152
-2.87133	-1.61694
-2.87615	-1.62248
-2.88089	-1.62718
-2.88531	-1.63171
-2.89009	-1.63639
-2.89515	-1.6411
-2.90044	-1.64568
-2.90583	-1.65036
-2.91092	-1.65513
-2.91621	-1.65998
-2.92158	-1.6642
-2.9271	-1.66854
-2.9321	-1.6734
-2.93664	-1.67819
-2.94137	-1.68307
-2.94577	-1.68896
-2.95019	-1.69387
-2.95525	-1.69848
-2.96048	-1.70309
-2.96627	-1.70752
-2.97217	-1.71199
-2.97822	-1.71651
-2.9845	-1.72068
-2.99045	-1.72538
-2.99662	-1.73077
-3.00257	-1.7362
-3.00844	-1.74168
-3.01397	-1.74697
-3.01937	-1.75191
-3.02562	-1.75706
-3.03184	-1.76215
-3.0381	-1.76773
-3.04383	-1.7733
-3.0493	-1.77805
-3.05487	-1.78289
-3.06072	-1.78777
-3.06669	-1.79264
-3.07309	-1.79842
-3.08001	-1.80402
-3.08731	-1.81002
-3.09509	-1.81608
-3.10258	-1.82188
-3.10966	-1.82768
-3.11608	-1.8332
-3.12248	-1.8378
-3.12878	-1.84206
-3.13562	-1.8461
-3.14259	-1.85013
-3.14952	-1.85426
-3.15735	-1.85886
-3.1649	-1.86342
-3.17244	-1.86802
-3.17967	-1.87277
-3.18683	-1.87783
-3.19383	-1.88297
-3.20062	-1.88806
-3.20737	-1.89254
-3.21396	-1.8969
-3.22107	-1.90133
-3.22872	-1.9058
-3.23604	-1.91065
-3.24301	-1.91527
-3.2499	-1.91982
-3.25754	-1.92524
-3.26554	-1.93017
-3.27325	-1.93495
-3.28053	-1.93879
-3.28789	-1.94296
-3.29495	-1.94719
-3.3011	-1.95178
-3.30727	-1.95634
-3.3137	-1.96101
-3.31967	-1.96589
-3.32531	-1.97028
-3.33123	-1.97454
-3.3374	-1.97922
-3.34362	-1.98392
-3.34998	-1.98865
-3.35616	-1.99368
-3.36237	-1.99891
-3.36863	-2.00402
-3.3751	-2.00909
-3.38164	-2.01406
-3.38826	-2.01882
-3.39429	-2.02369
-3.40031	-2.02838
-3.40636	-2.03331
-3.41242	-2.03813
-3.41959	-2.04329
-3.42687	-2.04788
-3.434	-2.05235
-3.44085	-2.05683
-3.44684	-2.06109
-3.4529	-2.0655
-3.45896	-2.0699
-3.46499	-2.07459
-3.47131	-2.0789
-3.47786	-2.08341
-3.48512	-2.08832
-3.49212	-2.09314
-3.49887	-2.098
-3.50586	-2.10249
-3.51284	-2.107
-3.52008	-2.11148
-3.5273	-2.11633
-3.53433	-2.12107
-3.54128	-2.12574
-3.54823	-2.13099
-3.55472	-2.13566
-3.56128	-2.14034
-3.56772	-2.14528
-3.57461	-2.15006
-3.58175	-2.15463
-3.58872	-2.15912
-3.59519	-2.16359
-3.60325	-2.16823
-3.61188	-2.17249
-3.6207	-2.17684
-3.62939	-2.18122
-3.63768	-2.18554
-3.64597	-2.18923
-3.65381	-2.19276
-3.66169	-2.19648
-3.66893	-2.19984
-3.67597	-2.20293
-3.68268	-2.20522
-3.68966	-2.2077
-3.6965	-2.21012
-3.70341	-2.2125
-3.7105	-2.21493
-3.7179	-2.21747
-3.72527	-2.22029
-3.73227	-2.2242
-3.73957	-2.22856
-3.74672	-2.23285
-3.75362	-2.23693
-3.76059	-2.2421
-3.76751	-2.24718
-3.77399	-2.2528
-3.7804	-2.25832
-3.78614	-2.26353
-3.79215	-2.26816
-3.79864	-2.2724
-3.80513	-2.27655
-3.81159	-2.28081
-3.81833	-2.28496
-3.82511	-2.28869
-3.83171	-2.29242
-3.83928	-2.29593
-3.84677	-2.29989
-3.85408	-2.30393
-3.86091	-2.308
-3.86719	-2.31209
-3.8737	-2.3161
-3.87948	-2.32058
-3.88445	-2.32529
-3.88973	-2.33038
-3.89523	-2.33554
-3.90086	-2.34078
-3.90668	-2.34672
-3.91269	-2.3524
-3.91935	-2.35795
-3.92577	-2.36359
-3.9322	-2.3691
-3.93839	-2.37439
-3.94435	-2.37932
-3.95044	-2.38447
-3.95745	-2.39026
-3.96347	-2.39624
-3.96941	-2.40172
-3.97613	-2.40756
-3.9825	-2.41312
-3.98826	-2.41853
-3.99403	-2.42394
-3.99911	-2.42876
-4.00445	-2.43364
-4.00989	-2.4387
-4.01539	-2.4442
-4.02026	-2.44935
-4.02511	-2.45521
-4.02958	-2.46081
-4.03383	-2.46633
-4.0379	-2.47139
-4.04199	-2.47612
-4.04622	-2.4815
-4.05124	-2.48746
-4.05704	-2.49345
-4.06329	-2.49845
-4.06955	-2.50275
-4.07644	-2.50737
-4.08308	-2.51183
-4.08963	-2.51633
-4.0963	-2.52064
-4.10316	-2.52418
-4.10992	-2.52773
-4.1165	-2.53152
-4.12323	-2.53554
-4.12991	-2.53957
-4.13597	-2.5431
-4.14216	-2.54668
-4.14892	-2.55062
-4.15515	-2.55483
-4.16173	-2.55875
-4.1684	-2.56286
-4.17526	-2.56716
-4.18209	-2.57145
-4.18876	-2.57658
-4.19532	-2.58149
-4.2022	-2.58614
-4.20933	-2.59041
-4.21637	-2.59464
-4.22325	-2.5986
-4.22956	-2.60266
-4.23597	-2.60641
-4.24201	-2.61092
-4.24802	-2.61539
-4.25443	-2.62004
-4.26062	-2.62469
-4.26698	-2.62929
-4.2728	-2.63409
-4.27948	-2.6391
-4.28585	-2.6439
-4.29214	-2.64861
-4.29895	-2.65337
-4.30565	-2.65805
-4.31265	-2.6622
-4.31962	-2.66627
-4.32673	-2.67048
-4.33376	-2.67461
-4.34098	-2.67877
-4.34836	-2.68339
-4.3555	-2.68818
-4.36206	-2.6926
-4.36799	-2.69717
-4.3745	-2.70205
-4.38073	-2.70688
-4.3868	-2.71169
-4.39234	-2.71614
-4.39742	-2.72092
-4.40274	-2.72579
-4.4091	-2.73128
-4.41515	-2.73668
-4.42143	-2.74206
-4.42754	-2.74749
-4.43389	-2.75256
-4.44114	-2.758
-4.4484	-2.7633
-4.45539	-2.7678
-4.46241	-2.7723
-4.46922	-2.77673
-4.47701	-2.78126
-4.48399	-2.78576
-4.49089	-2.79018
-4.49664	-2.79491
-4.50221	-2.7996
-4.50756	-2.80479
-4.51312	-2.81018
-4.51864	-2.81624
-4.52377	-2.82196
-4.52872	-2.82777
-4.53369	-2.83344
-4.53886	-2.83915
-4.54392	-2.84485
-4.54877	-2.84989
-4.55382	-2.85508
-4.5597	-2.86048
-4.56538	-2.86644
-4.57183	-2.87187
-4.57864	-2.87792
-4.58557	-2.8835
-4.59245	-2.88877
-4.59901	-2.89425
-4.60623	-2.89956
-4.61385	-2.9041
-4.62103	-2.90774
-4.62807	-2.91109
-4.63572	-2.91413
-4.64332	-2.91697
-4.65091	-2.91973
-4.65839	-2.92273
-4.6659	-2.92527
-4.67321	-2.92775
-4.68053	-2.93032
-4.68784	-2.9331
-4.69546	-2.93603
-4.70214	-2.93978
-4.70926	-2.94264
-4.71639	-2.94558
-4.72397	-2.94961
-4.73125	-2.95373
-4.73846	-2.95727
-4.74562	-2.96127
-4.75218	-2.96523
-4.75866	-2.9694
-4.76529	-2.97358
-4.77154	-2.97742
-4.77703	-2.98145
-4.78241	-2.98554
-4.78748	-2.98966
-4.79279	-2.99395
-4.7983	-2.99852
-4.80356	-3.00312
-4.80916	-3.00782
-4.81488	-3.01253
-4.82058	-3.01762
-4.82643	-3.02255
-4.83238	-3.0272
-4.83956	-3.03136
-4.84637	-3.03547
-4.85296	-3.03957
-4.8597	-3.04363
-4.86662	-3.04783
-4.8735	-3.05198
-4.88047	-3.05564
-4.88754	-3.05948
-4.89459	-3.06334
-4.90161	-3.06716
-4.90925	-3.07123
-4.91686	-3.07497
-4.92436	-3.07863
-4.93176	-3.08232
-4.93874	-3.08665
-4.9459	-3.09121
-4.95318	-3.09617
-4.96025	-3.10093
-4.96745	-3.10513
-4.97512	-3.10993
-4.98259	-3.11482
-4.98991	-3.11956
-4.99697	-3.12452
-5.00405	-3.12911
-5.01088	-3.13374
-5.01729	-3.13869
-5.02368	-3.14359
-5.03015	-3.14776
-5.03626	-3.15211
-5.04248	-3.15596
-5.04861	-3.15985
-5.05522	-3.16418
-5.06178	-3.16848
-5.06838	-3.17304
-5.07496	-3.17767
-5.08129	-3.18272
-5.08756	-3.18782
-5.09384	-3.19284
-5.10013	-3.19792
-5.10642	-3.203
-5.11271	-3.20771
-5.11875	-3.21273
-5.12475	-3.21788
-5.13182	-3.22272
-5.13858	-3.22756
-5.1449	-3.23247
-5.15154	-3.23685
-5.15842	-3.24091
-5.16543	-3.24499
-5.17247	-3.24852
-5.17952	-3.25195
-5.18549	-3.25601
-5.19196	-3.25975
-5.1987	-3.26377
-5.20586	-3.2677
-5.21347	-3.27247
-5.22112	-3.2766
-5.22822	-3.2805
-5.23519	-3.28465
-5.24239	-3.28864
-5.24977	-3.29267
-5.25738	-3.29717
-5.26471	-3.30138
-5.27192	-3.30523
-5.27986	-3.30895
-5.28766	-3.31275
-5.2954	-3.31697
-5.30314	-3.32143
-5.31048	-3.3258
-5.31825	-3.33036
-5.32581	-3.33473
-5.33323	-3.33914
-5.34007	-3.34324
-5.3471	-3.3473
-5.35458	-3.35142
-5.3606	-3.35593
-5.36681	-3.36034
-5.37302	-3.36474
-5.37922	-3.36931
-5.38547	-3.37382
-5.39135	-3.37829
-5.39736	-3.38261
-5.40333	-3.38709
-5.40936	-3.39176
-5.41511	-3.39701
-5.42096	-3.40252
-5.42687	-3.40819
-5.43328	-3.41401
-5.43954	-3.41971
-5.44719	-3.42484
-5.45429	-3.43065
-5.46099	-3.4369
-5.46743	-3.4436
-5.47368	-3.44998
-5.47984	-3.45616
-5.48594	-3.46205
-5.492	-3.46779
-5.49779	-3.47284
-5.50336	-3.47822
-5.50813	-3.4835
-5.51292	-3.48858
-5.51809	-3.49367
-5.52343	-3.49886
-5.52852	-3.50466
-5.53389	-3.51112
-5.53863	-3.51718
-5.54353	-3.52374
-5.5486	-3.52928
-5.55401	-3.53471
-5.5594	-3.54009
-5.56484	-3.54542
-5.57047	-3.55073
-5.576	-3.55651
-5.58152	-3.56168
-5.58757	-3.56633
-5.59336	-3.57077
-5.59928	-3.57526
-5.60544	-3.57993
-5.61136	-3.58397
-5.61745	-3.58781
-5.62397	-3.59169
-5.63052	-3.59561
-5.63681	-3.59923
-5.64278	-3.60336
-5.64861	-3.60715
-5.6541	-3.6111
-5.65961	-3.61556
-5.66479	-3.6204
-5.66991	-3.62503
-5.67518	-3.62965
-5.68068	-3.63434
-5.68648	-3.63881
-5.69295	-3.64322
-5.69903	-3.64786
-5.70562	-3.65281
-5.71299	-3.65787
-5.71968	-3.66247
-5.72636	-3.66706
-5.73304	-3.67144
-5.73943	-3.67602
-5.74568	-3.68036
-5.75257	-3.68453
-5.75945	-3.68906
-5.76641	-3.69333
-5.77294	-3.69819
-5.77921	-3.70267
-5.78548	-3.70717
-5.79193	-3.71169
-5.79886	-3.71603
-5.80576	-3.72027
-5.81285	-3.7242
-5.82015	-3.72791
-5.82736	-3.73173
-5.83466	-3.73554
-5.84192	-3.73935
-5.84828	-3.74367
-5.85443	-3.74683
-5.86029	-3.75008
-5.86567	-3.75423
-5.87133	-3.75948
-5.87695	-3.76512
-5.883	-3.77078
-5.88921	-3.77639
-5.89477	-3.78144
-5.90038	-3.78544
-5.90611	-3.78926
-5.9116	-3.79342
-5.91637	-3.79651
-5.92152	-3.79982
-5.92722	-3.80368
-5.93297	-3.80756
-5.93871	-3.81147
-5.9446	-3.81547
-5.9501	-3.81895
-5.95603	-3.82237
-5.96205	-3.82584
-5.96741	-3.82897
-5.97304	-3.83228
-5.97885	-3.83628
-5.98513	-3.8404
-5.99186	-3.84446
-5.99862	-3.84891
-6.00552	-3.8534
-6.01239	-3.85776
-6.01973	-3.86192
-6.02704	-3.86626
-6.03411	-3.87042
-6.0413	-3.87484
-6.04841	-3.87921
-6.05545	-3.88354
-6.06103	-3.8885
-6.06641	-3.89343
-6.07122	-3.89845
-6.07633	-3.90336
-6.0816	-3.90835
-6.08759	-3.91324
-6.09324	-3.91765
-6.09913	-3.92236
-6.10515	-3.92669
-6.11125	-3.93109
-6.1179	-3.93552
-6.12442	-3.94011
-6.13103	-3.94446
-6.1375	-3.94882
-6.14461	-3.95376
-6.15175	-3.95802
-6.15925	-3.96193
-6.16655	-3.96587
-6.17317	-3.9701
-6.17985	-3.97439
-6.18663	-3.97872
-6.19343	-3.98396
-6.20008	-3.98913
-6.20688	-3.99433
-6.21342	-3.99878
-6.22025	-4.00314
-6.22682	-4.00775
-6.23346	-4.01149
-6.24003	-4.01532
-6.24646	-4.02012
-6.2527	-4.02488
-6.25869	-4.02977
-6.26433	-4.0349
-6.27004	-4.03999
-6.27483	-4.04526
-6.28008	-4.05097
-6.28516	-4.05612
-6.29043	-4.06127
-6.29577	-4.06659
-6.30089	-4.07133
-6.30618	-4.07615
-6.311	-4.08149
-6.31601	-4.0869
-6.32141	-4.09226
-6.32678	-4.09774
-6.33185	-4.10302
-6.33676	-4.1089
-6.3418	-4.11477
-6.34735	-4.12064
-6.35388	-4.12623
-6.3608	-4.13185
-6.36757	-4.13765
-6.37383	-4.1418
-6.38038	-4.14623
-6.38743	-4.15076
-6.39455	-4.15573
-6.40188	-4.16126
-6.40896	-4.16672
-6.41591	-4.17196
-6.4228	-4.17767
-6.42952	-4.18331
-6.43584	-4.18799
-6.44263	-4.19256
-6.44934	-4.19609
-6.45603	-4.19965
-6.46265	-4.2031
-6.46973	-4.20689
-6.47677	-4.2107
-6.48382	-4.21451
-6.49088	-4.21857
-6.49743	-4.22179
-6.50392	-4.22575
-6.51096	-4.22896
-6.51823	-4.23286
-6.52556	-4.23643
-6.53281	-4.24006
-6.54016	-4.24397
-6.54733	-4.24802
-6.55468	-4.25159
-6.56196	-4.25519
-6.56935	-4.25855
-6.57709	-4.26125
-6.58499	-4.26359
-6.5932	-4.26635
-6.60122	-4.26894
-6.60929	-4.27167
-6.61621	-4.27413
-6.62304	-4.27731
-6.6296	-4.28039
-6.63635	-4.28363
-6.64298	-4.28697
-6.64968	-4.29039
-6.65622	-4.29365
-6.66311	-4.29682
-6.67011	-4.30009
-6.67711	-4.30335
-6.68407	-4.30695
-6.69121	-4.31013
-6.69823	-4.31335
-6.70457	-4.31658
-6.71118	-4.31985
-6.71797	-4.32313
-6.72481	-4.32648
-6.73099	-4.3296
-6.73752	-4.33242
-6.7445	-4.33537
-6.7515	-4.33863
-6.75754	-4.34213
-6.76388	-4.34562
-6.77097	-4.34954
-6.77782	-4.353
-6.78458	-4.35688
-6.79168	-4.36041
-6.79877	-4.36394
-6.80591	-4.36823
-6.81366	-4.37279
-6.82165	-4.37733
-6.82952	-4.38111
-6.83731	-4.38498
-6.84482	-4.38875
-6.85248	-4.39193
-6.86026	-4.39524
-6.8679	-4.39853
-6.87573	-4.4015
-6.8835	-4.40452
-6.89134	-4.4075
-6.8991	-4.40974
-6.90676	-4.41207
-6.91496	-4.41422
-6.92333	-4.4162
-6.93153	-4.41826
-6.93995	-4.41989
-6.94861	-4.42182
-6.95633	-4.42416
-6.96377	-4.42655
-6.97099	-4.4303
-6.97805	-4.43388
-6.98493	-4.43746
-6.99192	-4.44111
-6.99942	-4.44465
-7.007	-4.44753
-7.01441	-4.45059
-7.02191	-4.45343
-7.02885	-4.45665
-7.03552	-4.46018
-7.04224	-4.46375
-7.04909	-4.4674
-7.05582	-4.47111
-7.06223	-4.47505
-7.06804	-4.47969
-7.07416	-4.48451
-7.07956	-4.49018
-7.08512	-4.49582
-7.09083	-4.5021
-7.09706	-4.50811
-7.10334	-4.51391
-7.10982	-4.5201
-7.11599	-4.52631
-7.12277	-4.53205
-7.12972	-4.53762
-7.13668	-4.54289
-7.14352	-4.54804
-7.15083	-4.55405
-7.15768	-4.55919
-7.16466	-4.56426
-7.17176	-4.56887
-7.17772	-4.57392
-7.18456	-4.57863
-7.19105	-4.58321
-7.19799	-4.58772
-7.2057	-4.59235
-7.21349	-4.59696
-7.22134	-4.60143
-7.22866	-4.60538
-7.23588	-4.60918
-7.24294	-4.61228
-7.25004	-4.61546
-7.25719	-4.61882
-7.26429	-4.62214
-7.27128	-4.62568
-7.27815	-4.62894
-7.28487	-4.63225
-7.2915	-4.63583
-7.29843	-4.63908
-7.30484	-4.64254
-7.31134	-4.64603
-7.31719	-4.64906
-7.32402	-4.65214
-7.33084	-4.65516
-7.33781	-4.65832
-7.34445	-4.66208
-7.35198	-4.66582
-7.35926	-4.66951
-7.36677	-4.67335
-7.37393	-4.67685
-7.38103	-4.68015
-7.38745	-4.68357
-7.39398	-4.6871
-7.40054	-4.69094
-7.4075	-4.69521
-7.41455	-4.6994
-7.42179	-4.70356
-7.42907	-4.70748
-7.43642	-4.71112
-7.44359	-4.71474
-7.45087	-4.71806
-7.45807	-4.72162
-7.46531	-4.72545
-7.47218	-4.72906
-7.47908	-4.7328
-7.48668	-4.73692
-7.49432	-4.7412
-7.5012	-4.7453
-7.50807	-4.74974
-7.51464	-4.75408
-7.52135	-4.75834
-7.52797	-4.76246
-7.53523	-4.76658
-7.54216	-4.77077
-7.54911	-4.77474
-7.55643	-4.77821
-7.56313	-4.78118
-7.56992	-4.78451
-7.57709	-4.78801
-7.58368	-4.79199
-7.59038	-4.79569
-7.59714	-4.79966
-7.60362	-4.80397
-7.61073	-4.80842
-7.61783	-4.81177
-7.62482	-4.81516
-7.63118	-4.81842
-7.63713	-4.82168
-7.64313	-4.82475
-7.64952	-4.82785
-7.65554	-4.83008
-7.66146	-4.83168
-7.66744	-4.83308
-7.67386	-4.83465
-7.68027	-4.8375
-7.68707	-4.84016
-7.69396	-4.84289
-7.70131	-4.84662
-7.70849	-4.85086
-7.71608	-4.85537
-7.72433	-4.86005
-7.73215	-4.86457
-7.73957	-4.86921
-7.74705	-4.87367
-7.75461	-4.8776
-7.76198	-4.88138
-7.76942	-4.88551
-7.77657	-4.88896
-7.78305	-4.89264
-7.78962	-4.8964
-7.79571	-4.90048
-7.80212	-4.90471
-7.80854	-4.90874
-7.8148	-4.91269
-7.82082	-4.91685
-7.82722	-4.92076
-7.83403	-4.92516
-7.84084	-4.92913
-7.84773	-4.93314
-7.85457	-4.93713
-7.86114	-4.94124
-7.86809	-4.94602
-7.87544	-4.9507
-7.88304	-4.95498
-7.89026	-4.95913
-7.89784	-4.96337
-7.90479	-4.96743
-7.91177	-4.97227
-7.91868	-4.97724
-7.92526	-4.98171
-7.93134	-4.98662
-7.93782	-4.99204
-7.94427	-4.9974
-7.95069	-5.00254
-7.95751	-5.00739
-7.96405	-5.01212
-7.96966	-5.0172
-7.97594	-5.02217
-7.98176	-5.02688
-7.98792	-5.03136
-7.99467	-5.03628
-8.00184	-5.0414
-8.00946	-5.04662
-8.01678	-5.05172
-8.02419	-5.05633
-8.03114	-5.06014
-8.03805	-5.06398
-8.04498	-5.06791
-8.05187	-5.07178
-8.05827	-5.0753
-8.0647	-5.07859
-8.0709	-5.08235
-8.07739	-5.08584
-8.08381	-5.08921
-8.09039	-5.09262
-8.09664	-5.09614
-8.10289	-5.09993
-8.10926	-5.10381
-8.11537	-5.10766
-8.12183	-5.11159
-8.12859	-5.11552
-8.1353	-5.11951
-8.14262	-5.12317
-8.15026	-5.12674
-8.15755	-5.13055
-8.16396	-5.13464
-8.17078	-5.13884
-8.17747	-5.14312
-8.18456	-5.147
-8.1914	-5.1511
-8.19829	-5.15523
-8.20547	-5.15929
-8.21264	-5.16326
-8.21952	-5.16729
-8.22609	-5.17064
-8.23203	-5.17402
-8.23812	-5.17755
-8.24434	-5.18104
-8.25119	-5.18459
-8.25742	-5.18798
-8.26357	-5.19145
-8.27091	-5.19578
-8.27795	-5.20029
-8.28479	-5.20413
-8.29147	-5.20824
-8.29767	-5.21224
-8.30453	-5.21749
-8.31105	-5.2228
-8.31768	-5.22894
-8.32421	-5.23495
-8.33054	-5.24064
-8.33653	-5.24633
-8.34257	-5.25179
-8.34819	-5.25758
-8.35363	-5.26349
-8.35889	-5.26927
-8.36393	-5.2748
-8.36946	-5.28011
-8.37562	-5.28482
-8.38196	-5.28956
-8.38883	-5.29407
-8.39555	-5.29906
-8.4023	-5.30487
-8.40902	-5.30973
-8.4161	-5.31459
-8.42352	-5.31955
-8.43075	-5.32472
-8.43817	-5.33011
-8.4468	-5.33519
-8.45526	-5.34048
-8.46339	-5.34527
-8.4726	-5.34969
-8.48131	-5.35397
-8.48998	-5.35754
-8.49837	-5.36105
-8.50691	-5.36357
-8.51534	-5.36618
-8.52291	-5.36901
-8.53033	-5.37113
-8.53786	-5.37282
-8.54581	-5.37443
-8.55392	-5.37563
-8.56165	-5.37734
-8.56934	-5.37886
-8.57679	-5.38055
-8.58427	-5.38226
-8.59106	-5.38399
-8.59721	-5.38584
-8.60329	-5.38803
-8.60939	-5.39025
-8.61526	-5.39261
-8.62045	-5.39566
-8.62528	-5.39938
-8.63042	-5.40349
-8.63586	-5.40762
-8.64142	-5.41188
-8.64652	-5.41639
-8.65228	-5.42129
-8.65777	-5.42653
-8.66373	-5.43203
-8.66974	-5.43724
-8.67629	-5.4427
-8.68302	-5.44811
-8.68966	-5.45342
-8.6963	-5.45799
-8.70329	-5.46235
-8.71031	-5.46668
-8.71733	-5.47095
-8.72432	-5.47527
-8.73176	-5.47991
-8.73903	-5.4848
-8.74642	-5.48969
-8.75405	-5.49388
-8.76143	-5.49788
-8.76865	-5.50188
-8.77519	-5.50563
-8.78195	-5.50904
-8.78787	-5.51236
-8.79348	-5.51491
-8.7996	-5.51721
-8.80602	-5.51953
-8.81244	-5.52201
-8.81943	-5.52507
-8.82646	-5.52818
-8.83405	-5.53099
-8.84149	-5.53395
-8.84864	-5.53745
-8.85567	-5.5406
-8.86263	-5.54359
-8.86903	-5.5465
-8.8756	-5.54964
-8.88215	-5.5526
-8.88884	-5.55563
-8.89562	-5.55872
-8.90246	-5.56193
-8.90864	-5.56533
-8.91493	-5.56882
-8.92132	-5.57285
-8.92806	-5.57749
-8.93473	-5.58201
-8.94117	-5.58642
-8.94783	-5.59078
-8.95455	-5.59499
-8.96123	-5.59949
-8.9675	-5.6039
-8.97359	-5.60798
-8.97893	-5.61191
-8.98442	-5.61588
-8.98964	-5.6196
-8.99481	-5.62351
-8.99951	-5.62733
-9.00479	-5.63077
-9.01042	-5.63385
-9.01638	-5.6371
-9.02246	-5.64047
-9.02906	-5.64374
-9.0359	-5.64741
-9.04281	-5.65116
-9.04921	-5.65569
-9.05626	-5.66012
-9.06307	-5.66432
-9.07042	-5.66845
-9.07784	-5.67228
-9.08545	-5.67663
-9.09295	-5.68088
-9.10126	-5.68637
-9.10904	-5.69082
-9.1166	-5.69548
-9.12368	-5.69966
-9.13066	-5.70375
-9.13708	-5.70791
-9.14352	-5.71176
-9.14978	-5.7157
-9.15619	-5.72024
-9.16237	-5.72445
-9.16836	-5.72852
-9.17482	-5.73296
-9.18221	-5.7374
-9.19004	-5.74231
-9.19766	-5.74683
-9.20468	-5.75151
-9.21179	-5.75607
-9.21907	-5.75999
-9.22673	-5.76419
-9.23414	-5.76862
-9.24064	-5.77354
-9.24701	-5.77801
-9.25335	-5.78237
-9.25963	-5.78647
-9.26588	-5.79055
-9.27324	-5.79417
-9.28078	-5.79795
-9.28811	-5.80128
-9.29532	-5.80467
-9.3025	-5.80809
-9.30958	-5.81127
-9.31711	-5.81443
-9.32398	-5.81781
-9.33131	-5.82129
-9.33877	-5.82516
-9.34623	-5.82896
-9.35362	-5.83273
-9.36077	-5.83633
-9.36806	-5.83995
-9.37527	-5.84357
-9.38237	-5.84717
-9.38954	-5.85089
-9.39656	-5.85377
-9.40439	-5.85695
-9.41169	-5.85961
-9.41874	-5.8625
-9.42565	-5.8665
-9.43205	-5.87045
-9.43818	-5.87426
-9.44433	-5.87783
-9.45094	-5.8818
-9.45773	-5.88596
-9.46465	-5.89073
-9.47153	-5.8955
-9.47834	-5.90019
-9.48485	-5.90364
-9.49139	-5.90698
-9.49809	-5.91057
-9.50516	-5.91409
-9.51204	-5.91654
-9.51877	-5.91922
-9.52579	-5.92225
-9.53301	-5.92478
-9.54009	-5.92751
-9.54697	-5.93033
-9.55411	-5.93329
-9.56091	-5.9358
-9.56804	-5.93823
-9.57527	-5.94078
-9.58235	-5.94353
-9.58948	-5.94638
-9.59736	-5.94887
-9.60534	-5.9503
-9.61284	-5.95175
-9.62119	-5.95345
-9.62956	-5.95516
-9.63806	-5.95673
-9.64682	-5.95856
-9.65532	-5.96045
-9.66359	-5.96243
-9.67181	-5.96435
-9.67921	-5.96652
-9.68663	-5.96901
-9.6944	-5.97151
-9.70215	-5.97395
-9.70985	-5.9764
-9.71727	-5.97882
-9.72502	-5.98118
-9.73321	-5.98411
-9.7415	-5.987
-9.74931	-5.98999
-9.75582	-5.99319
-9.7618	-5.99705
-9.7682	-6.0008
-9.77467	-6.00376
-9.78167	-6.00735
-9.78916	-6.01168
-9.79647	-6.01645
-9.8034	-6.02094
-9.81006	-6.02586
-9.81649	-6.03041
-9.82255	-6.03505
-9.82849	-6.03897
-9.8349	-6.04352
-9.84118	-6.0482
-9.84769	-6.05265
-9.85441	-6.05697
-9.86084	-6.0612
-9.86717	-6.06617
-9.87403	-6.07114
-9.88194	-6.07603
-9.88945	-6.08076
-9.89679	-6.08539
-9.9044	-6.08988
-9.91183	-6.09421
-9.91924	-6.09838
-9.92656	-6.10243
-9.93388	-6.10598
