###  Units are X_hat = 1.73cm.
0	0
0.000700071	0.000435687
0.00163182	0.00105848
0.00289741	0.00189834
0.00441815	0.00292099
0.00616309	0.00411733
0.00812246	0.00543479
0.0102121	0.00682699
0.0123656	0.00826049
0.0146885	0.00979376
0.017086	0.0114546
0.0195223	0.0131206
0.0219228	0.0147541
0.0243384	0.0163974
0.0267924	0.0180939
0.0292279	0.0198299
0.0316507	0.0215191
0.0339847	0.0231505
0.036207	0.0247701
0.0383989	0.026378
0.0405073	0.02794
0.0424537	0.0294086
0.0443538	0.0308355
0.0461367	0.0320476
0.047839	0.0331576
0.0492982	0.0340864
0.0505375	0.0348386
0.0515347	0.0353533
0.0521638	0.0356635
0.0523244	0.0357472
0.0519436	0.0354253
0.0501476	0.0338551
0.0470896	0.0311854
0.0430528	0.0277142
0.0384121	0.0237576
0.0333046	0.0194525
0.0278447	0.0148988
0.0221484	0.0102079
0.0162724	0.00542366
0.0102457	0.000541092
0.00412749	-0.00429895
-0.00194557	-0.00898293
-0.00787196	-0.0134476
-0.0136511	-0.0176223
-0.0192785	-0.0215783
-0.0247873	-0.0253576
-0.0301048	-0.0289496
-0.0353619	-0.032427
-0.0405149	-0.0357572
-0.0455397	-0.0389205
-0.050442	-0.0418995
-0.0552746	-0.0446761
-0.059988	-0.0472914
-0.0646	-0.0498088
-0.069029	-0.0521827
-0.0733138	-0.0543295
-0.0774811	-0.0563293
-0.0814808	-0.0581783
-0.0852943	-0.059894
-0.0889243	-0.0613834
-0.0923214	-0.0626942
-0.0954851	-0.0638564
-0.0984201	-0.0648882
-0.101138	-0.065686
-0.103557	-0.0663403
-0.105632	-0.0668233
-0.107295	-0.0671802
-0.108508	-0.0673991
-0.109128	-0.0674501
-0.109078	-0.0673209
-0.108209	-0.065701
-0.106349	-0.0626724
-0.103715	-0.0587139
-0.100597	-0.0542131
-0.0971989	-0.0494517
-0.0936222	-0.0445665
-0.0898993	-0.0397462
-0.0860535	-0.0348889
-0.082107	-0.0299305
-0.0780945	-0.0250367
-0.0740769	-0.0202925
-0.0701241	-0.0157061
-0.066287	-0.0112667
-0.0625	-0.00701339
-0.0588177	-0.00298955
-0.0552708	0.000735997
-0.051936	0.00419448
-0.0488632	0.00716157
-0.0461743	0.00962438
-0.0439233	0.011464
-0.0422817	0.0126069
-0.041186	0.0130134
-0.040576	0.0128276
-0.0394619	0.0119325
-0.0374749	0.00965306
-0.0348043	0.00593593
-0.0317574	0.0010791
-0.0285092	-0.00466951
-0.025124	-0.0111983
-0.0217049	-0.0183225
-0.0183612	-0.0259237
-0.0151587	-0.0338562
-0.012092	-0.041978
-0.0091859	-0.0501806
-0.00643174	-0.0583603
-0.00383776	-0.0665463
-0.00141013	-0.0747405
0.000805659	-0.0828918
0.00285947	-0.0908974
0.0047637	-0.0988027
0.00654176	-0.106615
0.00819154	-0.114319
0.00971413	-0.121861
0.0110906	-0.129283
0.012369	-0.136574
0.0135148	-0.14374
0.0144985	-0.150801
0.0153616	-0.15774
0.0160897	-0.164561
0.0166241	-0.171239
0.0169707	-0.177777
0.017236	-0.184207
0.0173219	-0.190555
0.0172935	-0.196697
0.0170963	-0.202698
0.0167522	-0.20858
0.0162786	-0.21432
0.0156541	-0.219951
0.0148887	-0.225487
0.0140856	-0.230959
0.0131367	-0.236336
0.0120448	-0.241602
0.0107964	-0.246861
0.00931467	-0.252086
0.00765958	-0.257255
0.00582101	-0.262359
0.00380382	-0.267439
0.00163769	-0.272452
-0.000628541	-0.277511
-0.00311067	-0.282512
-0.00583748	-0.287502
-0.00877225	-0.292538
-0.0119389	-0.297527
-0.0153262	-0.302521
-0.0190008	-0.307491
-0.0229286	-0.312463
-0.0270984	-0.317428
-0.0315575	-0.322384
-0.0362821	-0.327327
-0.0412435	-0.332192
-0.0464528	-0.337042
-0.0519328	-0.341809
-0.05761	-0.346498
-0.0635669	-0.351197
-0.0697324	-0.355848
-0.0760997	-0.36041
-0.0827318	-0.364851
-0.0895639	-0.369209
-0.0966241	-0.373493
-0.103863	-0.377682
-0.111263	-0.381825
-0.118805	-0.38586
-0.126483	-0.389689
-0.134302	-0.393373
-0.142254	-0.39697
-0.150351	-0.400442
-0.158576	-0.403716
-0.166934	-0.40684
-0.175411	-0.40979
-0.183923	-0.412552
-0.192577	-0.415234
-0.201303	-0.417759
-0.210027	-0.420155
-0.218844	-0.422371
-0.22768	-0.424436
-0.23655	-0.426297
-0.245434	-0.428031
-0.254285	-0.429673
-0.263182	-0.431057
-0.271995	-0.432259
-0.280782	-0.433352
-0.28953	-0.434336
-0.298242	-0.435237
-0.30699	-0.436079
-0.315702	-0.436792
-0.32435	-0.437426
-0.333001	-0.43789
-0.34158	-0.438243
-0.350057	-0.438586
-0.358439	-0.43884
-0.366729	-0.438996
-0.3749	-0.439041
-0.382967	-0.439003
-0.3909	-0.438873
-0.398713	-0.438643
-0.406402	-0.438396
-0.413992	-0.438091
-0.421455	-0.437714
-0.428756	-0.437283
-0.435918	-0.436734
-0.442959	-0.43614
-0.449879	-0.435496
-0.456684	-0.434796
-0.463333	-0.434041
-0.469865	-0.433252
-0.476282	-0.432435
-0.482581	-0.431604
-0.488763	-0.430737
-0.494828	-0.429856
-0.500794	-0.428955
-0.506653	-0.427991
-0.512376	-0.42701
-0.518088	-0.425997
-0.52367	-0.425039
-0.529091	-0.424082
-0.534378	-0.423142
-0.539532	-0.422226
-0.544566	-0.421406
-0.549462	-0.420661
-0.554203	-0.420018
-0.558827	-0.419406
-0.563192	-0.418817
-0.567444	-0.418282
-0.571548	-0.417803
-0.575539	-0.417373
-0.579413	-0.416996
-0.583181	-0.416702
-0.58688	-0.416457
-0.590463	-0.416287
-0.593952	-0.416206
-0.597384	-0.416277
-0.600711	-0.416421
-0.603915	-0.416687
-0.607048	-0.417064
-0.610126	-0.417575
-0.613267	-0.418266
-0.616378	-0.41915
-0.619537	-0.420236
-0.622731	-0.421474
-0.625994	-0.422887
-0.629417	-0.424495
-0.632941	-0.426306
-0.636482	-0.428292
-0.640144	-0.430441
-0.643934	-0.432819
-0.647817	-0.435386
-0.65184	-0.438205
-0.655967	-0.441191
-0.66018	-0.444319
-0.664519	-0.447608
-0.668971	-0.451095
-0.673447	-0.454763
-0.677965	-0.458663
-0.682555	-0.462704
-0.687201	-0.466915
-0.691861	-0.471244
-0.696496	-0.475741
-0.701162	-0.480304
-0.705847	-0.485028
-0.71051	-0.489858
-0.715123	-0.494794
-0.719661	-0.499897
-0.724156	-0.505102
-0.728602	-0.510342
-0.733011	-0.515723
-0.737382	-0.521228
-0.741709	-0.526842
-0.745916	-0.532498
-0.75005	-0.538225
-0.754121	-0.54407
-0.758102	-0.549975
-0.762087	-0.555978
-0.766019	-0.56202
-0.769854	-0.5681
-0.773596	-0.574214
-0.777247	-0.580388
-0.780772	-0.586635
-0.784261	-0.59283
-0.787665	-0.599063
-0.790919	-0.605262
-0.794135	-0.611512
-0.797257	-0.61778
-0.800267	-0.624097
-0.803202	-0.6304
-0.80606	-0.636753
-0.808843	-0.64313
-0.811505	-0.649536
-0.814104	-0.655979
-0.816604	-0.662431
-0.819084	-0.668822
-0.821453	-0.675235
-0.823769	-0.681597
-0.825986	-0.68794
-0.828127	-0.694305
-0.830261	-0.700781
-0.832262	-0.707222
-0.834225	-0.713733
-0.836093	-0.720169
-0.837817	-0.726652
-0.839521	-0.733253
-0.841216	-0.73983
-0.842838	-0.74637
-0.844371	-0.752868
-0.845816	-0.759405
-0.847193	-0.765969
-0.848514	-0.772513
-0.849765	-0.778971
-0.850939	-0.785338
-0.852044	-0.791666
-0.853042	-0.797888
-0.85396	-0.80402
-0.854891	-0.810107
-0.855755	-0.816177
-0.856556	-0.822169
-0.857243	-0.828198
-0.857906	-0.834269
-0.858504	-0.840311
-0.8591	-0.846283
-0.859614	-0.852158
-0.860083	-0.858022
-0.860505	-0.863875
-0.860883	-0.869705
-0.861198	-0.875452
-0.861454	-0.881121
-0.861677	-0.886832
-0.861894	-0.892512
-0.862112	-0.898247
-0.862277	-0.903991
-0.862419	-0.909722
-0.862537	-0.915404
-0.862637	-0.92103
-0.862641	-0.926594
-0.8626	-0.932136
-0.862581	-0.937591
-0.862556	-0.942983
-0.862517	-0.94831
-0.862449	-0.953632
-0.862378	-0.958935
-0.8623	-0.964193
-0.862295	-0.96938
-0.862302	-0.9745
-0.862304	-0.979578
-0.862299	-0.984625
-0.862303	-0.989617
-0.862345	-0.994487
-0.862413	-0.99932
-0.862522	-1.00411
-0.862672	-1.00887
-0.862872	-1.01357
-0.863131	-1.01821
-0.863509	-1.02276
-0.863944	-1.02725
-0.864482	-1.03172
-0.86511	-1.03624
-0.865786	-1.04075
-0.86651	-1.04528
-0.867287	-1.04981
-0.868062	-1.05433
-0.868838	-1.05882
-0.869675	-1.06331
-0.87057	-1.06784
-0.871481	-1.07241
-0.872435	-1.07703
-0.873549	-1.08164
-0.874698	-1.08627
-0.875944	-1.09091
-0.877241	-1.09559
-0.878595	-1.10028
-0.880027	-1.10497
-0.881478	-1.10966
-0.88297	-1.11436
-0.884564	-1.11907
-0.886249	-1.12377
-0.888023	-1.12847
-0.889929	-1.13306
-0.891824	-1.13775
-0.893837	-1.14238
-0.895951	-1.14701
-0.898167	-1.15175
-0.9005	-1.15637
-0.902926	-1.16103
-0.905469	-1.1657
-0.908171	-1.17037
-0.91104	-1.17509
-0.914015	-1.1798
-0.917028	-1.18456
-0.920143	-1.1893
-0.923358	-1.19403
-0.926666	-1.19875
-0.930063	-1.20356
-0.933552	-1.20834
-0.937121	-1.21307
-0.940808	-1.2178
-0.944595	-1.22247
-0.948402	-1.22713
-0.952262	-1.23171
-0.956209	-1.23625
-0.96022	-1.24079
-0.964321	-1.24531
-0.968475	-1.24978
-0.972739	-1.25434
-0.977029	-1.25885
-0.981313	-1.26335
-0.985647	-1.26782
-0.990036	-1.27225
-0.994487	-1.2766
-0.998988	-1.2809
-1.00354	-1.28516
-1.00814	-1.28937
-1.01282	-1.29352
-1.01748	-1.29752
-1.0222	-1.30144
-1.02691	-1.30537
-1.03165	-1.30926
-1.03646	-1.31309
-1.04138	-1.31686
-1.04638	-1.32064
-1.05143	-1.32432
-1.05654	-1.32793
-1.06167	-1.33142
-1.06677	-1.33475
-1.07194	-1.33799
-1.07719	-1.34112
-1.08251	-1.34427
-1.08785	-1.34732
-1.09321	-1.3503
-1.09858	-1.35323
-1.10397	-1.35614
-1.1094	-1.35897
-1.11484	-1.36174
-1.12029	-1.36445
-1.12576	-1.36713
-1.13119	-1.36972
-1.13663	-1.37224
-1.14206	-1.37471
-1.14747	-1.37712
-1.15287	-1.37947
-1.15821	-1.38182
-1.16364	-1.38412
-1.16907	-1.38638
-1.17441	-1.38868
-1.17971	-1.39093
-1.18496	-1.39314
-1.19018	-1.39524
-1.19529	-1.39728
-1.20037	-1.39924
-1.20544	-1.40117
-1.21047	-1.40308
-1.21544	-1.40495
-1.22033	-1.4068
-1.22528	-1.40865
-1.23021	-1.41045
-1.23512	-1.41229
-1.23995	-1.41414
-1.24479	-1.41601
-1.24957	-1.41785
-1.25432	-1.41971
-1.25903	-1.42154
-1.26372	-1.4234
-1.26834	-1.42526
-1.27303	-1.42707
-1.27769	-1.4289
-1.2823	-1.43074
-1.2868	-1.43254
-1.29121	-1.43436
-1.29554	-1.43621
-1.29985	-1.43812
-1.30414	-1.44008
-1.30839	-1.44211
-1.3126	-1.44416
-1.31682	-1.44625
-1.32101	-1.44839
-1.32516	-1.45055
-1.32924	-1.45272
-1.33332	-1.455
-1.33734	-1.4574
-1.34133	-1.45986
-1.34522	-1.4624
-1.34909	-1.46507
-1.35294	-1.46781
-1.35675	-1.47063
-1.36051	-1.47354
-1.36431	-1.47655
-1.36803	-1.47955
-1.37174	-1.48263
-1.37543	-1.4858
-1.37911	-1.48905
-1.38276	-1.4924
-1.38634	-1.49593
-1.38993	-1.49961
-1.3936	-1.50337
-1.39726	-1.50713
-1.40086	-1.51102
-1.40443	-1.51498
-1.408	-1.51903
-1.41157	-1.52318
-1.41511	-1.52743
-1.41859	-1.53179
-1.42204	-1.5362
-1.42544	-1.54071
-1.42878	-1.54528
-1.4321	-1.54995
-1.4354	-1.5546
-1.43862	-1.55932
-1.44182	-1.56416
-1.44498	-1.56911
-1.44807	-1.57414
-1.45112	-1.5793
-1.45414	-1.58456
-1.45704	-1.58988
-1.45987	-1.59533
-1.46265	-1.60085
-1.46537	-1.60639
-1.46802	-1.61198
-1.47058	-1.6176
-1.47308	-1.6233
-1.47554	-1.62904
-1.47802	-1.63484
-1.48046	-1.64062
-1.48283	-1.64645
-1.48513	-1.65231
-1.48735	-1.65823
-1.48959	-1.66418
-1.49174	-1.67012
-1.49371	-1.67602
-1.49559	-1.68202
-1.49741	-1.688
-1.49917	-1.69395
-1.50085	-1.69992
-1.50248	-1.70589
-1.50405	-1.71187
-1.5055	-1.71789
-1.50689	-1.72396
-1.50821	-1.73005
-1.50945	-1.73615
-1.51063	-1.74223
-1.51172	-1.74823
-1.51276	-1.75424
-1.51375	-1.76026
-1.51468	-1.7663
-1.51556	-1.77232
-1.51639	-1.77831
-1.51714	-1.78427
-1.51785	-1.79017
-1.5185	-1.79603
-1.51915	-1.80183
-1.51978	-1.8076
-1.52038	-1.81335
-1.52092	-1.81903
-1.52144	-1.82465
-1.52187	-1.83019
-1.52235	-1.83573
-1.52278	-1.84128
-1.52319	-1.8468
-1.52357	-1.85226
-1.52392	-1.85767
-1.52429	-1.86305
-1.52466	-1.86839
-1.52505	-1.87366
-1.52544	-1.87889
-1.52584	-1.8841
-1.52625	-1.88929
-1.52661	-1.89447
-1.52696	-1.89958
-1.52735	-1.90458
-1.52778	-1.90951
-1.52827	-1.91439
-1.52884	-1.91921
-1.52947	-1.92398
-1.53012	-1.9287
-1.53081	-1.93349
-1.53151	-1.93826
-1.53224	-1.94301
-1.53302	-1.94772
-1.53385	-1.95241
-1.5347	-1.95711
-1.53562	-1.96179
-1.53663	-1.9664
-1.53771	-1.971
-1.53886	-1.97563
-1.54009	-1.98028
-1.54137	-1.98487
-1.54272	-1.98946
-1.54416	-1.99396
-1.54567	-1.99846
-1.54725	-2.00301
-1.54898	-2.00753
-1.55081	-2.01206
-1.55274	-2.01653
-1.55477	-2.021
-1.55695	-2.02545
-1.55925	-2.02992
-1.56169	-2.03433
-1.56431	-2.03879
-1.56705	-2.04331
-1.56982	-2.0478
-1.57267	-2.05231
-1.57559	-2.05682
-1.57856	-2.0612
-1.58158	-2.06564
-1.58468	-2.07011
-1.58788	-2.07459
-1.59111	-2.07913
-1.59452	-2.08362
-1.59804	-2.08807
-1.60162	-2.0925
-1.6053	-2.09692
-1.60913	-2.10135
-1.61322	-2.1058
-1.61736	-2.11021
-1.62161	-2.11456
-1.62592	-2.11893
-1.63027	-2.12324
-1.63468	-2.12752
-1.63914	-2.13176
-1.64366	-2.13591
-1.64811	-2.14003
-1.65264	-2.14412
-1.65721	-2.14821
-1.66187	-2.15223
-1.66668	-2.15616
-1.67157	-2.15999
-1.67652	-2.16378
-1.68152	-2.16753
-1.68655	-2.17125
-1.69165	-2.17492
-1.69683	-2.17858
-1.70206	-2.1821
-1.70732	-2.18558
-1.71262	-2.18896
-1.71794	-2.1923
-1.72338	-2.19559
-1.72884	-2.19881
-1.73431	-2.20197
-1.73983	-2.20507
-1.74536	-2.2082
-1.7509	-2.21127
-1.75639	-2.21425
-1.76194	-2.21715
-1.76743	-2.21999
-1.77292	-2.22278
-1.77839	-2.22554
-1.78385	-2.22825
-1.78927	-2.23083
-1.79467	-2.2333
-1.80008	-2.23579
-1.80549	-2.23825
-1.81088	-2.24067
-1.81626	-2.24305
-1.82161	-2.24539
-1.8269	-2.2477
-1.83218	-2.24998
-1.83741	-2.25231
-1.84255	-2.25461
-1.84765	-2.25697
-1.85278	-2.25932
-1.85785	-2.26163
-1.86288	-2.26388
-1.86797	-2.26599
-1.873	-2.26809
-1.87798	-2.27017
-1.88296	-2.27224
-1.8879	-2.27429
-1.8928	-2.27634
-1.89768	-2.27834
-1.90251	-2.28027
-1.90731	-2.28211
-1.91209	-2.28392
-1.91679	-2.28576
-1.92144	-2.28758
-1.926	-2.28938
-1.93054	-2.29121
-1.93502	-2.29311
-1.93943	-2.29497
-1.94384	-2.29678
-1.94824	-2.29864
-1.95264	-2.30053
-1.95693	-2.30247
-1.96118	-2.30445
-1.96537	-2.30647
-1.96955	-2.30856
-1.9737	-2.31067
-1.97785	-2.3128
-1.98207	-2.31498
-1.98621	-2.31719
-1.99033	-2.31944
-1.99441	-2.32177
-1.99847	-2.3242
-2.00249	-2.32669
-2.00649	-2.3292
-2.01055	-2.33178
-2.01458	-2.33439
-2.01859	-2.33707
-2.02258	-2.33981
-2.02652	-2.34253
-2.03048	-2.34534
-2.03441	-2.34824
-2.0383	-2.35122
-2.04215	-2.35429
-2.04601	-2.35747
-2.04982	-2.36075
-2.05353	-2.36413
-2.05719	-2.36759
-2.06087	-2.37119
-2.06456	-2.37485
-2.06819	-2.37864
-2.0718	-2.3826
-2.07531	-2.38667
-2.07879	-2.39084
-2.08228	-2.39512
-2.08575	-2.39947
-2.0892	-2.40394
-2.0926	-2.40856
-2.09593	-2.41324
-2.09914	-2.41801
-2.10233	-2.42288
-2.10546	-2.42784
-2.10856	-2.43287
-2.11158	-2.438
-2.11456	-2.44325
-2.11749	-2.44859
-2.12037	-2.45401
-2.12317	-2.45946
-2.12592	-2.465
-2.12857	-2.4706
-2.13109	-2.47627
-2.13356	-2.482
-2.13593	-2.48785
-2.13818	-2.49373
-2.14037	-2.49967
-2.14255	-2.50563
-2.14465	-2.51163
-2.14675	-2.51772
-2.14879	-2.52381
-2.15073	-2.52991
-2.15258	-2.53595
-2.15436	-2.54199
-2.15609	-2.54802
-2.15774	-2.55411
-2.15932	-2.56018
-2.16088	-2.56622
-2.1624	-2.5723
-2.16386	-2.5784
-2.16529	-2.58448
-2.16671	-2.59049
-2.16809	-2.59653
-2.1694	-2.60259
-2.17071	-2.60863
-2.17196	-2.61466
-2.17315	-2.62074
-2.17421	-2.62679
-2.17528	-2.6329
-2.17629	-2.63891
-2.17729	-2.64487
-2.17824	-2.65081
-2.17912	-2.65664
-2.17999	-2.66244
-2.18082	-2.66822
-2.18158	-2.67397
-2.18237	-2.67966
-2.18312	-2.68533
-2.18384	-2.69097
-2.1846	-2.69654
-2.18533	-2.70213
-2.18603	-2.7077
-2.18675	-2.71326
-2.18747	-2.71883
-2.18817	-2.72437
-2.18887	-2.72991
-2.18955	-2.73542
-2.19018	-2.7409
-2.19082	-2.74632
-2.19146	-2.75171
-2.1921	-2.75704
-2.19271	-2.76238
-2.1933	-2.76767
-2.19391	-2.77293
-2.19448	-2.77819
-2.19504	-2.78345
-2.19568	-2.78867
-2.1963	-2.79382
-2.19692	-2.79891
-2.19759	-2.80402
-2.19825	-2.80907
-2.19892	-2.8141
-2.19959	-2.8192
-2.20029	-2.82431
-2.20099	-2.82943
-2.2017	-2.83451
-2.20245	-2.83954
-2.20319	-2.84456
-2.20396	-2.84953
-2.20483	-2.85447
-2.20571	-2.85934
-2.20662	-2.86416
-2.20756	-2.86898
-2.2085	-2.87384
-2.20947	-2.87869
-2.21037	-2.88352
-2.21134	-2.88835
-2.21235	-2.8932
-2.21339	-2.89804
-2.21449	-2.90288
-2.21566	-2.9077
-2.21687	-2.91253
-2.21814	-2.91736
-2.21951	-2.92211
-2.22091	-2.92691
-2.22235	-2.93177
-2.22387	-2.93658
-2.22541	-2.94143
-2.22703	-2.94632
-2.22877	-2.95119
-2.23057	-2.95608
-2.23242	-2.96097
-2.23441	-2.96587
-2.23645	-2.97078
-2.23856	-2.97563
-2.24076	-2.98048
-2.24305	-2.98529
-2.24539	-2.99012
-2.24782	-2.99486
-2.25033	-2.99959
-2.25283	-3.00435
-2.25541	-3.00911
-2.25807	-3.01388
-2.26082	-3.01867
-2.26356	-3.0234
-2.26633	-3.02813
-2.26919	-3.03284
-2.27212	-3.03755
-2.27512	-3.04225
-2.27821	-3.04698
-2.28135	-3.0517
-2.28455	-3.05645
-2.28786	-3.0612
-2.29115	-3.06595
-2.29447	-3.07066
-2.29781	-3.07526
-2.30121	-3.07985
-2.30465	-3.08445
-2.30812	-3.08897
-2.31167	-3.09345
-2.31524	-3.09789
-2.31883	-3.1023
-2.32246	-3.1067
-2.32612	-3.11108
-2.32981	-3.11543
-2.3336	-3.11966
-2.33748	-3.12387
-2.34135	-3.12805
-2.34524	-3.13213
-2.34913	-3.13619
-2.35305	-3.14025
-2.35698	-3.14428
-2.36084	-3.14827
-2.36471	-3.15229
-2.36856	-3.15629
-2.37237	-3.16022
-2.37618	-3.16408
-2.37999	-3.16792
-2.38382	-3.17174
-2.38765	-3.17556
-2.39146	-3.17934
-2.39531	-3.18307
-2.39917	-3.18677
-2.403	-3.19048
-2.40684	-3.19417
-2.41067	-3.19788
-2.41457	-3.20156
-2.41846	-3.20526
-2.42234	-3.209
-2.42615	-3.2127
-2.42994	-3.2164
-2.43363	-3.22014
-2.43732	-3.22385
-2.441	-3.22753
-2.44457	-3.23127
-2.44817	-3.23499
-2.45178	-3.23871
-2.45538	-3.2424
-2.45898	-3.24608
-2.46254	-3.24972
-2.46608	-3.25336
-2.46961	-3.25698
-2.47313	-3.26061
-2.47665	-3.26423
-2.48012	-3.26785
-2.48358	-3.27137
-2.48704	-3.27486
-2.49051	-3.27836
-2.49398	-3.28189
-2.4973	-3.28545
-2.50063	-3.28903
-2.504	-3.29266
-2.50737	-3.29632
-2.5107	-3.30001
-2.51402	-3.30373
-2.51734	-3.30748
-2.52067	-3.31126
-2.52397	-3.31507
-2.52737	-3.31891
-2.53075	-3.32281
-2.53411	-3.32675
-2.53738	-3.33069
-2.54062	-3.33473
-2.5439	-3.33879
-2.54715	-3.34282
-2.55044	-3.34691
-2.55371	-3.35098
-2.55694	-3.35508
-2.56012	-3.3592
-2.56332	-3.36332
-2.56651	-3.36747
-2.56969	-3.37166
-2.57284	-3.37584
-2.57601	-3.38012
-2.57911	-3.38435
-2.58219	-3.3886
-2.58521	-3.39289
-2.58819	-3.39719
-2.59116	-3.40151
-2.59403	-3.40591
-2.59688	-3.41034
-2.59981	-3.41477
-2.60266	-3.4192
-2.6055	-3.4237
-2.60828	-3.42819
-2.61103	-3.43265
-2.61371	-3.43713
-2.61642	-3.44161
-2.61911	-3.44612
-2.62178	-3.45076
-2.62452	-3.45547
-2.62719	-3.46018
-2.62988	-3.46491
-2.63251	-3.46958
-2.63514	-3.47425
-2.63776	-3.47896
-2.64041	-3.48369
-2.64302	-3.48845
-2.64563	-3.49326
-2.6482	-3.49808
-2.65075	-3.50291
-2.65329	-3.50768
-2.65579	-3.51248
-2.6583	-3.51726
-2.66076	-3.52209
-2.6632	-3.52696
-2.66559	-3.53193
-2.66781	-3.53686
-2.66997	-3.54173
-2.67211	-3.54662
-2.67423	-3.55152
-2.67635	-3.55651
-2.67846	-3.56152
-2.68053	-3.56658
-2.68251	-3.57168
-2.68446	-3.57681
-2.68639	-3.58204
-2.6883	-3.58735
-2.69016	-3.59266
-2.69197	-3.59797
-2.69389	-3.60324
-2.69574	-3.60851
-2.69753	-3.61381
-2.69932	-3.61917
-2.70104	-3.62454
-2.70276	-3.62986
-2.70442	-3.63514
-2.70605	-3.6404
-2.70766	-3.64562
-2.70922	-3.65081
-2.71077	-3.65599
-2.71229	-3.66115
-2.71377	-3.66624
-2.71525	-3.67135
-2.71669	-3.6764
-2.71812	-3.68144
-2.71958	-3.6865
-2.72102	-3.69158
-2.72252	-3.69671
-2.72398	-3.70184
-2.72544	-3.70694
-2.72691	-3.712
-2.72838	-3.71702
-2.72979	-3.72199
-2.73131	-3.72698
-2.73278	-3.73204
-2.73425	-3.73709
-2.73568	-3.74209
-2.73707	-3.74708
-2.7385	-3.75206
-2.73994	-3.75708
-2.7414	-3.76207
-2.74284	-3.76705
-2.7443	-3.77201
-2.74571	-3.7769
-2.74712	-3.78179
-2.74852	-3.78668
-2.7499	-3.79158
