0.994844	0.00495304
0.989272	0.00950461
0.983643	0.0146558
0.977236	0.0199131
0.970321	0.0248337
0.963303	0.0293832
0.955443	0.0330446
0.947529	0.0360064
0.939763	0.0385139
0.931881	0.0408176
0.924305	0.0431248
0.916269	0.0444895
0.908176	0.0455162
0.900473	0.0457415
0.893044	0.0462493
0.885636	0.0462113
0.878161	0.0459591
0.870607	0.0455776
0.863115	0.0448525
0.855696	0.0445196
0.848315	0.0427152
0.840926	0.0412953
0.834152	0.0388308
0.826709	0.0360205
0.819338	0.0330737
0.812164	0.0300462
0.804778	0.0267581
0.797171	0.0233127
0.789604	0.0198638
0.782177	0.0159999
0.774863	0.0119899
0.76741	0.00780271
0.759933	0.00356462
0.752657	-0.000647238
0.745318	-0.00491099
0.737978	-0.0087886
0.731002	-0.0128372
0.724117	-0.016889
0.717375	-0.0212093
0.710885	-0.025406
0.704389	-0.0296627
0.697977	-0.0340647
0.691703	-0.038585
0.684251	-0.0431054
0.677606	-0.0471748
0.670929	-0.0510845
0.663725	-0.0548804
0.656751	-0.0588619
0.649715	-0.0629624
0.642579	-0.0669564
0.635465	-0.0710518
0.628604	-0.0755606
0.621652	-0.0797148
0.615072	-0.0838716
0.607795	-0.0879244
0.600745	-0.0920876
0.59391	-0.0959539
0.586967	-0.100014
0.580747	-0.10424
0.574394	-0.108671
0.568047	-0.113482
0.561908	-0.118448
0.55511	-0.123712
0.548379	-0.129006
0.542335	-0.134243
0.536555	-0.13992
0.53082	-0.145576
0.525375	-0.151565
0.52037	-0.156751
0.515396	-0.162734
0.510382	-0.168716
0.50533	-0.17472
0.500004	-0.180914
0.494692	-0.187038
0.488783	-0.193204
0.482948	-0.199646
0.47792	-0.206463
0.473508	-0.213445
0.468764	-0.220652
0.46486	-0.227801
0.461124	-0.235161
0.457976	-0.242646
0.455158	-0.249622
0.451888	-0.256857
0.448744	-0.264179
0.445868	-0.271578
0.442572	-0.277885
0.439107	-0.28477
0.436387	-0.291661
0.434074	-0.299188
0.431644	-0.306669
0.429053	-0.314066
0.426352	-0.321374
0.423136	-0.327568
0.419716	-0.333888
0.416207	-0.340304
0.412572	-0.34678
0.409041	-0.353278
0.40531	-0.3599
0.402296	-0.367218
0.399179	-0.374475
0.395997	-0.381722
0.393022	-0.388637
0.390645	-0.395358
0.388177	-0.402864
0.385574	-0.410487
0.382951	-0.418116
0.38034	-0.425605
0.378041	-0.432758
0.376282	-0.440261
0.374615	-0.448038
0.373752	-0.456041
0.372966	-0.463621
0.372283	-0.47134
0.371301	-0.479647
0.370115	-0.487751
0.368828	-0.495558
0.367071	-0.50366
0.364749	-0.511039
0.362533	-0.518762
0.360629	-0.525699
0.358025	-0.533867
0.355589	-0.541785
0.3531	-0.54894
0.350357	-0.556276
0.348315	-0.56439
0.345489	-0.572905
0.342696	-0.581089
0.340122	-0.588921
0.337972	-0.596946
0.336333	-0.604537
0.334439	-0.612117
0.332651	-0.619672
0.33078	-0.627622
0.329282	-0.635567
0.327403	-0.643355
0.325349	-0.651061
0.323128	-0.658627
0.320589	-0.666089
0.317157	-0.672998
0.313635	-0.680359
0.309589	-0.688668
0.305506	-0.696559
0.301587	-0.704313
0.2975	-0.711964
0.293765	-0.719492
0.290072	-0.726789
0.286166	-0.733834
0.282136	-0.740823
0.278151	-0.748157
0.274604	-0.7559
0.271115	-0.763302
0.267609	-0.770647
0.263768	-0.777923
0.259861	-0.784889
0.255727	-0.791743
0.25179	-0.798798
0.248025	-0.805713
0.244586	-0.812336
0.241074	-0.818988
0.238402	-0.82547
0.235568	-0.832004
0.232381	-0.838467
0.228848	-0.844912
0.224736	-0.851496
0.2208	-0.858214
0.217107	-0.865269
0.213265	-0.872101
0.209314	-0.878746
0.205375	-0.885362
0.201435	-0.892321
0.19771	-0.899854
0.19474	-0.907301
0.191507	-0.914787
0.188508	-0.922461
0.18518	-0.929896
0.181633	-0.936678
0.178124	-0.943589
0.174274	-0.950638
0.170346	-0.957464
0.165885	-0.964109
0.161359	-0.970967
0.156637	-0.978042
0.152038	-0.984972
0.14738	-0.991627
0.142986	-0.99831
0.138545	-1.00466
0.134146	-1.0111
0.130061	-1.01686
0.125684	-1.02275
0.121227	-1.0287
0.116685	-1.03471
0.112559	-1.04128
0.108419	-1.04767
0.105182	-1.05465
0.101944	-1.06135
0.0983807	-1.06797
0.094761	-1.07455
0.0910711	-1.08112
0.0877545	-1.08879
0.0843339	-1.09622
0.0808882	-1.10356
0.0773419	-1.11074
0.0736876	-1.11784
0.0695895	-1.12495
0.065094	-1.132
0.0607033	-1.13893
0.0561291	-1.14583
0.0514975	-1.15278
0.0470516	-1.15967
0.0427901	-1.16652
0.0383107	-1.17326
0.0338417	-1.17987
0.0293634	-1.18701
0.0257101	-1.19457
0.0224875	-1.20208
0.0191227	-1.20943
0.0157642	-1.21666
0.0124202	-1.22385
0.00876887	-1.23155
0.00496786	-1.23908
0.0015168	-1.24631
-0.00237029	-1.25364
-0.00597456	-1.2609
-0.00973226	-1.26757
-0.0135698	-1.27486
-0.0175422	-1.28144
-0.0214339	-1.28791
-0.025439	-1.29469
-0.0289201	-1.30195
-0.0324499	-1.30925
-0.0356086	-1.31675
-0.0386593	-1.32464
-0.0418039	-1.33239
-0.0450878	-1.34034
-0.0482062	-1.34861
-0.0514202	-1.35662
-0.0546423	-1.36469
-0.0575499	-1.37226
-0.0611583	-1.37937
-0.0647421	-1.38651
-0.0678954	-1.39368
-0.071508	-1.40035
-0.0751944	-1.40706
-0.0789859	-1.41325
-0.0828775	-1.41937
-0.0866528	-1.42581
-0.0902892	-1.43269
-0.0939162	-1.43956
-0.0975925	-1.44635
-0.101253	-1.45267
-0.104581	-1.4594
-0.108124	-1.46623
-0.111222	-1.47227
-0.114128	-1.47945
-0.11768	-1.48663
-0.121322	-1.49404
-0.125218	-1.50037
-0.12955	-1.50658
-0.133966	-1.51289
-0.138772	-1.51973
-0.143629	-1.52676
-0.147988	-1.53367
-0.151688	-1.54057
-0.155367	-1.54757
-0.15924	-1.55454
-0.163206	-1.56202
-0.167146	-1.56933
-0.171209	-1.57589
-0.175332	-1.58246
-0.17954	-1.5891
-0.183454	-1.59643
-0.187439	-1.60362
-0.1917	-1.61021
-0.196602	-1.61722
-0.202109	-1.62482
-0.207269	-1.63223
-0.21209	-1.63928
-0.216816	-1.64616
-0.22122	-1.65264
-0.225491	-1.65924
-0.229705	-1.66585
-0.233629	-1.67282
-0.23742	-1.67895
-0.240822	-1.6857
-0.244308	-1.69241
-0.24801	-1.69871
-0.251837	-1.70523
-0.256238	-1.71117
-0.260609	-1.71691
-0.264359	-1.72231
-0.268085	-1.72786
-0.271913	-1.73449
-0.275847	-1.74108
-0.279971	-1.74804
-0.284386	-1.75482
-0.28797	-1.76245
-0.291655	-1.77002
-0.295534	-1.77748
-0.299784	-1.78492
-0.304031	-1.79222
-0.308175	-1.79912
-0.313194	-1.80561
-0.317942	-1.81227
-0.322716	-1.81886
-0.327318	-1.8253
-0.331959	-1.83131
-0.336505	-1.83805
-0.341134	-1.84477
-0.346033	-1.85123
-0.350885	-1.85757
-0.355628	-1.86385
-0.360359	-1.8701
-0.365007	-1.8766
-0.369837	-1.88318
-0.375627	-1.88905
-0.381881	-1.8942
-0.388085	-1.89911
-0.39415	-1.90419
-0.399745	-1.90965
-0.405573	-1.91603
-0.411312	-1.92223
-0.416374	-1.92894
-0.42129	-1.93552
-0.426282	-1.94218
-0.431313	-1.94904
-0.43628	-1.95574
-0.441405	-1.96245
-0.4467	-1.96852
-0.451788	-1.97441
-0.4575	-1.98001
-0.463307	-1.98519
-0.468752	-1.99031
-0.474087	-1.99543
-0.478672	-2.00121
-0.483382	-2.00695
-0.488422	-2.01299
-0.4938	-2.01833
-0.49893	-2.0231
-0.504933	-2.0286
-0.51098	-2.03434
-0.517202	-2.04025
-0.523293	-2.04585
-0.529496	-2.05164
-0.535757	-2.05718
-0.541909	-2.06273
-0.54784	-2.06847
-0.553885	-2.07412
-0.559552	-2.07994
-0.564577	-2.08596
-0.569748	-2.0925
-0.574203	-2.09936
-0.578014	-2.10643
-0.581472	-2.11352
-0.584739	-2.12026
-0.587741	-2.12698
-0.590398	-2.13381
-0.592444	-2.141
-0.594219	-2.14835
-0.595535	-2.15589
-0.596703	-2.16349
-0.597557	-2.17088
-0.598179	-2.17807
-0.598445	-2.18569
-0.598491	-2.19355
-0.598837	-2.20074
-0.59843	-2.20829
-0.598079	-2.21562
-0.597216	-2.22327
-0.596396	-2.23059
-0.595513	-2.23789
-0.594185	-2.24527
-0.593278	-2.25252
-0.592464	-2.25979
-0.591815	-2.26777
-0.590355	-2.27532
-0.589211	-2.2833
-0.587909	-2.28995
-0.586229	-2.29694
-0.584489	-2.30407
-0.583103	-2.31138
-0.5817	-2.31887
-0.580278	-2.32641
-0.578637	-2.33378
-0.576833	-2.34122
-0.574431	-2.34943
-0.571968	-2.35798
-0.569781	-2.36616
-0.567536	-2.3742
-0.565142	-2.38203
-0.562204	-2.38995
-0.559273	-2.39774
-0.556282	-2.40584
-0.553227	-2.41361
-0.550593	-2.42153
-0.547619	-2.42916
-0.544874	-2.43585
-0.542954	-2.44273
-0.540988	-2.44941
-0.539083	-2.45653
-0.537269	-2.46309
-0.535967	-2.46997
-0.535344	-2.47772
-0.534547	-2.48552
-0.533637	-2.4934
-0.532801	-2.50093
-0.532036	-2.50815
-0.531421	-2.51554
-0.530506	-2.52378
-0.529556	-2.53091
-0.528774	-2.53785
-0.527874	-2.545
-0.526802	-2.55257
-0.52572	-2.56021
-0.525063	-2.56833
-0.523708	-2.57638
-0.521835	-2.5845
-0.520256	-2.59222
-0.517742	-2.59926
-0.515535	-2.60608
-0.513353	-2.61253
-0.511036	-2.61933
-0.509176	-2.62534
-0.507159	-2.63164
-0.504684	-2.63888
-0.502151	-2.64616
-0.49969	-2.65378
-0.497176	-2.66107
-0.494448	-2.66836
-0.491299	-2.67548
-0.488082	-2.68283
-0.484848	-2.69042
-0.480969	-2.69818
-0.477493	-2.70482
-0.474458	-2.71211
-0.47107	-2.71872
-0.467617	-2.72569
-0.46414	-2.73231
-0.461291	-2.73914
-0.458219	-2.74581
-0.455066	-2.75218
-0.451742	-2.75857
-0.44828	-2.76504
-0.444892	-2.7716
-0.44167	-2.77826
-0.438037	-2.78531
-0.434088	-2.7928
-0.429571	-2.79986
-0.42501	-2.80703
-0.420936	-2.81411
-0.417025	-2.82094
-0.41293	-2.82779
-0.408861	-2.83456
-0.404818	-2.84132
-0.400892	-2.848
-0.397354	-2.85464
-0.39363	-2.86177
-0.390935	-2.86882
-0.388145	-2.87576
-0.384547	-2.88273
-0.381185	-2.89016

-0.378313	2.88278
-0.375101	2.87527
-0.372793	2.86753
-0.37133	2.85898
-0.37009	2.85031
-0.369604	2.84176
-0.369929	2.83397
-0.370946	2.82622
-0.372542	2.81844
-0.374151	2.81079
-0.376184	2.80336
-0.378916	2.79652
-0.381476	2.79002
-0.384186	2.78363
-0.387097	2.77712
-0.389579	2.76993
-0.39169	2.76258
-0.393209	2.75545
-0.394893	2.74827
-0.39659	2.74167
-0.398749	2.73529
-0.401366	2.72895
-0.403926	2.72278
-0.406412	2.71658
-0.409118	2.71038
-0.411922	2.70403
-0.414857	2.69754
-0.418011	2.69097
-0.421849	2.68443
-0.425873	2.6779
-0.430313	2.67058
-0.434738	2.66341
-0.439097	2.65663
-0.443604	2.64964
-0.448129	2.64288
-0.45269	2.63628
-0.456809	2.62958
-0.460705	2.62253
-0.46597	2.61466
-0.470986	2.60727
-0.475569	2.6005
-0.480166	2.59354
-0.484784	2.58669
-0.489881	2.58008
-0.494972	2.57309
-0.500179	2.56608
-0.50546	2.55989
-0.511328	2.55406
-0.517192	2.54831
-0.522952	2.54257
-0.528697	2.53725
-0.534455	2.53198
-0.540126	2.52694
-0.545535	2.52173
-0.551304	2.51715
-0.556339	2.51241
-0.561563	2.50744
-0.56686	2.50218
-0.571976	2.49676
-0.577767	2.49184
-0.583422	2.48614
-0.588954	2.48041
-0.593745	2.47468
-0.598231	2.46963
-0.603075	2.46447
-0.608328	2.45888
-0.614048	2.45421
-0.619776	2.44937
-0.625417	2.44423
-0.631373	2.43809
-0.637173	2.43203
-0.642868	2.42585
-0.64891	2.41987
-0.655017	2.41409
-0.660917	2.40838
-0.666279	2.40387
-0.671817	2.39886
-0.677179	2.39483
-0.682612	2.3907
-0.688285	2.38639
-0.693693	2.38147
-0.698986	2.37594
-0.704103	2.37034
-0.709215	2.36459
-0.714058	2.35867
-0.718631	2.35249
-0.723184	2.34704
-0.727753	2.34084
-0.732914	2.33376
-0.737971	2.32675
-0.742543	2.31976
-0.747054	2.31285
-0.751157	2.30623
-0.755165	2.30006
-0.759127	2.29415
-0.763464	2.28804
-0.76807	2.28209
-0.77202	2.27606
-0.775597	2.26973
-0.77931	2.26344
-0.783079	2.25705
-0.786993	2.25117
-0.791176	2.24503
-0.795816	2.23814
-0.799957	2.23121
-0.804122	2.22394
-0.808101	2.21653
-0.811992	2.20923
-0.81576	2.20183
-0.819552	2.19447
-0.823172	2.1871
-0.826898	2.18
-0.830815	2.17246
-0.83504	2.16483
-0.838931	2.15792
-0.84267	2.15108
-0.846427	2.14423
-0.850775	2.13692
-0.855011	2.12969
-0.858639	2.12253
-0.862565	2.11576
-0.866817	2.1086
-0.871141	2.10153
-0.875405	2.0944
-0.879786	2.08746
-0.884257	2.0802
-0.888603	2.07293
-0.892412	2.06582
-0.896097	2.05869
-0.899682	2.05146
-0.902758	2.04505
-0.906196	2.03827
-0.909598	2.0314
-0.912934	2.02442
-0.916305	2.01734
-0.919648	2.01021
-0.923583	2.00274
-0.927594	1.99488
-0.931429	1.98753
-0.935086	1.9803
-0.938886	1.97292
-0.9427	1.96552
-0.946563	1.95797
-0.950478	1.95052
-0.954386	1.94262
-0.958028	1.93488
-0.961364	1.92692
-0.964137	1.9194
-0.966788	1.9121
-0.969433	1.90474
-0.972736	1.89773
-0.976618	1.89157
-0.979779	1.88565
-0.983276	1.87968
-0.986708	1.87376
-0.990292	1.8677
-0.993519	1.86111
-0.996595	1.85444
-0.999731	1.84768
-1.00276	1.84108
-1.00542	1.83457
-1.00792	1.82821
-1.01018	1.82162
-1.01248	1.81486
-1.01588	1.80832
-1.01935	1.80126
-1.02254	1.79428
-1.02551	1.78753
-1.02834	1.7812
-1.03041	1.77431
-1.03257	1.76701
-1.03473	1.75979
-1.03729	1.75238
-1.03951	1.7436
-1.04118	1.73477
-1.04286	1.72624
-1.04462	1.71785
-1.04608	1.70991
-1.04737	1.70194
-1.04835	1.69354
-1.04917	1.68584
-1.05036	1.67804
-1.05152	1.67001
-1.05259	1.66205
-1.05368	1.65408
-1.0548	1.64592
-1.05529	1.63812
-1.05569	1.63044
-1.05645	1.62257
-1.05805	1.615
-1.05994	1.60758
-1.06276	1.59958
-1.06518	1.59152
-1.06714	1.58414
-1.06951	1.57685
-1.07183	1.56958
-1.07392	1.5622
-1.07588	1.55486
-1.07776	1.54711
-1.08012	1.53855
-1.08245	1.53043
-1.08461	1.52238
-1.08671	1.5144
-1.08864	1.50621
-1.09054	1.4981
-1.09239	1.4901
-1.0946	1.48234
-1.09689	1.47459
-1.09839	1.46657
-1.09962	1.4579
-1.10033	1.44915
-1.10194	1.43966
-1.10359	1.43019
-1.10504	1.42073
-1.10639	1.41183
-1.10763	1.40335
-1.10854	1.395
-1.10978	1.3871
-1.11161	1.37992
-1.1133	1.37298
-1.11447	1.36591
-1.11614	1.35882
-1.11796	1.35144
-1.11976	1.34341
-1.12162	1.3351
-1.1234	1.32709
-1.12511	1.31917
-1.12671	1.31126
-1.12919	1.30322
-1.1316	1.29542
-1.13401	1.28816
-1.13657	1.28018
-1.13911	1.27238
-1.14147	1.26463
-1.14345	1.2572
-1.14514	1.25092
-1.14631	1.24454
-1.14688	1.23763
-1.14862	1.23075
-1.14971	1.22376
-1.15046	1.21695
-1.15165	1.21022
-1.15273	1.20293
-1.15402	1.19552
-1.15504	1.18809
-1.15609	1.18044
-1.15724	1.17256
-1.15826	1.16439
-1.15887	1.15642
-1.15927	1.14871
-1.16039	1.14111
-1.16137	1.13347
-1.16228	1.12581
-1.16304	1.1179
-1.1637	1.10971
-1.1642	1.10211
-1.16434	1.09506
-1.16447	1.0878
-1.16458	1.08072
-1.16466	1.07352
-1.16452	1.06588
-1.16442	1.05818
-1.16422	1.05056
-1.16388	1.04243
-1.16314	1.03398
-1.16262	1.02553
-1.16235	1.0172
-1.16176	1.00922
-1.16079	1.00158
-1.15998	0.99392
-1.15869	0.986214
-1.15708	0.978352
-1.15601	0.971762
-1.15491	0.964626
-1.15389	0.95732
-1.15255	0.949884
-1.15139	0.942658
-1.15055	0.935214
-1.14975	0.927805
-1.14932	0.919954
-1.14915	0.911819
-1.14937	0.903695
-1.14973	0.895472
-1.15036	0.887424
-1.15035	0.879615
-1.1505	0.871685
-1.1507	0.863919
-1.15095	0.856104
-1.15218	0.848434
-1.1537	0.840641
-1.15549	0.832842
-1.157	0.825009
-1.15865	0.817215
-1.16087	0.809576
-1.16375	0.80086
-1.16717	0.792667
-1.17039	0.784482
-1.17368	0.776296
-1.17673	0.76844
-1.17969	0.7605
-1.18258	0.752927
-1.18476	0.745019
-1.18716	0.737021
-1.19011	0.728864
-1.19283	0.7209
-1.19511	0.712373
-1.19712	0.703916
-1.19867	0.695188
-1.19926	0.685946
-1.20037	0.676414
-1.20222	0.667495
-1.20385	0.659704
-1.20571	0.651719
-1.20804	0.64397
-1.2095	0.635877
-1.21058	0.627434
-1.21161	0.619231
-1.21347	0.611343
-1.2155	0.603467
-1.21739	0.595117
-1.21928	0.586902
-1.2208	0.578615
-1.22207	0.570369
-1.22325	0.56197
-1.22351	0.553733
-1.22391	0.545038
-1.22449	0.536349
-1.22505	0.527825
-1.22487	0.51941
-1.22513	0.510384
-1.22531	0.501803
-1.22569	0.493292
-1.22659	0.484753
-1.22803	0.47608
-1.22944	0.467708
-1.23175	0.459283
-1.2343	0.450854
-1.23717	0.442284
-1.23893	0.434953
-1.24136	0.427845
-1.24274	0.420671
-1.24465	0.413128
-1.24694	0.406552
-1.24956	0.399996
-1.25201	0.393214
-1.25451	0.386342
-1.2567	0.379317
-1.25902	0.372586
-1.26137	0.365692
-1.26385	0.358846
-1.26687	0.352035
-1.26981	0.34518
-1.27306	0.338058
-1.27657	0.329911
-1.27988	0.322075
-1.28316	0.314384
-1.28626	0.306932
-1.28945	0.299524
-1.2925	0.292257
-1.29525	0.285563
-1.2981	0.278084
-1.30171	0.270728
-1.30518	0.263427
-1.30893	0.256154
-1.31286	0.249099
-1.31647	0.242944
-1.32023	0.236822
-1.32433	0.230619
-1.32884	0.224427
-1.33328	0.217665
-1.33784	0.21096
-1.34211	0.20428
-1.34704	0.198274
-1.35203	0.192086
-1.35704	0.185564
-1.3613	0.179224
-1.3652	0.173469
-1.36865	0.167398
-1.37271	0.160858
-1.37671	0.154299
-1.38051	0.147236
-1.38453	0.13994
-1.38853	0.132792
-1.39275	0.125288
-1.39668	0.117829
-1.40079	0.109992
-1.40498	0.102308
-1.40927	0.0944994
-1.41333	0.0867574
-1.41703	0.0793537
-1.42049	0.0716825
-1.42366	0.0641451
-1.42733	0.0570505
-1.4312	0.0502576
-1.43536	0.0429206
-1.4395	0.0358663
-1.44352	0.0287437
-1.44763	0.0218607
-1.4512	0.0147561
-1.45577	0.00719546
-1.45999	-0.000409715
-1.46382	-0.00793935
-1.46673	-0.0154583
-1.4696	-0.02296
-1.4725	-0.0304681
-1.4752	-0.0368751
-1.47806	-0.0428813
-1.48081	-0.0490156
-1.48298	-0.0554596
-1.48503	-0.0615541
-1.48621	-0.0675552
-1.48725	-0.0732746
-1.48872	-0.079166
-1.49096	-0.0857988
-1.49373	-0.0910816
-1.49682	-0.0971806
-1.49976	-0.103679
-1.5026	-0.110158
-1.50541	-0.116808
-1.50818	-0.123519
-1.51146	-0.130553
-1.51462	-0.137366
-1.51683	-0.144717
-1.5195	-0.151683
-1.52192	-0.1587
-1.52425	-0.165831
-1.52577	-0.173238
-1.52779	-0.180663
-1.52962	-0.188675
-1.53121	-0.196024
-1.53296	-0.203596
-1.53475	-0.211139
-1.53643	-0.218599
-1.5374	-0.226559
-1.53845	-0.234442
-1.53927	-0.242822
-1.53973	-0.251215
-1.54052	-0.259155
-1.5413	-0.267201
-1.54216	-0.274986
-1.54302	-0.282759
-1.54387	-0.290094
-1.54498	-0.297494
-1.54568	-0.305314
-1.54654	-0.312771
-1.54765	-0.320184
-1.54878	-0.327649
-1.55001	-0.335183
-1.55126	-0.342465
-1.55233	-0.349007
-1.55362	-0.355878
-1.55554	-0.36245
-1.55685	-0.368874
-1.55825	-0.375288
-1.55969	-0.381732
-1.56105	-0.388219
-1.56207	-0.395108
-1.56306	-0.402072
-1.56371	-0.40962
-1.56499	-0.417472
-1.56672	-0.425512
-1.56864	-0.433511
-1.57032	-0.441332
-1.57193	-0.449765
-1.57406	-0.458635
-1.57618	-0.467511
-1.57871	-0.476043
-1.58115	-0.484768
-1.58355	-0.493257
-1.58606	-0.501534
-1.58832	-0.509826
-1.59073	-0.518169
-1.5931	-0.52638
-1.5956	-0.534678
-1.59808	-0.542775
-1.60029	-0.550488
-1.60255	-0.557935
-1.60496	-0.56549
-1.60748	-0.572465
-1.6101	-0.579387
-1.61323	-0.58665
-1.61652	-0.594541
-1.6196	-0.602789
-1.62254	-0.610702
-1.62546	-0.618339
-1.62757	-0.625955
-1.62975	-0.633683
-1.63126	-0.641295
-1.63264	-0.648609
-1.63415	-0.655544
-1.63575	-0.662613
-1.63769	-0.669169
-1.6397	-0.675952
-1.64238	-0.68175
-1.6454	-0.688225
-1.64849	-0.694981
-1.65077	-0.701924
-1.65317	-0.708631
-1.65572	-0.715673
-1.65808	-0.722915
-1.65988	-0.730422
-1.66263	-0.737872
-1.6661	-0.745381
-1.66926	-0.753046
-1.67284	-0.760858
-1.67687	-0.768936
-1.68049	-0.777254
-1.6838	-0.785295
-1.68703	-0.793204
-1.69014	-0.801095
-1.69332	-0.808994
-1.69668	-0.817041
-1.7001	-0.824919
-1.70346	-0.832633
-1.70666	-0.840376
-1.70985	-0.849087
-1.71289	-0.857516
-1.71572	-0.865865
-1.71854	-0.874012
-1.72136	-0.881961
-1.72426	-0.889231
-1.72726	-0.896515
-1.72986	-0.903832
-1.73265	-0.91047
-1.73583	-0.917256
-1.73882	-0.924215
-1.74212	-0.931093
-1.74544	-0.938031
-1.74952	-0.944715
-1.75356	-0.951962
-1.75764	-0.958835
-1.76175	-0.965911
-1.76602	-0.972453
-1.77061	-0.97913
-1.77545	-0.985458
-1.78007	-0.992068
-1.78427	-0.998703
-1.78841	-1.00521
-1.79201	-1.01158
-1.79587	-1.01816
-1.7997	-1.02483
-1.80386	-1.03122
-1.80739	-1.03768
-1.81055	-1.04391
-1.81369	-1.05011
-1.81633	-1.05626
-1.81883	-1.06308
-1.82156	-1.06979
-1.82433	-1.0767
-1.82715	-1.08382
-1.8294	-1.09122
-1.83135	-1.0988
-1.83299	-1.10682
-1.8349	-1.11443
-1.8362	-1.12225
-1.83751	-1.13006
-1.83892	-1.13783
-1.84045	-1.14627
-1.84181	-1.15419
-1.84342	-1.16166
-1.84511	-1.16906
-1.84692	-1.17606
-1.8495	-1.18315
-1.85234	-1.19006
-1.85498	-1.1975
-1.85761	-1.205
-1.85976	-1.2115
-1.86212	-1.2182
-1.86407	-1.22539
-1.86696	-1.23318
-1.87012	-1.24072
-1.87325	-1.24823
-1.8763	-1.25575
-1.87989	-1.26277
-1.88317	-1.26988
-1.88617	-1.27663
-1.88888	-1.28298
-1.89185	-1.28951
-1.89465	-1.29671
-1.89776	-1.30387
-1.90085	-1.31164
-1.90417	-1.31922
-1.90729	-1.32703
-1.91034	-1.33461
-1.91354	-1.34211
-1.91696	-1.3494
-1.92034	-1.35666
-1.92347	-1.36315
-1.92705	-1.3699
-1.93097	-1.37648
-1.93406	-1.3833
-1.93743	-1.38953
-1.94089	-1.39588
-1.94417	-1.40233
-1.94755	-1.40893
-1.95112	-1.41571
-1.95518	-1.4227
-1.96004	-1.4293
-1.96449	-1.43587
-1.96859	-1.44269
-1.97262	-1.44953
-1.97652	-1.45575
-1.98039	-1.46214
-1.98448	-1.46874
-1.98858	-1.47555
-1.99253	-1.48264
-1.99552	-1.48969
-1.99836	-1.49667
-2.00087	-1.50382
-2.00307	-1.51072
-2.00471	-1.51779
-2.00636	-1.52502
-2.00874	-1.53188
-2.01142	-1.5384
-2.01381	-1.54564
-2.01624	-1.55284
-2.01858	-1.56032
-2.02092	-1.56773
-2.02346	-1.57486
-2.02473	-1.58228
-2.02535	-1.58943
-2.0257	-1.59688
-2.02605	-1.60469
-2.02625	-1.61262
-2.02605	-1.62074
-2.02623	-1.62898
-2.02633	-1.6372
-2.02663	-1.64583
-2.02663	-1.65434
-2.02617	-1.66318
-2.02559	-1.67112
-2.02499	-1.67908
-2.02403	-1.68646
-2.02319	-1.69364
-2.02229	-1.70092
-2.0216	-1.70858
-2.0208	-1.71597
-2.0201	-1.72282
-2.0197	-1.73025
-2.01849	-1.73901
-2.01746	-1.74765
-2.01625	-1.7561
-2.01478	-1.76421
-2.01334	-1.77234
-2.0123	-1.7808
-2.01088	-1.78857
-2.00923	-1.79685
-2.00709	-1.80496
-2.00506	-1.81286
-2.00301	-1.82074
-2.00103	-1.82858
-1.99858	-1.83617
-1.9964	-1.84385
-1.99528	-1.85178
-1.99427	-1.85927
-1.9933	-1.86673
-1.99237	-1.87434
-1.99109	-1.88202
-1.99004	-1.89022
-1.98903	-1.89826
-1.98889	-1.90638
-1.98843	-1.91367
-1.98773	-1.92184
-1.98771	-1.92937
-1.98804	-1.93706
-1.98799	-1.94455
-1.98793	-1.95151
-1.98822	-1.95869
-1.98868	-1.96576
-1.9892	-1.97313
-1.98955	-1.98078
-1.99003	-1.98858
-1.99032	-1.9963
-1.99036	-2.00442
-1.99041	-2.01248
-1.99034	-2.02054
-1.99036	-2.02862
-1.99037	-2.03665
-1.9899	-2.04418
-1.98948	-2.05158
-1.98903	-2.05928
-1.98887	-2.0671
-1.98871	-2.07493
-1.98893	-2.08237
-1.98926	-2.08959
-1.99008	-2.09684
-1.99111	-2.10423
-1.99213	-2.11172
-1.99309	-2.11934
-1.994	-2.12701
-1.99485	-2.13474
-1.99668	-2.14268
-1.9984	-2.15066
-1.99948	-2.15841
-1.99999	-2.16691
-2.00031	-2.17557
-2.00069	-2.18374
-2.00062	-2.19157
-2.00052	-2.19945
-2.00053	-2.20737
-2.00128	-2.21562
-2.00128	-2.22469
-2.00103	-2.23321
-2.00068	-2.2416
-2.00063	-2.24979
-2.00047	-2.25797
-2.00035	-2.26647
-2.00021	-2.27482
-2.00053	-2.28373
-2.00082	-2.29246
-2.00121	-2.30146
-2.00126	-2.31037
-2.00184	-2.31931
-2.00254	-2.32809
-2.0035	-2.33648
-2.00386	-2.34498
-2.00419	-2.35341
-2.00447	-2.36171
-2.00444	-2.37017
-2.00444	-2.37909
-2.00435	-2.38784
-2.00385	-2.39588
-2.00374	-2.40423
-2.00407	-2.41203
-2.00514	-2.42028
-2.00617	-2.42844
-2.00731	-2.43623
-2.00831	-2.44431
-2.00914	-2.45232
-2.00884	-2.46087
-2.00824	-2.46946
-2.0077	-2.47809
-2.00801	-2.48657
-2.00804	-2.49501
-2.00822	-2.50366
-2.00839	-2.51215
-2.00871	-2.52039
-2.00847	-2.52848
-2.00842	-2.53629
-2.00815	-2.54401
-2.00785	-2.55214
-2.00791	-2.5601
-2.00795	-2.56809
-2.00786	-2.57621
-2.00815	-2.58387
-2.00906	-2.59112
-2.00976	-2.5986
-2.01046	-2.60638
-2.01112	-2.61383
-2.01159	-2.62182
-2.01195	-2.62914
-2.01229	-2.63657
-2.01299	-2.64407
-2.01371	-2.65162
-2.01388	-2.6597
-2.01401	-2.66753
-2.01394	-2.67544
-2.01362	-2.68322
-2.01311	-2.69086
-2.01259	-2.69859
-2.01208	-2.70607
-2.01196	-2.71383
-2.01219	-2.72259
-2.01262	-2.73111
-2.01286	-2.73995
-2.01283	-2.74847
-2.01279	-2.75687
-2.01235	-2.76506
-2.01192	-2.77289
-2.0116	-2.78072
-2.01103	-2.78785
-2.01016	-2.79464
-2.00967	-2.80134
-2.00975	-2.80829
-2.00977	-2.81541
-2.01008	-2.82167
-2.01031	-2.8283
-2.01055	-2.83523
-2.00992	-2.84209
-2.00896	-2.84876
-2.00772	-2.85637
-2.0064	-2.86438
-2.00508	-2.87164
-2.0041	-2.87945
-2.00347	-2.88723

-2.00289	2.8851
-2.00228	2.87709
-2.00073	2.86972
-1.99928	2.86226
-1.99794	2.85484
-1.9963	2.84711
-1.99489	2.83879
-1.99332	2.83084
-1.99196	2.82281
-1.9903	2.81416
-1.98891	2.80573
-1.98771	2.79796
-1.98729	2.79082
-1.98703	2.78366
-1.98676	2.77614
-1.98583	2.76853
-1.98535	2.76144
-1.98381	2.75399
-1.98235	2.74616
-1.98096	2.73823
-1.97895	2.73025
-1.97746	2.72208
-1.97622	2.71397
-1.97513	2.70584
-1.97413	2.6972
-1.97292	2.68869
-1.97186	2.68002
-1.9711	2.67187
-1.96997	2.66302
-1.96947	2.65456
-1.96865	2.64647
-1.96812	2.63844
-1.96764	2.63058
-1.96722	2.6227
-1.96682	2.61482
-1.96597	2.60714
-1.96487	2.59991
-1.96445	2.592
-1.96396	2.58428
-1.96328	2.57649
-1.96263	2.56822
-1.96198	2.56018
-1.96213	2.55236
-1.9626	2.54457
-1.96253	2.53661
-1.96263	2.52831
-1.96284	2.52059
-1.96303	2.51383
-1.96337	2.50689
-1.96379	2.49877
-1.96389	2.49049
-1.96388	2.4822
-1.96368	2.4739
-1.96349	2.46509
-1.96325	2.45623
-1.96297	2.44777
-1.96336	2.43934
-1.9637	2.43091
-1.96426	2.4223
-1.96435	2.41466
-1.96474	2.40721
-1.96529	2.39976
-1.96605	2.39208
-1.96649	2.38388
-1.96658	2.37562
-1.96678	2.36724
-1.9667	2.35936
-1.9666	2.35127
-1.96617	2.34368
-1.96607	2.33639
-1.96599	2.32922
-1.96619	2.32219
-1.96645	2.31399
-1.96705	2.30615
-1.9675	2.29848
-1.96786	2.2902
-1.96823	2.28184
-1.96854	2.27356
-1.96878	2.2654
-1.96911	2.25738
-1.96868	2.24983
-1.96895	2.24154
-1.96834	2.23272
-1.96781	2.22402
-1.96715	2.21529
-1.96691	2.20632
-1.96691	2.19793
-1.96683	2.18964
-1.9668	2.18185
-1.96713	2.17403
-1.96732	2.1662
-1.96735	2.15817
-1.96645	2.14892
-1.96557	2.14022
-1.96455	2.13135
-1.96445	2.12219
-1.96431	2.11361
-1.96409	2.10531
-1.96373	2.09715
-1.96306	2.08897
-1.96296	2.0807
-1.96331	2.07313
-1.96462	2.06532
-1.96545	2.05702
-1.96616	2.04885
-1.96649	2.04107
-1.96715	2.03313
-1.96696	2.02606
-1.96715	2.01866
-1.96704	2.01181
-1.96706	2.00494
-1.9673	1.99821
-1.96726	1.99116
-1.96692	1.9839
-1.96647	1.97693
-1.96556	1.96991
-1.96451	1.96226
-1.96314	1.95449
-1.96126	1.94619
-1.95926	1.93803
-1.95713	1.92956
-1.95536	1.92172
-1.95354	1.91415
-1.95198	1.90657
-1.95022	1.89906
-1.94838	1.89155
-1.94627	1.88403
-1.94367	1.87654
-1.94155	1.86934
-1.93927	1.86183
-1.93645	1.85433
-1.93314	1.84678
-1.92937	1.83992
-1.92417	1.83305
-1.91963	1.8256
-1.91535	1.81871
-1.91208	1.81263
-1.90862	1.80537
-1.90492	1.79797
-1.90067	1.79081
-1.89634	1.78405
-1.89255	1.77694
-1.88919	1.77014
-1.88528	1.76312
-1.88125	1.75627
-1.877	1.74953
-1.87245	1.74308
-1.86793	1.73698
-1.86309	1.73102
-1.85783	1.72462
-1.85185	1.71806
-1.84594	1.71169
-1.83969	1.70614
-1.83354	1.70059
-1.82654	1.69538
-1.81946	1.6916
-1.81255	1.688
-1.8048	1.68367
-1.79722	1.68006
-1.78969	1.67634
-1.7823	1.67233
-1.77461	1.66962
-1.7666	1.66738
-1.75843	1.66557
-1.75002	1.66433
-1.74209	1.66367
-1.73378	1.66303
-1.7254	1.66362
-1.7165	1.66487
-1.70815	1.66682
-1.70025	1.6692
-1.69255	1.67233
-1.68529	1.67745
-1.67869	1.68279
-1.6724	1.68834
-1.66627	1.694
-1.66053	1.70001
-1.65545	1.706
-1.65101	1.71226
-1.64625	1.71912
-1.64213	1.72643
-1.63806	1.73326
-1.63428	1.74001
-1.63128	1.74642
-1.62877	1.75267
-1.62621	1.75876
-1.62444	1.76513
-1.62303	1.77168
-1.62161	1.77877
-1.62012	1.78568
-1.61935	1.79339
-1.61795	1.80168
-1.61677	1.81001
-1.61529	1.81716
-1.61385	1.82436
-1.61272	1.83212
-1.61185	1.8402
-1.61125	1.84825
-1.61117	1.8559
-1.61161	1.86378
-1.61215	1.87113
-1.61263	1.87861
-1.61304	1.88646
-1.61419	1.89414
-1.61569	1.90178
-1.61787	1.91023
-1.61996	1.91838
-1.62237	1.92648
-1.62476	1.93444
-1.62714	1.94234
-1.62927	1.95023
-1.63134	1.95787
-1.63325	1.96545
-1.63515	1.9726
-1.63691	1.97977
-1.63885	1.98645
-1.64073	1.9932
-1.64245	2.00018
-1.64352	2.00761
-1.64538	2.01546
-1.64743	2.02333
-1.64935	2.03115
-1.65125	2.03883
-1.65296	2.04674
-1.65478	2.05428
-1.65648	2.06159
-1.65809	2.06885
-1.65993	2.07673
-1.6628	2.08451
-1.66581	2.09203
-1.66904	2.09994
-1.67274	2.10747
-1.67689	2.11444
-1.68157	2.12127
-1.68597	2.12804
-1.69024	2.13485
-1.69467	2.14186
-1.69934	2.14875
-1.70396	2.15561
-1.70806	2.16155
-1.71201	2.16764
-1.71589	2.17395
-1.71975	2.18043
-1.72362	2.18705
-1.72747	2.19339
-1.73073	2.19951
-1.7337	2.2057
-1.73776	2.21177
-1.74172	2.21803
-1.74619	2.22462
-1.75085	2.2313
-1.75551	2.238
-1.75977	2.24489
-1.76325	2.25119
-1.76688	2.25851
-1.77055	2.26567
-1.7737	2.27318
-1.77714	2.28033
-1.78087	2.28796
-1.78435	2.29554
-1.78769	2.30359
-1.79029	2.31186
-1.79187	2.31989
-1.79345	2.32779
-1.79459	2.3364
-1.7961	2.34493
-1.79757	2.35335
-1.79907	2.36138
-1.80021	2.36866
-1.80112	2.37581
-1.80172	2.38281
-1.80208	2.38993
-1.80282	2.39697
-1.80322	2.40441
-1.80328	2.41228
-1.80295	2.42137
-1.8025	2.43001
-1.80215	2.43848
-1.80159	2.44669
-1.80062	2.45412
-1.79911	2.46195
-1.79768	2.46981
-1.79655	2.47762
-1.7958	2.48619
-1.79545	2.49514
-1.79523	2.50374
-1.79514	2.51214
-1.79513	2.52067
-1.79523	2.52905
-1.79517	2.53715
-1.79519	2.54524
-1.79577	2.55342
-1.79652	2.56104
-1.79749	2.56868
-1.79863	2.57639
-1.7998	2.58412
-1.80118	2.59155
-1.80295	2.59869
-1.80464	2.60597
-1.80634	2.61331
-1.80769	2.62095
-1.80843	2.62925
-1.80899	2.63774
-1.80951	2.64639
-1.80995	2.6551
-1.80999	2.66369
-1.81036	2.67253
-1.81071	2.68098
-1.81111	2.68935
-1.81166	2.69768
-1.81228	2.70584
-1.8129	2.71396
-1.81346	2.72211
-1.81443	2.73082
-1.81543	2.73922
-1.81635	2.74764
-1.81697	2.75536
-1.81757	2.76371
-1.81818	2.77214
-1.81877	2.78046
-1.81965	2.78889
-1.82027	2.79706
-1.82096	2.8052
-1.82159	2.81336
-1.82232	2.82195
-1.82325	2.83037
-1.82398	2.83856
-1.82447	2.84673
-1.82437	2.85529
-1.82475	2.8635
-1.82552	2.87136
-1.82615	2.87913
-1.82686	2.88708

-1.82777	-2.88496
-1.82823	-2.87715
-1.82808	-2.86947
-1.82815	-2.86179
-1.82816	-2.85407
-1.82761	-2.84697
-1.82702	-2.83982
-1.82632	-2.83252
-1.82527	-2.8243
-1.82425	-2.81606
-1.82328	-2.8079
-1.82249	-2.79985
-1.82139	-2.79174
-1.82095	-2.78335
-1.82055	-2.77505
-1.82019	-2.76697
-1.82011	-2.75894
-1.81998	-2.7504
-1.81988	-2.74189
-1.81934	-2.73303
-1.81875	-2.7253
-1.81821	-2.71733
-1.81763	-2.70944
-1.81725	-2.70199
-1.81719	-2.69507
-1.81739	-2.68782
-1.81744	-2.68007
-1.8178	-2.67234
-1.81773	-2.66465
-1.81707	-2.6563
-1.81626	-2.64732
-1.81551	-2.63856
-1.8141	-2.63016
-1.81341	-2.62144
-1.8133	-2.61281
-1.81319	-2.60433
-1.81379	-2.59615
-1.81407	-2.58773
-1.81384	-2.57936
-1.81469	-2.57161
-1.81561	-2.56377
-1.81636	-2.55557
-1.81708	-2.54749
-1.81783	-2.53942
-1.8184	-2.53119
-1.81892	-2.52312
-1.81883	-2.5154
-1.81885	-2.50754
-1.81928	-2.49932
-1.81973	-2.49126
-1.82041	-2.48351
-1.82139	-2.47541
-1.82232	-2.46691
-1.82269	-2.45985
-1.82291	-2.45237
-1.82351	-2.44474
-1.82349	-2.43664
-1.82287	-2.42839
-1.82239	-2.42032
-1.82263	-2.41224
-1.82293	-2.40433
-1.82335	-2.39639
-1.82338	-2.38812
-1.82323	-2.37977
-1.82274	-2.37163
-1.8224	-2.36348
-1.82191	-2.3549
-1.8224	-2.34713
-1.82295	-2.33999
-1.82391	-2.3326
-1.8251	-2.32524
-1.82606	-2.31818
-1.82719	-2.31047
-1.82845	-2.30313
-1.82967	-2.29569
-1.83075	-2.28819
-1.83176	-2.28073
-1.83268	-2.27369
-1.83321	-2.26653
-1.83373	-2.25927
-1.83475	-2.25193
-1.83543	-2.24458
-1.83596	-2.23711
-1.83661	-2.22941
-1.83705	-2.22146
-1.83746	-2.2137
-1.83783	-2.20593
-1.83775	-2.1985
-1.83778	-2.19107
-1.83684	-2.18396
-1.83581	-2.17667
-1.83527	-2.16972
-1.83501	-2.16294
-1.83466	-2.15615
-1.83421	-2.14838
-1.8339	-2.14022
-1.83358	-2.13247
-1.83283	-2.12479
-1.83187	-2.11771
-1.83084	-2.11053
-1.83056	-2.10335
-1.83022	-2.0962
-1.82968	-2.08904
-1.82942	-2.08245
-1.82919	-2.0757
-1.82862	-2.06849
-1.82774	-2.06072
-1.82692	-2.05292
-1.82612	-2.04512
-1.8253	-2.03701
-1.82507	-2.02939
-1.82501	-2.02133
-1.82497	-2.01377
-1.82482	-2.00611
-1.82424	-1.99863
-1.82394	-1.99089
-1.82366	-1.98322
-1.82197	-1.97567
-1.81995	-1.96814
-1.81769	-1.96179
-1.81539	-1.95538
-1.81312	-1.94883
-1.81076	-1.94234
-1.80925	-1.93606
-1.80752	-1.92987
-1.80464	-1.92343
-1.80207	-1.91661
-1.79967	-1.90941
-1.7982	-1.90228
-1.79686	-1.895
-1.79536	-1.88774
-1.79428	-1.88042
-1.79322	-1.87301
-1.7919	-1.86498
-1.79026	-1.8573
-1.78853	-1.84996
-1.78652	-1.84285
-1.78469	-1.83551
-1.78268	-1.82782
-1.78087	-1.81974
-1.77903	-1.81156
-1.77749	-1.80341
-1.77575	-1.79505
-1.77416	-1.78674
-1.77281	-1.77879
-1.77126	-1.77072
-1.76992	-1.76146
-1.76901	-1.75274
-1.76839	-1.74481
-1.76772	-1.73714
-1.76717	-1.72966
-1.76637	-1.7222
-1.76509	-1.71461
-1.76531	-1.70781
-1.76591	-1.69992
-1.76618	-1.69182
-1.76723	-1.68428
-1.76826	-1.67667
-1.77022	-1.66979
-1.77227	-1.66288
-1.77411	-1.65559
-1.77579	-1.64819
-1.77688	-1.64069
-1.77826	-1.6326
-1.77992	-1.62446
-1.78151	-1.61642
-1.78324	-1.60864
-1.78534	-1.60056
-1.78772	-1.59256
-1.78988	-1.58499
-1.7923	-1.57718
-1.79473	-1.56884
-1.79715	-1.56041
-1.80032	-1.55209
-1.80322	-1.54399
-1.80593	-1.53598
-1.80839	-1.52823
-1.81029	-1.52023
-1.81183	-1.51161
-1.81234	-1.50247
-1.81262	-1.49368
-1.81301	-1.48488
-1.81336	-1.47651
-1.81354	-1.46781
-1.81366	-1.45913
-1.81392	-1.45065
-1.81471	-1.44227
-1.81543	-1.43416
-1.81602	-1.42615
-1.81679	-1.41839
-1.81795	-1.41131
-1.81921	-1.4039
-1.8204	-1.39639
-1.82149	-1.38874
-1.82198	-1.3809
-1.82202	-1.37249
-1.82105	-1.36464
-1.81984	-1.35656
-1.81878	-1.34857
-1.81842	-1.34082
-1.81818	-1.3329
-1.81793	-1.32499
-1.81716	-1.31682
-1.8164	-1.30862
-1.8156	-1.30081
-1.81475	-1.29276
-1.81381	-1.2847
-1.81278	-1.27667
-1.81163	-1.26885
-1.81061	-1.26062
-1.80993	-1.25278
-1.80933	-1.24491
-1.80796	-1.23694
-1.80715	-1.23001
-1.80606	-1.22291
-1.80494	-1.21582
-1.80393	-1.20847
-1.80219	-1.20149
-1.79985	-1.19474
-1.79827	-1.18847
-1.79692	-1.18245
-1.79459	-1.17576
-1.79161	-1.1683
-1.78888	-1.1611
-1.78646	-1.15321
-1.78435	-1.1455
-1.78271	-1.13759
-1.78133	-1.13011
-1.78003	-1.1226
-1.77879	-1.11516
-1.77752	-1.10758
-1.77642	-1.09996
-1.77529	-1.09235
-1.77385	-1.08449
-1.77223	-1.0764
-1.77047	-1.0684
-1.76838	-1.05989
-1.76639	-1.05153
-1.76454	-1.04331
-1.76243	-1.03499
-1.76052	-1.02673
-1.75858	-1.01858
-1.75673	-1.01051
-1.755	-1.00231
-1.7533	-0.994065
-1.75169	-0.98589
-1.74949	-0.977541
-1.74753	-0.969459
-1.74598	-0.96135
-1.74406	-0.952997
-1.74241	-0.94475
-1.74094	-0.936615
-1.74005	-0.928267
-1.73927	-0.920174
-1.73828	-0.912206
-1.73735	-0.904291
-1.73665	-0.897542
-1.73638	-0.890667
-1.73539	-0.884172
-1.73459	-0.877371
-1.73319	-0.870223
-1.73196	-0.86319
-1.73082	-0.855973
-1.72964	-0.848572
-1.72829	-0.841307
-1.72621	-0.834414
-1.72473	-0.827422
-1.72321	-0.819961
-1.72127	-0.812202
-1.71939	-0.804541
-1.71754	-0.796741
-1.71596	-0.789525
-1.71426	-0.782179
-1.71253	-0.77474
-1.71035	-0.767175
-1.70766	-0.759789
-1.70492	-0.752462
-1.70196	-0.745827
-1.69898	-0.739043
-1.6966	-0.732059
-1.69413	-0.724614
-1.69158	-0.717473
-1.68988	-0.710011
-1.68809	-0.701897
-1.68629	-0.693475
-1.68445	-0.684879
-1.68334	-0.676524
-1.68266	-0.66804
-1.6824	-0.659673
-1.68237	-0.651044
-1.6822	-0.642497
-1.68216	-0.634329
-1.68209	-0.626736
-1.68242	-0.618888
-1.68277	-0.611001
-1.68283	-0.60299
-1.683	-0.595142
-1.6833	-0.587399
-1.68364	-0.579575
-1.68413	-0.571688
-1.68467	-0.563962
-1.68498	-0.5563
-1.68603	-0.548054
-1.68706	-0.539908
-1.68752	-0.532072
-1.68769	-0.524673
-1.68793	-0.516683
-1.68787	-0.508864
-1.68879	-0.50021
-1.68958	-0.491723
-1.69079	-0.483765
-1.69155	-0.475955
-1.69209	-0.468333
-1.69244	-0.46054
-1.69247	-0.453067
-1.69202	-0.445829
-1.69135	-0.437809
-1.69068	-0.429775
-1.69007	-0.421763
-1.6897	-0.413873
-1.68933	-0.40653
-1.68907	-0.399087
-1.68892	-0.391848
-1.68862	-0.384488
-1.6885	-0.377082
-1.688	-0.370269
-1.6875	-0.363008
-1.68697	-0.355115
-1.68678	-0.347053
-1.68593	-0.339165
-1.6856	-0.330692
-1.685	-0.321752
-1.68445	-0.313313
-1.68411	-0.30483
-1.68284	-0.296655
-1.68168	-0.288637
-1.68083	-0.280763
-1.67996	-0.272833
-1.67916	-0.264457
-1.67832	-0.256467
-1.67789	-0.248475
-1.67735	-0.24065
-1.67627	-0.232459
-1.67498	-0.224926
-1.67326	-0.217155
-1.67154	-0.209583
-1.66984	-0.201933
-1.6682	-0.194212
-1.66672	-0.186255
-1.66506	-0.178429
-1.66302	-0.170225
-1.66104	-0.162188
-1.65912	-0.154272
-1.65758	-0.146096
-1.65603	-0.137984
-1.65457	-0.13025
-1.65285	-0.122417
-1.65143	-0.114731
-1.65088	-0.107624
-1.65069	-0.100177
-1.65042	-0.09201
-1.65018	-0.083992
-1.64939	-0.0757236
-1.6487	-0.0668038
-1.64765	-0.0581207
-1.64667	-0.0494427
-1.64541	-0.0407656
-1.64319	-0.0314297
-1.64045	-0.0218551
-1.63825	-0.0128277
-1.63576	-0.00407132
-1.63317	0.00422665
-1.63046	0.0123183
-1.62738	0.0202775
-1.62417	0.0281212
-1.62076	0.0347091
-1.617	0.0421054
-1.61339	0.0491885
-1.60911	0.055526
-1.60534	0.0609996
-1.60112	0.0666079
-1.59672	0.0723378
-1.59219	0.078151
-1.58748	0.0840794
-1.5827	0.0902649
-1.5779	0.0964425
-1.57311	0.102497
-1.56898	0.109133
-1.5653	0.115518
-1.56167	0.122096
-1.55828	0.128829
-1.55469	0.135519
-1.55006	0.141819
-1.54552	0.148128
-1.54054	0.154146
-1.53541	0.159818
-1.53039	0.16557
-1.52579	0.171314
-1.52147	0.177539
-1.51718	0.183883
-1.51382	0.190895
-1.51077	0.197884
-1.50764	0.204939
-1.50445	0.212024
-1.50093	0.218714
-1.49712	0.22569
-1.4932	0.232586
-1.48975	0.239327
-1.48537	0.245449
-1.48145	0.25181
-1.47735	0.258569
-1.47341	0.264856
-1.46939	0.271221
-1.46587	0.278777
-1.46197	0.285662
-1.45802	0.291991
-1.45423	0.29826
-1.45036	0.304752
-1.44666	0.311891
-1.44253	0.318417
-1.43851	0.324105
-1.43425	0.329884
