-0.097189	0.10472
-0.119241	0.11869
-0.112128	0.0991507
-0.112433	0.102766
-0.117622	0.102383
-0.116376	0.111796
-0.117749	0.111186
-0.117294	0.109982
-0.117984	0.10814
-0.115971	0.110453
-0.115456	0.102807
-0.104781	0.0985014
-0.116172	0.100995
-0.126721	0.111582
-0.130228	0.108824
-0.129083	0.104744
-0.134144	0.106708
-0.127553	0.100013
-0.125132	0.101574
-0.131316	0.101503
-0.133352	0.0942026
-0.130538	0.0757582
-0.138153	0.0813983
-0.143208	0.0759158
-0.148808	0.0507471
-0.158942	0.0421542
-0.157637	0.0403715
-0.151963	0.0324337
-0.161547	0.0356713
-0.172565	0.0480193
-0.16811	0.0408349
-0.136921	0.0415486
-0.13942	0.0378614
-0.146806	0.0283769
-0.150784	0.0216339
-0.153902	0.0226462
-0.153428	0.0130078
-0.156568	0.0106006
-0.16905	0.0177308
-0.164299	0.0100338
-0.157928	0.00464186
-0.149255	0.00970484
-0.144865	-0.00194626
-0.162753	-0.0015392
-0.16194	-0.00378302
-0.159389	-0.0243466
-0.153435	-0.022114
-0.154972	-0.0178528
-0.157992	-0.040639
-0.158512	-0.0371361
-0.147515	-0.0400644
-0.150064	-0.0469105
-0.151041	-0.0349519
-0.158002	-0.0183203
-0.169417	-0.0309123
-0.168483	-0.0247271
-0.157182	-0.0154399
-0.161634	-0.0195576
-0.157428	-0.0215383
-0.158518	-0.0139855
-0.162023	-0.0263245
-0.170399	-0.0202982
-0.160544	-0.0363635
-0.165411	-0.0392469
-0.1592	-0.0276711
-0.161908	-0.0301425
-0.16723	-0.0208433
-0.156064	-0.0423299
-0.153923	-0.0391517
-0.149412	-0.0504926
-0.150056	-0.0517463
-0.167337	-0.0582798
-0.162261	-0.0463489
-0.15443	-0.0529929
-0.153052	-0.0535743
-0.154718	-0.0427612
-0.157245	-0.0370349
-0.158936	-0.0412728
-0.157204	-0.0412739
-0.144858	-0.0365749
-0.141313	-0.0426134
-0.142797	-0.044187
-0.147412	-0.0514449
-0.157869	-0.0509702
-0.156424	-0.0478199
-0.152242	-0.0326047
-0.15074	-0.0318198
-0.14915	-0.0366108
-0.157328	-0.0307807
-0.148193	-0.0385034
-0.160206	-0.0395915
-0.159796	-0.0405173
-0.170187	-0.0401213
-0.162691	-0.0446262
-0.161545	-0.0445987
-0.174746	-0.0545865
-0.163901	-0.0470099
-0.170815	-0.0400299
-0.16866	-0.0445038
-0.16859	-0.0445695
-0.153253	-0.0306062
-0.157027	-0.0372437
-0.153813	-0.0458587
-0.152117	-0.0471459
-0.150401	-0.049812
-0.144084	-0.0584692
-0.144064	-0.059043
-0.141842	-0.0617482
-0.128241	-0.0594432
-0.129477	-0.0335744
-0.1311	-0.0361908
-0.12344	-0.053384
-0.111234	-0.0536818
-0.130238	-0.0639127
-0.138894	-0.0561617
-0.122288	-0.0523913
-0.129196	-0.0509547
-0.137914	-0.0556931
-0.141672	-0.0569545
-0.144572	-0.0473678
-0.146502	-0.0411097
-0.151189	-0.0371477
-0.152252	-0.0328717
-0.145097	-0.0323337
-0.138205	-0.0421899
-0.139153	-0.0448352
-0.136529	-0.057251
-0.138827	-0.0566632
-0.144202	-0.0485452
-0.131776	-0.0555191
-0.133689	-0.0566407
-0.131981	-0.0618058
-0.137312	-0.0652394
-0.139245	-0.0661157
-0.13564	-0.0674476
-0.149066	-0.0700188
-0.145277	-0.0704597
-0.147932	-0.0652497
-0.151706	-0.0569198
-0.155966	-0.05778
-0.153635	-0.0583994
-0.144355	-0.0455257
-0.135147	-0.0454203
-0.138207	-0.0494157
-0.125796	-0.0508168
-0.132803	-0.058024
-0.135008	-0.0593784
-0.131047	-0.0575
-0.137941	-0.0658131
-0.145032	-0.0527572
-0.140771	-0.0489345
-0.146104	-0.0529247
-0.143494	-0.0534739
-0.144137	-0.0502736
-0.144631	-0.0664095
-0.144275	-0.0667079
-0.15515	-0.0694522
-0.152727	-0.0695057
-0.152488	-0.0683031
-0.1513	-0.0590613
-0.145488	-0.0678502
-0.128277	-0.0586773
-0.136457	-0.05294
-0.137172	-0.0580486
-0.134719	-0.064147
-0.141075	-0.070703
-0.144201	-0.062801
-0.147443	-0.0548419
-0.146775	-0.0521876
-0.145891	-0.0527822
-0.146714	-0.0530707
-0.150728	-0.0629637
-0.158838	-0.052427
-0.155684	-0.0613602
-0.136206	-0.0692782
-0.143814	-0.0857798
-0.138908	-0.083566
-0.13897	-0.0851663
-0.13929	-0.0843056
-0.129761	-0.0726598
-0.1333	-0.0773611
-0.139423	-0.0766086
-0.147811	-0.075933
-0.15553	-0.0789656
-0.152297	-0.0779253
-0.140209	-0.0735918
-0.126659	-0.065162
-0.137835	-0.0648727
-0.138097	-0.0759473
-0.154127	-0.0758085
-0.152197	-0.0689747
-0.155532	-0.0656623
-0.150579	-0.0620621
-0.154877	-0.0636267
-0.14957	-0.0544727
-0.1486	-0.0552051
-0.137466	-0.0677257
-0.141759	-0.0771943
-0.154575	-0.0678797
-0.157832	-0.0724989
-0.157981	-0.0691442
-0.152247	-0.0716854
-0.15137	-0.0690935
-0.146045	-0.0667194
-0.150859	-0.0619356
-0.150157	-0.0628773
-0.159576	-0.0552727
-0.156418	-0.0544545
-0.148533	-0.0672702
-0.152386	-0.0551931
-0.143557	-0.0634512
-0.147967	-0.0521528
-0.140954	-0.0583312
-0.142338	-0.0585742
-0.145792	-0.0616646
-0.131939	-0.058725
-0.143164	-0.0461384
-0.142572	-0.0477831
-0.136162	-0.0424568
-0.145549	-0.043361
-0.13444	-0.0385609
-0.137272	-0.0408845
-0.150198	-0.0280014
-0.157934	-0.0337475
-0.144898	-0.0397584
-0.146011	-0.0408603
-0.157088	-0.0334674
-0.154559	-0.0299267
-0.162105	-0.0423116
-0.156531	-0.0548538
-0.147465	-0.0446601
-0.147069	-0.048071
-0.150165	-0.0505576
-0.155216	-0.0553861
-0.154094	-0.0378823
-0.152996	-0.0364606
-0.153121	-0.0407286
-0.151831	-0.0392575
-0.158444	-0.0411
-0.158504	-0.0434924
-0.15185	-0.0532558
-0.150057	-0.0540784
-0.147355	-0.0535681
-0.147291	-0.0562698
-0.146641	-0.0585667
-0.13449	-0.0698684
-0.130493	-0.0813268
-0.128996	-0.0983356
-0.139276	-0.101698
-0.160466	-0.0979128
-0.155644	-0.10219
-0.154807	-0.0950353
-0.14994	-0.0880338
-0.146502	-0.0923681
-0.133922	-0.0929597
-0.128991	-0.0923263
-0.129377	-0.0908686
-0.138077	-0.0770119
-0.135284	-0.0722213
-0.137195	-0.0631288
-0.137324	-0.0651431
-0.138724	-0.0617688
-0.137947	-0.0523967
-0.140162	-0.0486594
-0.136633	-0.060384
-0.138534	-0.0609949
-0.139524	-0.0614727
-0.13014	-0.0671919
-0.132916	-0.0712447
-0.110287	-0.0760234
-0.115711	-0.0815295
-0.120446	-0.0852768
-0.13556	-0.0985498
-0.132259	-0.108072
-0.139292	-0.101025
-0.141727	-0.093009
-0.144621	-0.0908074
-0.146676	-0.0889016
-0.125368	-0.086295
-0.124113	-0.0970548
-0.132439	-0.0977268
-0.130413	-0.0981138
-0.135129	-0.0965112
-0.132925	-0.0965096
-0.134224	-0.0850965
-0.133069	-0.0853837
-0.132912	-0.0848715
-0.130153	-0.0796319
-0.127694	-0.0812789
-0.128388	-0.0813518
-0.129453	-0.0820451
-0.126886	-0.08588
-0.107831	-0.0689996
-0.104974	-0.0763824
-0.10684	-0.075042
-0.120436	-0.0722187
-0.133754	-0.0750062
-0.13469	-0.0749395
-0.134731	-0.0755401
-0.122032	-0.0715523
-0.119756	-0.0754491
-0.122505	-0.0593333
-0.126625	-0.061965
-0.131058	-0.0662631
-0.129859	-0.0836341
-0.126315	-0.082829
-0.127287	-0.0833695
-0.11138	-0.0896298
-0.119987	-0.0865971
-0.121119	-0.086644
-0.13242	-0.0711043
-0.129961	-0.0733117
-0.120546	-0.0765133
-0.1234	-0.0779647
-0.126032	-0.0790317
-0.130431	-0.0749773
-0.13217	-0.0762256
-0.133237	-0.0844709
-0.129579	-0.0895742
-0.122524	-0.0958813
-0.122973	-0.0956336
-0.130875	-0.0991958
-0.132276	-0.100684
-0.133858	-0.0951913
-0.126501	-0.102546
-0.12612	-0.0915644
-0.13153	-0.0830934
-0.152926	-0.0863378
-0.154138	-0.0930084
-0.151392	-0.0883467
-0.147734	-0.0857483
-0.154491	-0.0760883
-0.160601	-0.0802651
-0.151707	-0.0854224
-0.152428	-0.0855269
-0.149022	-0.0889378
-0.14609	-0.0923396
-0.135712	-0.0910138
-0.141162	-0.085704
-0.141075	-0.0862422
-0.129217	-0.0815791
-0.133885	-0.0759294
-0.132088	-0.074038
-0.141206	-0.0783346
-0.140699	-0.0853118
-0.136475	-0.0817326
-0.135555	-0.0809283
-0.143864	-0.0715372
-0.145527	-0.0720912
-0.138745	-0.0763232
-0.131815	-0.0840894
-0.129158	-0.0922802
-0.118663	-0.0934453
-0.108402	-0.106634
-0.0952079	-0.139209
-0.108144	-0.148866
-0.098168	-0.158386
-0.0970667	-0.15454
-0.0827469	-0.150641
-0.072365	-0.156466
-0.0622682	-0.158817
-0.0415678	-0.153137
-0.0436562	-0.154289
-0.0381049	-0.155185
-0.0312277	-0.162709
-0.0230952	-0.174321
-0.0155153	-0.165406
-0.0261184	-0.18335
-0.0188576	-0.173234
-0.0221259	-0.169258
-0.0327669	-0.170842
-0.0269564	-0.167189
-0.0279705	-0.175761
-0.0276293	-0.164659
-0.0376895	-0.142591
-0.032934	-0.146325
-0.0291204	-0.144941
-0.0258582	-0.143715
-0.0314432	-0.145084
-0.0263547	-0.152225
-0.0243328	-0.15554
-0.0220487	-0.158909
-0.0168629	-0.166051
-0.020598	-0.15166
-0.00991098	-0.154775
-0.00321917	-0.158479
-0.006028	-0.149957
-0.00315934	-0.15232
0.00256951	-0.155861
0.0155129	-0.156684
0.0114642	-0.149066
0.00602114	-0.15387
0.0119241	-0.158465
0.00471815	-0.154699
0.00443767	-0.155647
-0.00665374	-0.15282
0.00661293	-0.164843
0.0163324	-0.161527
0.0189319	-0.172395
0.0211281	-0.168887
0.0345876	-0.164509
0.00556283	-0.172466
0.0092319	-0.166121
0.00182371	-0.159648
-0.002343	-0.166183
-0.0129784	-0.159383
-0.0263371	-0.165497
-0.0196324	-0.164397
-0.0147994	-0.162022
-0.0165213	-0.160647
-0.0131094	-0.164057
-0.0183217	-0.164087
-0.0114392	-0.166977
-0.00620467	-0.162995
0.00558737	-0.173614
0.00829288	-0.157453
0.014569	-0.139342
0.0222185	-0.143573
0.0202731	-0.136112
0.0230596	-0.146975
0.0130435	-0.154497
0.00663816	-0.150056
0.0153885	-0.150484
0.0257065	-0.146983
0.0266751	-0.14987
0.0463134	-0.150227
0.0535099	-0.147183
0.0500661	-0.14952
0.0496722	-0.149675
0.0495781	-0.149795
0.0510859	-0.147192
0.0509297	-0.148851
0.0616082	-0.146835
0.0606137	-0.148964
0.0603656	-0.157803
0.0578486	-0.156655
0.0594919	-0.150676
0.0720008	-0.155219
0.0729794	-0.14514
0.0828757	-0.155179
0.0688241	-0.154078
0.0762415	-0.1523
0.0552063	-0.155272
0.0460491	-0.147779
0.0458778	-0.148453
0.0455532	-0.148919
0.041545	-0.143861
0.0418255	-0.150561
0.0421248	-0.150903
0.0463463	-0.140529
0.0251814	-0.144407
0.0261522	-0.14679
0.0280093	-0.147815
0.0287188	-0.148568
0.0191495	-0.143666
0.0223974	-0.145695
0.0291295	-0.152519
0.0273785	-0.151845
0.0274241	-0.153418
0.0321877	-0.149722
0.0337847	-0.15622
0.0272593	-0.150722
0.0229457	-0.15251
0.028618	-0.154179
0.0279577	-0.157042
0.0275153	-0.157146
0.0295233	-0.152811
0.0223753	-0.145731
0.00241218	-0.140317
-0.00662975	-0.150648
-0.00456641	-0.15213
-0.00113044	-0.157315
-4.81553e-05	-0.15855
0.00699133	-0.165133
0.0113422	-0.161285
0.0127559	-0.160937
-0.00301853	-0.160952
-0.00409967	-0.169622
0.00130412	-0.164459
0.00191174	-0.158328
0.00127797	-0.150188
0.00518255	-0.137445
0.00547069	-0.138095
-0.00526618	-0.133477
-0.00106824	-0.139402
-0.000468471	-0.143944
-0.00514742	-0.148731
-0.00327497	-0.150515
-0.00739215	-0.144166
0.00411932	-0.152287
0.0104325	-0.138783
0.00923121	-0.140111
0.0183635	-0.142122
0.0199004	-0.148427
0.0252735	-0.150083
0.0368244	-0.140167
0.0366206	-0.14334
0.0369369	-0.136452
0.0381225	-0.136797
0.0435586	-0.150892
0.0494147	-0.14509
0.0431266	-0.141366
0.0433444	-0.124227
0.0440155	-0.12961
0.0460341	-0.134026
0.0565171	-0.121198
0.040886	-0.119733
0.0424183	-0.124791
0.035499	-0.146573
0.0444592	-0.149452
0.0497126	-0.129694
0.0500261	-0.13688
0.0517517	-0.140815
0.0463171	-0.143274
0.0537155	-0.14329
0.0494355	-0.144691
0.0486837	-0.150255
0.0410723	-0.140271
0.0421895	-0.142148
0.0360639	-0.141444
0.0357232	-0.143629
0.0392192	-0.146428
0.0385885	-0.147384
0.0430932	-0.157957
0.0416044	-0.138018
0.0327568	-0.143966
0.0341101	-0.145818
0.0547932	-0.154335
0.0510032	-0.147359
0.0485253	-0.145939
0.0571031	-0.156159
0.0580927	-0.169725
0.0557995	-0.167049
0.0502571	-0.164052
0.0477154	-0.161033
0.0512627	-0.156213
0.065181	-0.167194
0.0626582	-0.159348
0.0646909	-0.174029
0.0710817	-0.166701
0.0680413	-0.162868
0.0552045	-0.17404
0.0570929	-0.167175
0.0511044	-0.164549
0.0572413	-0.155607
0.0532202	-0.140768
0.0540548	-0.137577
0.0511362	-0.132169
0.0562614	-0.140059
0.0332842	-0.136182
0.0334257	-0.139753
0.0261808	-0.136032
0.0189447	-0.132869
0.020566	-0.137707
0.0176126	-0.128302
0.0206564	-0.129809
0.0206403	-0.132452
0.0243196	-0.13942
0.027083	-0.145783
0.0340795	-0.151757
0.0273832	-0.145443
0.0280966	-0.144899
0.0268309	-0.146837
0.0290148	-0.149273
0.0387702	-0.149313
0.0393027	-0.160908
0.0484145	-0.169938
0.0445304	-0.165232
0.0392455	-0.156747
0.035806	-0.155295
0.0322288	-0.173589
0.0409587	-0.168855
0.0242247	-0.160246
0.0314917	-0.166736
0.0242111	-0.157423
0.0283177	-0.160379
0.0291752	-0.152984
0.0245609	-0.167143
0.0236452	-0.166165
0.0235949	-0.162676
0.0182686	-0.159369
0.0190424	-0.149038
0.0133619	-0.136059
0.0323684	-0.145824
0.0346157	-0.135924
0.0368027	-0.133909
0.0250709	-0.12729
0.0253248	-0.132951
0.0162203	-0.132343
0.015314	-0.149408
0.0124679	-0.149525
0.0130593	-0.15334
0.0248627	-0.150223
0.0265433	-0.154939
0.0300132	-0.153278
0.0290344	-0.154767
0.0349917	-0.161441
0.0332837	-0.165569
0.0468516	-0.157244
0.0526697	-0.159743
0.0503501	-0.154378
0.0544225	-0.156079
0.0554392	-0.147664
0.0572021	-0.154966
0.0645612	-0.141051
0.0559747	-0.138223
0.053008	-0.140639
0.0559296	-0.145698
0.0484404	-0.14357
0.0471248	-0.145381
0.0391706	-0.147717
0.0368923	-0.141927
0.0395968	-0.150031
0.040158	-0.16784
0.0366902	-0.165045
0.0381629	-0.158956
0.0438607	-0.149685
0.0392648	-0.149387
0.0311326	-0.130395
0.0310601	-0.13785
0.04061	-0.142238
0.0280295	-0.149152
0.0278095	-0.149159
0.03978	-0.161893
0.0409436	-0.160559
0.0288638	-0.157343
0.0122003	-0.155347
0.0112163	-0.155696
0.0257452	-0.16
0.0234023	-0.15357
0.021549	-0.155909
0.0313162	-0.142389
0.0303954	-0.149554
0.0270836	-0.151097
0.0240243	-0.149879
0.0193506	-0.142915
0.0243856	-0.139468
0.0145867	-0.140912
-0.000247668	-0.136323
-0.00244076	-0.144537
0.00556519	-0.147592
0.00856062	-0.147684
0.0242815	-0.153162
0.0246144	-0.156271
0.0223379	-0.158414
0.0282158	-0.15766
0.0294208	-0.155009
0.0281466	-0.15609
0.0263962	-0.156109
0.0250396	-0.156166
0.0234848	-0.156842
0.0237833	-0.153051
0.0225439	-0.155948
0.0164511	-0.155439
0.0261459	-0.158364
0.0317412	-0.159231
0.029934	-0.159797
0.0310422	-0.1607
0.0321945	-0.168711
0.0267703	-0.153195
0.0370761	-0.156667
0.0430487	-0.159976
0.0435921	-0.161396
0.0409644	-0.168266
0.0405974	-0.152372
0.0402807	-0.155086
0.0247996	-0.142857
0.0194202	-0.14598
0.0301059	-0.156402
0.0293378	-0.156283
0.0269693	-0.156215
0.0296211	-0.173527
0.0278699	-0.17018
0.0341946	-0.168313
0.0315586	-0.169389
0.0286264	-0.167407
0.0202118	-0.169223
0.012555	-0.167618
0.0263153	-0.152325
0.023588	-0.155285
0.0238673	-0.158807
0.00719127	-0.165961
-0.000349765	-0.164773
-0.00262381	-0.158282
-0.00103514	-0.157041
-0.00457169	-0.161751
-0.00390281	-0.160752
-0.00582524	-0.178229
-0.00344606	-0.172774
-0.00804734	-0.156951
-0.0116907	-0.181252
-0.00817401	-0.167708
-0.0135436	-0.166928
-0.0125318	-0.16511
-0.0193364	-0.154766
-0.0110995	-0.150573
-0.0154088	-0.151486
-0.0114089	-0.154405
-0.010553	-0.157488
0.00158445	-0.145555
0.00105118	-0.15488
0.000896452	-0.159105
-1.38035e-06	-0.150021
0.000192534	-0.151411
0.00294152	-0.153792
0.000906972	-0.152244
0.00133503	-0.15915
-0.00420216	-0.16217
-0.0098	-0.153866
-0.0153422	-0.155087
-0.0203034	-0.154961
-0.0195357	-0.15712
-0.0217213	-0.156494
-0.029644	-0.151098
-0.0406118	-0.146549
-0.0535736	-0.143707
-0.0491815	-0.151122
-0.0467262	-0.150055
-0.04003	-0.144475
-0.0457228	-0.146108
-0.0293223	-0.1558
-0.0291215	-0.155471
-0.0258765	-0.165127
-0.0246894	-0.169629
-0.0199382	-0.168946
-0.0192353	-0.166527
-0.0146703	-0.165277
-0.0158387	-0.156715
-0.0215994	-0.15524
-0.0186326	-0.168927
-0.0184309	-0.174049
-0.020715	-0.177722
-0.0185206	-0.178115
-0.0184572	-0.172269
-0.0157336	-0.154446
-0.0318211	-0.168656
-0.0323825	-0.162601
-0.0340157	-0.158314
-0.0308212	-0.155017
-0.0382132	-0.152309
-0.0376894	-0.153495
-0.0366913	-0.153791
-0.0250702	-0.155067
-0.0403128	-0.162919
-0.0474449	-0.163988
-0.0358373	-0.14528
-0.0298127	-0.115139
-0.0299909	-0.123121
-0.0343263	-0.12764
-0.0293272	-0.134545
-0.0282112	-0.138803
-0.0236151	-0.148836
-0.018724	-0.152485
-0.0250422	-0.162802
-0.0289922	-0.160643
-0.027386	-0.157837
-0.0225804	-0.157729
-0.0230113	-0.160903
-0.014495	-0.162206
-0.0137734	-0.161391
-0.00928729	-0.154451
-0.0160273	-0.166683
-0.0122515	-0.16643
-0.0221202	-0.158925
-0.0228263	-0.152425
-0.0166602	-0.15453
-0.0214069	-0.143747
-0.0235826	-0.14959
-0.0230634	-0.144868
-0.0298737	-0.143994
-0.0314477	-0.148724
-0.0347245	-0.159902
-0.0372933	-0.154492
-0.039521	-0.15684
-0.0465983	-0.162226
-0.0441044	-0.158764
-0.0443436	-0.164252
-0.0378801	-0.154527
-0.0367889	-0.152629
-0.0301778	-0.154739
-0.0256394	-0.146297
-0.0246327	-0.149406
-0.0181995	-0.147887
-0.0178825	-0.148251
-0.0279288	-0.139589
-0.0223719	-0.150761
-0.035199	-0.152646
-0.0465487	-0.161391
-0.0534059	-0.160687
-0.0467319	-0.150151
-0.0425161	-0.149546
-0.0425743	-0.156896
-0.0274592	-0.153992
-0.0341294	-0.148059
-0.0239051	-0.140986
-0.0335108	-0.149116
-0.0373548	-0.154032
-0.0382452	-0.160439
-0.0335078	-0.156678
-0.0248017	-0.148766
-0.0190418	-0.14208
-0.00269705	-0.138988
-0.00396626	-0.13426
-0.0098007	-0.142629
-0.00793577	-0.150277
-0.00498797	-0.139983
-0.00900215	-0.140934
-0.0097594	-0.144398
-0.0103413	-0.148611
-0.00985915	-0.149997
-0.0117721	-0.15394
-0.0119337	-0.154375
-0.0227988	-0.137481
-0.0299744	-0.134336
-0.0278707	-0.151366
-0.0277613	-0.152139
-0.0287807	-0.15256
-0.0148665	-0.143666
-0.00702885	-0.140628
0.00377561	-0.144392
-0.00237505	-0.153
-0.00196755	-0.151692
2.30043e-06	-0.152875
0.0203404	-0.156492
0.0400077	-0.137556
0.0397289	-0.131283
0.0363072	-0.146083
0.025299	-0.153538
0.00735741	-0.151316
0.0121077	-0.14436
0.00263703	-0.155107
-0.00079129	-0.15627
0.00458125	-0.153314
0.00360816	-0.159388
0.00910791	-0.156677
0.00924956	-0.168923
0.00982643	-0.156379
0.00633477	-0.156943
-0.00473362	-0.163096
-0.00577692	-0.161737
-0.00875345	-0.156484
-0.00900339	-0.157735
-0.0115287	-0.138135
-0.0153199	-0.152219
-0.0158637	-0.153603
-0.0164924	-0.15413
-0.0173268	-0.156837
-0.0105958	-0.145449
-0.00776432	-0.146218
-0.00356069	-0.152177
-0.00172326	-0.148443
-0.000306178	-0.155155
-0.00288982	-0.155282
-0.0134851	-0.14984
-0.0134009	-0.151288
-0.037028	-0.153807
-0.0405736	-0.151316
-0.0370288	-0.129194
-0.0225771	-0.12603
-0.014254	-0.13084
-0.0132298	-0.13625
-0.000478086	-0.158008
-0.0199438	-0.145909
-0.0252843	-0.147977
-0.0141381	-0.136972
-0.0184963	-0.129077
-0.0195767	-0.133895
-0.0137035	-0.135412
-0.0124609	-0.139108
-0.01784	-0.145556
-0.0197471	-0.159589
-0.0430364	-0.171448
-0.0294373	-0.160576
-0.0228599	-0.161983
-0.0228094	-0.160971
-0.0217833	-0.163403
-0.0233424	-0.16288
-0.0248236	-0.16072
-0.025082	-0.159699
-0.028093	-0.159266
-0.0231742	-0.147788
-0.019856	-0.152194
-0.0254901	-0.153331
-0.0336823	-0.172098
-0.0349395	-0.174626
-0.0315757	-0.17386
-0.0285332	-0.17108
-0.0331533	-0.179171
-0.0299016	-0.171819
-0.0402797	-0.170917
-0.0481377	-0.170891
-0.0494079	-0.174307
-0.0583193	-0.165855
-0.0548283	-0.162079
-0.0642142	-0.172459
-0.0757516	-0.170633
-0.07162	-0.163979
-0.0570477	-0.170464
-0.0536357	-0.171874
-0.0595212	-0.162752
-0.0558585	-0.159058
-0.0648061	-0.159997
-0.0513059	-0.170447
-0.0493337	-0.16734
-0.0471888	-0.166724
-0.0438382	-0.16434
-0.0334243	-0.16216
-0.0309394	-0.159517
-0.0297823	-0.159262
-0.0392092	-0.148939
-0.0386959	-0.151181
-0.0559825	-0.153266
-0.0535553	-0.153458
-0.0386123	-0.163181
-0.0385314	-0.160377
-0.0344836	-0.148896
-0.0360713	-0.152285
-0.0361504	-0.150635
-0.0366695	-0.130327
-0.0102036	-0.132251
-0.00756626	-0.127277
-0.00932352	-0.135158
-0.00960119	-0.139398
-0.0196189	-0.136677
-0.0179571	-0.142674
-0.0191876	-0.145206
-0.0133604	-0.145703
-0.0174436	-0.15221
-0.0213491	-0.139543
-0.0235438	-0.144514
-0.0182871	-0.149388
-0.0131217	-0.158516
-0.00796485	-0.146722
-0.00921996	-0.15029
-0.00598544	-0.152649
-0.00337359	-0.155936
-0.0023241	-0.154186
-0.00798532	-0.163752
-0.0125307	-0.162671
0.000931803	-0.161889
-0.0112706	-0.166438
-0.0140611	-0.165415
-0.0144559	-0.163352
-0.0176231	-0.17547
-0.00671722	-0.188558
-0.0192503	-0.184247
-0.0103095	-0.179961
-0.0291617	-0.168261
-0.0237725	-0.168573
-0.0241066	-0.165128
-0.0331013	-0.146915
-0.0210479	-0.153392
-0.0235932	-0.153745
-0.0267067	-0.135877
-0.0234125	-0.150092
-0.0341758	-0.147297
-0.0368153	-0.14386
-0.0383254	-0.139672
-0.0442642	-0.132018
-0.0358317	-0.140379
-0.0299856	-0.128686
-0.0312103	-0.135895
-0.00823531	-0.149657
-0.00667779	-0.147026
-0.0185297	-0.153944
-0.0182196	-0.149766
-0.0234331	-0.148467
-0.0246638	-0.149219
-0.0177752	-0.145714
-0.0196371	-0.146865
-0.0337055	-0.161192
-0.0271119	-0.174391
-0.0354994	-0.171921
-0.0378494	-0.169308
-0.0536169	-0.16687
-0.0502697	-0.147588
-0.0507151	-0.149275
-0.0478556	-0.150558
-0.0425271	-0.143926
-0.0579258	-0.145091
-0.0613179	-0.140238
-0.0606783	-0.152015
-0.060827	-0.157204
-0.0478131	-0.149565
-0.0180094	-0.160785
-0.0438429	-0.165964
-0.0318223	-0.154369
-0.0373389	-0.154938
-0.021603	-0.151956
-0.0282737	-0.148361
-0.037692	-0.147578
-0.0380485	-0.152436
-0.0227612	-0.13845
-0.0246812	-0.135591
-0.0325943	-0.13296
-0.0389139	-0.13453
-0.0394225	-0.138347
-0.0470518	-0.130586
-0.0522949	-0.12659
-0.0365765	-0.138037
-0.0343104	-0.143211
-0.0385233	-0.147805
-0.0378612	-0.14755
-0.04639	-0.14799
-0.054772	-0.142694
-0.0624859	-0.141946
-0.0673897	-0.138504
-0.0669814	-0.139346
-0.0683348	-0.138595
-0.0758815	-0.141312
-0.0637995	-0.140763
-0.0558714	-0.139697
-0.0552915	-0.139469
-0.0491736	-0.14655
-0.0660526	-0.146984
-0.062557	-0.144403
-0.0639217	-0.134455
-0.0601333	-0.139412
-0.0600502	-0.150092
-0.0446661	-0.129448
-0.0437387	-0.132474
-0.0514067	-0.129621
-0.0460092	-0.120445
-0.0541962	-0.113612
-0.0486461	-0.122261
-0.0524335	-0.133322
-0.0791377	-0.130883
-0.0567613	-0.119055
-0.0500032	-0.13679
-0.0515748	-0.140789
-0.055535	-0.134441
-0.0575606	-0.136846
-0.0302525	-0.150468
-0.029325	-0.151406
-0.0264099	-0.14169
-0.0171092	-0.1496
-0.0206475	-0.146381
-0.0184489	-0.142429
-0.0194616	-0.151182
-0.0202836	-0.152503
-0.0221879	-0.140653
-0.0261087	-0.143591
-0.0367033	-0.142866
-0.037405	-0.144059
-0.0327441	-0.142265
-0.0407874	-0.154554
-0.0405875	-0.152614
-0.0312669	-0.14577
-0.025532	-0.136171
-0.0339361	-0.136751
-0.0346471	-0.144044
-0.0450535	-0.147601
-0.0439838	-0.145863
-0.0462268	-0.149737
-0.0491012	-0.154184
-0.0484504	-0.155508
-0.0517074	-0.154991
-0.0585886	-0.157617
-0.0519486	-0.150321
-0.0529033	-0.148331
-0.0509917	-0.150055
-0.037298	-0.152205
-0.0401339	-0.149984
-0.0412252	-0.151784
-0.0421854	-0.147107
-0.0367667	-0.159524
-0.0368347	-0.141339
-0.0376995	-0.124222
-0.0389548	-0.124526
-0.0562555	-0.133638
-0.0562234	-0.13622
-0.0584103	-0.141951
-0.0692807	-0.144739
-0.0678008	-0.154842
-0.0749971	-0.16386
-0.0664686	-0.159129
-0.0732936	-0.157203
-0.0840708	-0.159971
-0.0825274	-0.152101
-0.0797202	-0.149886
-0.0779024	-0.148621
-0.0740804	-0.153704
-0.0630546	-0.148677
-1.02798	0.262762
-0.849597	0.228502
-0.708823	0.187825
-0.595285	0.164541
-0.505177	0.145933
-0.44093	0.124839
-0.379255	0.11256
-0.33609	0.111682
-0.293027	0.109026
-0.253434	0.109568
-0.226171	0.103488
-0.198622	0.1039
-0.19338	0.0978071
-0.174353	0.101591
-0.153451	0.106785
-0.14401	0.109275
-0.136153	0.112045
-0.125837	0.115369
-0.10883	0.121417
-0.10187	0.127114
-0.101409	0.124441
-0.0925369	0.11688
-0.0870357	0.124849
-0.0823191	0.125688
-0.0767697	0.127643
-0.0741032	0.131343
-0.0734763	0.124525
-0.0720311	0.128168
-0.0580413	0.135744
-0.0625694	0.135799
-0.0531412	0.143392
-0.0474623	0.150572
-0.0459485	0.151023
-0.0396169	0.13903
-0.0279763	0.128016
-0.0278869	0.125655
-0.0280037	0.131162
-0.0260341	0.134282
-0.0217125	0.137635
-0.0213192	0.141358
-0.0412932	0.137898
-0.0450235	0.141717
-0.0425574	0.139446
-0.0363158	0.150746
-0.0319441	0.14727
-0.0373966	0.145739
-0.0212718	0.132114
-0.0238465	0.138021
-0.0236046	0.141732
-0.0322209	0.136528
-0.014074	0.15058
-0.0220093	0.14924
-0.0192003	0.151044
-0.0167559	0.169128
-0.0175097	0.165075
-0.0150749	0.159074
-0.0165503	0.151166
-0.0241793	0.144712
-0.0272555	0.158152
-0.0282625	0.153344
-0.0278726	0.156686
-0.0255871	0.141646
-0.0235349	0.139162
-0.0357806	0.143443
-0.0306719	0.145584
-0.0290899	0.151376
-0.0427176	0.154936
-0.0376134	0.158934
-0.0538681	0.15078
-0.0498542	0.150108
-0.0538932	0.149343
-0.0574712	0.142549
-0.0566566	0.139111
-0.0561362	0.137922
-0.0627029	0.132539
-0.0664213	0.131947
-0.0521616	0.1315
-0.0483696	0.136549
-0.0457	0.142369
-0.0331163	0.161507
-0.0312606	0.159724
-0.0190699	0.164425
-0.018352	0.159024
-0.0307703	0.165849
-0.0272404	0.163124
-0.0242988	0.158967
-0.0216571	0.154478
-0.0122457	0.166748
-0.00433033	0.160756
-0.0157453	0.158425
-0.0155489	0.14929
-0.0108011	0.158363
-0.0172788	0.160824
-0.00675018	0.160061
-0.024272	0.154249
-0.0221189	0.157224
-0.0169928	0.178137
-0.00224445	0.176006
-0.0133821	0.153301
-0.0138921	0.151882
-0.00244185	0.143534
-0.00410184	0.142894
-0.0025745	0.146356
0.00195789	0.14047
0.00209457	0.14383
0.00642889	0.156022
-0.000592037	0.172522
-0.000729936	0.1733
-0.0088106	0.159799
-0.0086337	0.159005
-0.00728555	0.153057
-0.00302827	0.152097
0.000570998	0.14797
-0.0131135	0.160481
-0.0109719	0.162701
0.00995858	0.169298
0.00533661	0.171799
0.00380379	0.166941
0.00871908	0.160941
0.00519201	0.158762
0.00373912	0.176585
0.00327069	0.172305
0.00059432	0.178208
-0.00802621	0.166107
-0.00913225	0.177896
-0.00734813	0.162241
-0.0078773	0.162743
-0.00724271	0.160568
-0.00943564	0.154157
-0.0119459	0.142257
-0.00422937	0.149443
0.00142384	0.15956
0.00198287	0.156682
-0.0111465	0.142728
-0.0122467	0.145124
-0.0109917	0.144379
-0.0110803	0.154581
-0.00500543	0.155849
-0.00391109	0.153569
-0.00239036	0.15253
-0.00405425	0.155294
-0.0130079	0.163314
-1.61051e-05	0.168978
-0.00641131	0.169928
-0.00606743	0.170116
0.0172849	0.151441
0.0188879	0.151556
0.0193618	0.171155
0.0212387	0.170321
0.0191927	0.173722
0.0184734	0.183173
0.0183215	0.176961
0.0186195	0.173662
0.0284122	0.15011
0.026413	0.150479
0.0331171	0.142997
0.0343905	0.144917
0.0322383	0.145923
0.0343222	0.147719
0.0486767	0.142378
0.0520863	0.143043
0.0456014	0.151381
0.0491449	0.150715
0.0515247	0.155806
0.0549792	0.151418
0.0699992	0.151139
0.0654431	0.145521
0.0643215	0.148607
0.0593038	0.154951
0.0629729	0.150587
0.0649012	0.14899
0.0758341	0.143439
0.0993445	0.142321
0.0953401	0.131421
0.0964161	0.128772
0.101047	0.130211
0.10932	0.12765
0.11362	0.120597
0.116797	0.126872
0.12091	0.12621
0.124438	0.122003
0.119405	0.115769
0.102496	0.129245
0.104843	0.122157
0.113563	0.120086
0.116249	0.114773
0.114448	0.107944
0.117421	0.10413
0.117437	0.0927418
0.123517	0.0918874
0.126543	0.0864071
0.126406	0.0897276
0.128715	0.0865072
0.130284	0.0839414
0.131979	0.0758057
0.112865	0.0615518
0.119816	0.0619872
0.12516	0.063012
0.141069	0.0644111
0.151195	0.0575951
0.167322	0.0518267
0.165706	0.0334672
0.161888	0.0334024
0.161864	0.0231222
0.166455	0.0272585
0.155773	0.0252895
0.166728	0.0230948
0.157448	0.0183605
0.158199	0.0289319
0.158924	0.024844
0.160258	0.0270756
0.155566	0.0423349
0.150238	0.0384006
0.149918	0.044563
0.143827	0.0507431
0.140324	0.0591228
0.141752	0.0697358
0.137289	0.0644083
0.132001	0.0698093
0.130062	0.0706889
0.139605	0.0895262
0.131385	0.0983767
0.122768	0.109307
0.120044	0.114835
0.107313	0.124732
0.0985646	0.13064
0.0914194	0.112641
0.0862101	0.120162
0.079201	0.12633
0.0826982	0.137388
0.0807828	0.138614
0.0676022	0.136018
0.0618912	0.137473
0.0518882	0.145951
0.061336	0.142994
0.0562139	0.145959
0.051203	0.150853
0.0400662	0.143411
0.0371773	0.146913
0.0387354	0.153132
0.058071	0.158396
0.0626996	0.158101
0.0560084	0.162562
0.0539216	0.155553
0.0488829	0.166258
0.0470185	0.168904
0.0410143	0.173303
0.0392152	0.169417
0.0408199	0.170125
0.0448827	0.166076
0.0627419	0.139383
0.0695481	0.143034
0.0848585	0.158544
0.149674	0.118354
0.128522	0.138947
0.112319	0.145354
0.0995585	0.148536
0.0969688	0.148557
0.100483	0.151224
0.105744	0.154132
0.104832	0.133655
0.0980762	0.134728
0.0932454	0.141264
0.0773494	0.153125
0.0739374	0.150744
0.0673515	0.147276
0.0544344	0.155498
0.0503247	0.163431
0.0463957	0.162113
0.0516611	0.152982
0.0529361	0.156817
0.0572566	0.157611
0.0535803	0.149297
0.0393082	0.149989
0.0366914	0.150789
0.0298547	0.137616
0.0269098	0.129508
0.0301478	0.132496
0.0436236	0.145793
0.0419652	0.147757
0.0539357	0.146147
0.0539131	0.141828
0.0456077	0.133206
0.0338194	0.144147
0.0355642	0.158247
0.0350892	0.169136
0.040307	0.16974
0.0360806	0.166648
0.0348011	0.163272
0.0329393	0.16563
0.0157773	0.157993
0.0104556	0.153352
0.0117826	0.154991
0.0206686	0.15614
-0.00683779	0.151458
-0.00629199	0.152869
-0.0103834	0.151991
-0.000825779	0.157898
-0.000431415	0.190864
0.00091086	0.187952
0.000473314	0.185759
0.0166111	0.189825
0.00969129	0.17188
0.013972	0.18009
0.0185285	0.167938
0.0139292	0.170857
0.0130971	0.168306
-0.00299388	0.158631
-0.00664835	0.160677
-0.00093959	0.167017
-0.00613019	0.168792
-0.00652375	0.166638
-0.0103673	0.155833
-0.0122937	0.156062
-0.00785456	0.158735
-0.00956807	0.158288
3.25281e-05	0.150999
-0.00530458	0.141926
-0.026141	0.149623
-0.0265663	0.16389
-0.0272147	0.162246
-0.0297179	0.168497
-0.0253745	0.16586
-0.0269145	0.156439
-0.0439817	0.146252
-0.0414598	0.148457
-0.048165	0.161302
-0.0567338	0.150841
-0.0644842	0.169513
-0.0596974	0.167749
-0.0668864	0.157278
-0.0475885	0.166255
-0.0275549	0.164473
-0.0319784	0.174059
-0.0255566	0.155049
-0.0416142	0.160775
-0.0384633	0.155463
-0.0435913	0.153287
-0.0545973	0.164303
-0.0656888	0.162942
-0.0577623	0.169429
-0.0534612	0.176829
-0.0589158	0.169573
-0.0520573	0.162104
-0.0384292	0.154122
-0.03748	0.154661
-0.0360164	0.142195
-0.0376599	0.144709
-0.0399524	0.146423
-0.0502314	0.139531
-0.0461836	0.148298
-0.0361968	0.16135
-0.0313119	0.162196
-0.0362212	0.160158
-0.0307162	0.168463
-0.0317216	0.162038
-0.0243458	0.159254
-0.0166142	0.164713
-0.0230701	0.155346
-0.0246863	0.152718
-0.0272007	0.154775
-0.0289441	0.152196
-0.0400423	0.153251
-0.0326238	0.151554
-0.0291031	0.153022
-0.0248564	0.155947
-0.0267496	0.169784
-0.0186712	0.171499
-0.00724456	0.148778
-0.0105385	0.14481
-0.0107657	0.138178
-0.0212116	0.132999
-0.0239777	0.134671
-0.0153101	0.14654
-0.00628293	0.153576
-0.0140652	0.15646
-0.0184872	0.151487
-0.0104397	0.154982
-0.0256052	0.142868
-0.0410463	0.135547
-0.0530462	0.143965
-0.0501976	0.155824
-0.0449129	0.145616
-0.0443597	0.135938
-0.0509318	0.130055
-0.0566008	0.13655
-0.0563332	0.151123
-0.0456179	0.14981
-0.0397786	0.162863
-0.0346545	0.162594
-0.0261211	0.161104
-0.027956	0.160522
-0.0252031	0.157137
-0.0186955	0.156947
-0.0116594	0.157499
-0.0228372	0.149651
-0.0183434	0.15418
-0.0143238	0.155565
-0.00944094	0.155839
-0.00332269	0.1601
0.00666118	0.164843
0.00888078	0.16261
0.0105272	0.171629
0.0072977	0.174174
0.000217367	0.163607
0.00545665	0.15974
0.00853612	0.164585
0.000453696	0.164365
-0.000394659	0.16477
0.00423766	0.172746
0.0047957	0.163866
0.00177565	0.162664
-0.00989685	0.15435
-0.0204573	0.156176
0.000251655	0.154107
0.00083817	0.161926
-0.00812755	0.153647
-0.0211048	0.163215
-0.0317177	0.161091
-0.179104	0.131035
-0.156513	0.118899
-0.150767	0.117134
-0.138753	0.112406
-0.13035	0.122424
-0.117387	0.129629
-0.0925922	0.145782
-0.0447992	0.181946
-0.0179769	0.182022
0.00407079	0.192762
0.00546296	0.185283
0.0172825	0.183755
0.0360814	0.178898
-0.190649	0.221521
-0.182168	0.196458
-0.171023	0.176457
-0.169396	0.15765
-0.160641	0.146559
-0.155445	0.15043
-0.143471	0.140444
-0.132892	0.14623
-0.130269	0.12612
-0.127748	0.123665
-0.133231	0.11478
-0.119358	0.117667
-0.112929	0.10479
-0.115471	0.105038
-0.114558	0.106683
-0.117679	0.110774
-0.113059	0.116032
-0.112543	0.11935
-0.111782	0.117381
-0.108789	0.116175
-0.107099	0.115282
-0.102361	0.112358
-0.0997466	0.105357
-0.108749	0.114275
-0.0966774	0.115855
-0.0949252	0.114226
-0.0896765	0.1052
-0.0953958	0.108146
-0.0721851	0.0896585
-0.0685384	0.0835353
-0.0731347	0.0937449
-0.0749444	0.103046
-0.0767987	0.109377
-0.0771511	0.113288
-0.082991	0.114637
-0.078971	0.124408
-0.079427	0.129593
-0.0694344	0.136965
-0.068469	0.135804
-0.0536227	0.10869
-0.0603021	0.127063
-0.0593511	0.129286
-0.0449476	0.123305
-0.054744	0.125135
-0.0454196	0.134754
-0.0564617	0.140267
-0.056182	0.15191
-0.0536489	0.151245
-0.056013	0.13885
-0.055787	0.14113
-0.0489588	0.157271
-0.0581487	0.159894
-0.0594102	0.150229
-0.0575819	0.148858
-0.0533338	0.149452
-0.0513828	0.149104
-0.0499041	0.149699
-0.031859	0.171803
-0.0200013	0.16034
-0.00849765	0.16153
-0.0143355	0.152102
-0.0184239	0.169848
-0.0158878	0.165686
-0.011156	0.160414
-0.00948977	0.154153
-0.0125795	0.156854
-0.00805574	0.155447
-0.00910302	0.150661
-0.0154288	0.15084
-0.0134147	0.14545
-0.0191465	0.139712
-0.0202918	0.150935
-0.00536909	0.146965
-0.00447716	0.146178
-0.00637375	0.147774
0.00160361	0.159436
0.00478051	0.165462
0.00466009	0.163666
0.00265681	0.160525
0.00436479	0.161969
0.00319533	0.159094
0.00592684	0.153525
0.00687657	0.155248
0.0133551	0.157919
0.0130877	0.160096
0.0211499	0.149895
0.0255267	0.175381
0.0175323	0.174329
0.0194114	0.167646
0.0048391	0.169164
0.00934584	0.16893
0.00232475	0.157639
-0.00261035	0.146708
0.00496208	0.155104
0.00843938	0.163118
0.0132675	0.156641
0.0166708	0.149411
0.0238142	0.147156
0.0380948	0.143697
0.0351601	0.150782
0.0241796	0.17354
0.0193718	0.164321
0.0193855	0.162607
0.0193963	0.158752
0.0120898	0.156281
0.0116627	0.153275
0.00982063	0.154605
0.0184907	0.147102
0.0218308	0.150664
0.0221227	0.151551
0.010249	0.147728
0.0246155	0.160864
0.0196458	0.161917
0.0118271	0.161923
0.000326919	0.153741
0.00932441	0.164674
0.00959852	0.153501
-0.00251402	0.163021
-0.00281199	0.169444
0.00162076	0.16453
0.00346439	0.162749
-0.0132267	0.177384
-0.0125524	0.172268
-0.0127129	0.167552
-0.0162185	0.154699
-0.0222806	0.158742
-0.0145095	0.15644
-0.0310972	0.160007
-0.0424699	0.159992
-0.0419594	0.154225
-0.0357881	0.154282
-0.0351476	0.156152
-0.0325089	0.156297
-0.0173205	0.148689
-0.0145516	0.150853
-0.012917	0.150591
-0.00608205	0.148122
-0.00656357	0.149553
-0.0101914	0.1498
-0.00890209	0.151701
-0.00334942	0.154116
0.000862827	0.149672
0.00216019	0.144842
-0.000362208	0.152758
0.00970424	0.155281
0.00642896	0.158201
-0.00446884	0.151618
-0.00616039	0.153208
-0.00770425	0.151539
-0.00610549	0.152858
-0.00656128	0.149699
0.00791429	0.136883
0.00524067	0.150248
0.00355314	0.157199
0.00863437	0.160213
0.000256509	0.157016
0.00260652	0.158035
-0.000964522	0.156828
0.00538124	0.153805
0.00824198	0.152067
-0.000641251	0.15755
0.00162873	0.152201
0.0184983	0.149035
0.0206711	0.152345
0.0198362	0.148584
0.0240876	0.156984
0.0242571	0.156135
0.0383805	0.17014
0.0337519	0.161288
0.033693	0.156339
0.0329403	0.159805
0.0332995	0.148677
0.0304407	0.150915
0.0289549	0.143872
0.0239119	0.129496
0.024567	0.12743
0.0312352	0.130151
0.0307653	0.129093
0.0311133	0.135885
0.033184	0.153988
0.036886	0.157535
0.0360885	0.157864
0.0323264	0.154812
0.0211284	0.161452
0.0286329	0.174513
0.0214423	0.16537
0.0285233	0.161745
0.0363113	0.170237
0.0330092	0.170941
0.0241661	0.152154
0.0245107	0.153632
0.0177796	0.154686
0.0136231	0.160015
0.0256505	0.144091
0.0230138	0.157876
0.0255156	0.158478
0.0281695	0.15435
0.0318547	0.143591
0.029448	0.143954
0.0320968	0.143534
0.0335661	0.144307
0.0323283	0.148865
0.0399325	0.141468
0.0347762	0.167661
0.0334462	0.165818
0.0507312	0.163454
0.0341874	0.159422
0.0374283	0.146866
0.044204	0.147272
0.0444685	0.146861
0.0594792	0.151264
0.0616231	0.153796
0.0529358	0.166343
0.057056	0.175551
0.0609207	0.168403
0.0681728	0.170984
0.0825483	0.167419
0.0817304	0.168064
0.0945786	0.174717
0.0918611	0.166644
0.0848946	0.164114
0.0791102	0.147952
0.0773099	0.145455
0.0719549	0.144224
0.0581488	0.146981
0.0494016	0.139095
0.0396438	0.13463
0.0406951	0.137876
0.0432865	0.140836
0.0445099	0.147639
0.0450526	0.147186
0.0462759	0.150092
0.0593723	0.156531
0.0589369	0.184592
0.0419124	0.177068
0.047243	0.187145
0.0420701	0.184778
0.0442342	0.178491
0.0432186	0.169679
0.0411253	0.172502
0.0459817	0.163666
0.0372604	0.158879
0.0307632	0.160683
0.0316771	0.166324
0.0301359	0.161564
0.0349786	0.153467
0.0366834	0.159838
0.0321559	0.168098
0.0234636	0.166696
0.0213443	0.170337
0.0140255	0.16354
0.0137029	0.158837
0.00711098	0.158304
0.00583882	0.157332
0.011622	0.159222
0.0190144	0.157925
0.0208137	0.157535
0.0183497	0.15637
0.00635011	0.171683
0.0021254	0.170844
0.00806271	0.165799
0.0119316	0.159711
0.0141943	0.160223
0.0151134	0.158205
0.0159795	0.152362
0.00559182	0.14947
0.0056543	0.150866
-0.000698629	0.138147
-0.0085567	0.159331
-0.0132206	0.155353
-0.0135528	0.16194
-0.0125985	0.161077
-0.0209722	0.162746
-0.0260497	0.158731
-0.0258638	0.157639
-0.0283185	0.153217
-0.0298316	0.162243
-0.0267432	0.143182
-0.0216995	0.144105
-0.0242651	0.154919
-0.0224062	0.158598
-0.00922123	0.149564
-0.0175722	0.144904
-0.0110624	0.158472
-0.017296	0.167334
-0.0216298	0.149595
-0.0249015	0.148807
-0.0260019	0.145802
-0.0311966	0.153576
-0.0290067	0.166664
-0.0249697	0.168416
-0.0211797	0.17004
-0.0195402	0.162295
-0.0157522	0.156331
-0.0210442	0.153762
-0.0130976	0.1572
-0.0109324	0.153009
0.000996646	0.144761
0.00608325	0.14716
0.0223195	0.134203
0.0286947	0.133144
0.0434983	0.140857
0.0425603	0.141429
0.0444671	0.134817
0.0497611	0.130692
0.0577291	0.146226
0.0601655	0.14107
0.0620115	0.145743
0.0576151	0.138885
0.0536535	0.152628
0.0544683	0.157731
0.052953	0.135314
0.0473954	0.144094
0.0490156	0.147192
0.0516242	0.151241
0.0507837	0.150863
0.0588988	0.16645
0.0540894	0.169266
0.0608778	0.171979
0.0601864	0.164259
0.05874	0.160766
0.0441899	0.183382
0.0404234	0.178287
0.039254	0.165636
0.0461406	0.154687
0.0419698	0.15421
0.0388536	0.156478
0.0380204	0.163418
0.0472274	0.156275
0.0474156	0.155657
0.057508	0.155907
0.0689317	0.143762
0.0558601	0.142802
0.0624514	0.149553
0.0606168	0.149912
0.0594022	0.151065
0.0586613	0.155543
0.0517751	0.159099
0.0296566	0.156937
0.0301253	0.162152
0.0417597	0.164207
0.0406109	0.160268
0.0373639	0.159112
0.0272799	0.160516
0.0257851	0.158696
0.025679	0.157979
0.0256342	0.15767
0.0208263	0.159262
0.00749199	0.148266
0.0152793	0.152253
0.0148515	0.151933
0.0220281	0.136263
0.0209019	0.143647
0.0208751	0.14877
0.00235655	0.156997
0.00384772	0.155811
0.0147034	0.157472
0.0157746	0.1601
0.0165407	0.159922
0.0210741	0.168413
0.02317	0.16403
0.0190947	0.152216
0.0314279	0.148282
0.0306027	0.152992
0.0308939	0.153282
0.0304688	0.121053
0.0381597	0.134612
0.0397196	0.139277
0.0219481	0.156835
0.0152578	0.161745
0.0188482	0.153516
0.0270521	0.148545
0.0250607	0.149946
0.0213132	0.149549
0.0173716	0.150758
0.00653335	0.154331
0.0112947	0.161287
0.0144704	0.160332
0.0225921	0.177463
0.0326431	0.181955
0.0396268	0.184799
0.0573794	0.1837
0.0448633	0.170749
0.0482991	0.168854
0.0489699	0.154266
0.0485777	0.152988
0.0599763	0.153485
0.0591976	0.152281
0.0595499	0.150756
0.0589806	0.149256
0.0652382	0.153412
0.0652912	0.152295
0.0603446	0.14738
0.0616684	0.152551
0.0643078	0.162815
0.0716876	0.159063
0.0905822	0.155438
0.088268	0.153821
0.0873719	0.168058
0.0860416	0.161324
0.0809871	0.15774
0.0790325	0.154016
0.0767285	0.153577
0.0819343	0.153489
0.0752242	0.144112
0.0763961	0.135009
0.0623279	0.123212
0.0644409	0.123709
0.0714331	0.129826
0.0555406	0.127112
0.053407	0.13199
0.0454298	0.120124
0.0478226	0.133356
0.0481588	0.135807
0.0527197	0.153392
0.0565276	0.164546
0.052645	0.154251
0.0484367	0.163547
0.0477572	0.160738
0.0411014	0.164064
0.0393584	0.162026
0.0434786	0.157246
0.0469777	0.154006
0.048749	0.152509
0.048434	0.151331
0.0606764	0.164754
0.06411	0.154124
0.067262	0.157078
0.0740389	0.154762
0.0754839	0.15116
0.0645945	0.149923
0.0668299	0.147721
0.0705033	0.145647
0.0734044	0.152889
0.0841351	0.15471
0.0939572	0.14198
0.0982601	0.136527
0.100606	0.132804
0.102714	0.126186
0.0954784	0.118041
0.102284	0.10705
0.112529	0.0965434
0.1115	0.0974765
0.110285	0.11478
0.111867	0.119805
0.101469	0.123892
0.102214	0.122675
0.10426	0.115215
0.0928998	0.124379
0.0839774	0.123476
0.0799808	0.127821
0.0923546	0.11679
0.0995748	0.108757
0.10175	0.114695
0.104977	0.113906
0.129509	0.109758
0.119494	0.118594
0.118139	0.126051
0.117298	0.125437
0.104229	0.125823
0.103826	0.124485
0.102154	0.131361
0.0985147	0.119424
0.103008	0.129945
0.087634	0.134396
0.109039	0.134941
0.109227	0.139396
0.0953579	0.125916
0.0972357	0.125094
0.112571	0.123655
0.10903	0.124391
0.101871	0.129034
0.109087	0.131953
0.0970809	0.120475
0.0984331	0.122277
0.0874226	0.117136
0.0831737	0.116854
0.0834078	0.134652
0.0895006	0.118563
0.0946252	0.110748
0.0991231	0.116656
0.101386	0.119193
0.101945	0.11962
0.10736	0.113239
0.110025	0.103006
0.10769	0.107601
