-0.0977441	0.105816
-0.110389	0.114533
-0.107489	0.119181
-0.0987886	0.136597
-0.103277	0.132861
-0.102074	0.130869
-0.0988356	0.122109
-0.0988018	0.120784
-0.0929106	0.123
-0.0889938	0.124995
-0.0814376	0.126105
-0.0804539	0.129721
-0.0817003	0.137198
-0.0595918	0.139785
-0.0570075	0.139581
-0.0500261	0.152478
-0.047246	0.155206
-0.0517739	0.162911
-0.0550716	0.161115
-0.0625003	0.16646
-0.052226	0.145101
-0.055364	0.140486
-0.0587156	0.138329
-0.0453073	0.131362
-0.0483831	0.137434
-0.0409908	0.143013
-0.0350376	0.129709
-0.0306203	0.124328
-0.0186864	0.117668
-0.0215264	0.126112
-0.0194186	0.131222
-0.0318104	0.115697
-0.0276325	0.121211
-0.0341519	0.134231
-0.0337399	0.14565
-0.0349577	0.157015
-0.0329349	0.164047
-0.0350788	0.161876
-0.0282182	0.157342
-0.0349782	0.159132
-0.0374538	0.154413
-0.0210283	0.164231
-0.0262946	0.15872
-0.0260895	0.159945
-0.0278879	0.165243
-0.0147647	0.158813
-0.0204683	0.157859
-0.0229787	0.151025
-0.0253857	0.155259
-0.030773	0.160188
-0.0153237	0.146154
-0.0285105	0.152609
-0.0341735	0.155298
-0.0389754	0.15336
-0.034536	0.168088
-0.0325628	0.159946
-0.0345775	0.161026
-0.039889	0.159156
-0.0311833	0.15635
-0.0392528	0.153696
-0.0440963	0.161782
-0.0500569	0.159688
-0.0554208	0.162412
-0.0649276	0.158546
-0.0698585	0.15633
-0.0748831	0.151753
-0.0822609	0.149015
-0.0822964	0.138862
-0.085002	0.136457
-0.0902608	0.136304
-0.0864722	0.135017
-0.0987534	0.141281
-0.0951481	0.146602
-0.0899024	0.157539
-0.0894436	0.14934
-0.0877492	0.144153
-0.103106	0.139545
-0.102215	0.140005
-0.104434	0.143073
-0.107914	0.131437
-0.102175	0.136766
-0.10622	0.122743
-0.122109	0.119945
-0.124844	0.114613
-0.119603	0.113829
-0.128813	0.107039
-0.123128	0.123418
-0.12632	0.11608
-0.113356	0.106145
-0.118379	0.100684
-0.129015	0.107343
-0.12525	0.104874
-0.11424	0.10563
-0.124643	0.102487
-0.127743	0.100992
-0.129199	0.0992827
-0.12997	0.0943549
-0.120005	0.0860007
-0.124522	0.0836748
-0.126822	0.0831117
-0.114398	0.0783656
-0.116668	0.0825663
-0.118537	0.0816718
-0.12243	0.082281
-0.141129	0.086035
-0.14002	0.0826183
-0.150011	0.0760321
-0.150168	0.0712549
-0.160113	0.0697915
-0.147991	0.0703139
-0.147163	0.0652815
-0.148547	0.0656305
-0.148845	0.0699884
-0.148431	0.0711863
-0.159103	0.0560762
-0.153249	0.074455
-0.136915	0.0732838
-0.144132	0.0791772
-0.142675	0.0645765
-0.144897	0.0606
-0.140935	0.0646016
-0.135909	0.0714002
-0.155249	0.0704741
-0.151734	0.0772894
-0.151624	0.072596
-0.149635	0.0691108
-0.148087	0.0695568
-0.156659	0.0524226
-0.162928	0.0503846
-0.159278	0.0517065
-0.157788	0.0546705
-0.155183	0.0549728
-0.178583	0.0566802
-0.175349	0.0497022
-0.176766	0.0429731
-0.195238	0.0577296
-0.187064	0.0512559
-0.182409	0.0461008
-0.192665	0.0361116
-0.18115	0.0373337
-0.177228	0.0343496
-0.16986	0.0351177
-0.159895	0.0373254
-0.160782	0.0377629
-0.158789	0.0374035
-0.155487	0.0370201
-0.154749	0.0352204
-0.158196	0.0357161
-0.14879	0.0403183
-0.149587	0.0484047
-0.159239	0.0483807
-0.151972	0.0483022
-0.15985	0.0384416
-0.155462	0.0633775
-0.132844	0.0654363
-0.153382	0.0666583
-0.166089	0.0516189
-0.166248	0.0558002
-0.164771	0.0654256
-0.162773	0.0670864
-0.170113	0.0733796
-0.166061	0.0764892
-0.166051	0.071113
-0.164521	0.0653475
-0.16105	0.0618629
-0.165037	0.0582133
-0.16211	0.0654038
-0.162986	0.0656319
-0.172335	0.0592164
-0.160607	0.0664747
-0.148897	0.0712051
-0.148958	0.0680908
-0.148938	0.0712963
-0.148632	0.061943
-0.149666	0.0548405
-0.173127	0.0351665
-0.173474	0.0435467
-0.177924	0.0488289
-0.157713	0.0638491
-0.150782	0.0598343
-0.175177	0.0571215
-0.169173	0.0544789
-0.163027	0.0401423
-0.164711	0.0337362
-0.158583	0.0314604
-0.163255	0.0227305
-0.170762	0.0107649
-0.168036	0.0105886
-0.175659	0.0340185
-0.171952	0.032222
-0.159053	0.037793
-0.158116	0.0364166
-0.161435	0.0352387
-0.160576	0.0308193
-0.157712	0.0416555
-0.155447	0.0401243
-0.152456	0.0374822
-0.157504	0.0418536
-0.159259	0.0356459
-0.156668	0.037739
-0.142069	0.0480167
-0.154198	0.0612407
-0.154433	0.0672924
-0.160511	0.0601312
-0.144835	0.0645596
-0.146276	0.0553193
-0.151161	0.0547777
-0.155864	0.0482893
-0.152711	0.0423827
-0.170759	0.0381648
-0.159891	0.0402496
-0.135261	0.0324323
-0.14134	0.039236
-0.157442	0.0342369
-0.146946	0.0133551
-0.14681	0.0100985
-0.148638	0.0108376
-0.15775	0.0087834
-0.154951	0.014537
-0.156159	0.0145696
-0.153046	0.0068962
-0.149639	0.00428315
-0.133136	0.00715955
-0.138078	0.0014055
-0.135005	-0.00269836
-0.13815	-0.00566702
-0.135744	-0.000466478
-0.136771	0.00505306
-0.146337	0.00766876
-0.148535	0.0014174
-0.182311	0.0144031
-0.176802	0.00866499
-0.172026	0.00273547
-0.168642	0.00305971
-0.17177	-0.000845284
-0.175825	-0.00489664
-0.165985	-0.00145237
-0.163909	0.00420927
-0.167965	-0.00150542
-0.166418	-0.00549805
-0.162613	-0.0164023
-0.166775	0.0133727
-0.167992	0.0133038
-0.152944	0.0136118
-0.150269	5.06832e-05
-0.160194	0.00271992
-0.166483	0.00712671
-0.171166	-0.00508037
-0.166856	0.00480636
-0.174315	0.0107138
-0.169192	0.00988955
-0.181493	0.0105356
-0.182558	0.0131177
-0.174029	0.0116637
-0.167908	0.00914725
-0.167743	-0.0066008
-0.165756	-0.00692398
-0.184974	-0.0154476
-0.187037	-0.00645356
-0.178729	-0.0106323
-0.177371	-0.0107199
-0.170434	-0.0107545
-0.16394	-0.00942595
-0.157728	-0.00921113
-0.147935	-0.00557167
-0.159046	0.00344459
-0.150156	0.00965686
-0.146453	0.00888453
-0.15257	0.00784495
-0.152088	0.00771506
-0.154284	-0.00244481
-0.149985	-0.000424743
-0.150219	-0.00318233
-0.154494	-0.00047416
-0.161613	-0.00998009
-0.170231	-0.00353196
-0.176435	-0.00622611
-0.165134	-0.011303
-0.166305	-0.00883884
-0.158165	-0.0151341
-0.159098	-0.0179285
-0.158398	-0.0209193
-0.163646	-0.0239287
-0.165165	-0.0160376
-0.165828	-0.0142143
-0.168785	-0.0144612
-0.165237	-0.0131023
-0.139229	0.00404982
-0.142325	-0.019127
-0.143454	-0.0236549
-0.128133	-0.026739
-0.137864	-0.0221533
-0.14216	-0.0225443
-0.146817	-0.013416
-0.150502	-0.0268921
-0.153545	-0.0344836
-0.168456	-0.0260118
-0.165171	-0.024307
-0.165225	-0.0272057
-0.157175	-0.0231419
-0.14905	-0.0211755
-0.149464	-0.0238665
-0.172845	-0.0327584
-0.170337	-0.0322426
-0.164141	-0.0210366
-0.165958	-0.0264829
-0.163951	-0.025835
-0.162255	-0.0256544
-0.162903	-0.0241789
-0.162133	-0.0268134
-0.16085	-0.0252722
-0.166423	-0.0234127
-0.170699	-0.029725
-0.170156	-0.0249289
-0.166422	-0.024151
-0.164905	-0.0122221
-0.174965	-0.00813496
-0.171455	-0.00932245
-0.161847	-0.0157978
-0.167154	-0.013439
-0.157572	-0.0165816
-0.159803	-0.0139039
-0.15162	-0.0285662
-0.146713	-0.00988549
-0.154941	-0.00226223
-0.149588	-0.00694992
-0.151352	0.0054521
-0.148147	0.00926164
-0.15111	0.005286
-0.151898	0.00141945
-0.12799	-0.024898
-0.128028	-0.0452433
-0.134157	-0.045599
-0.144018	-0.0522726
-0.145656	-0.0517511
-0.125995	-0.0327292
-0.129604	-0.020198
-0.132853	-0.0225075
-0.13795	-0.00473254
-0.143069	-0.00860256
-0.141667	-0.0125075
-0.139976	-0.0243125
-0.141791	-0.00938001
-0.140474	-0.00840611
-0.149218	-0.00853075
-0.143002	-0.00624409
-0.144915	-0.0089832
-0.147699	-0.0138115
-0.150074	-0.0160903
-0.145791	-0.0115129
-0.146697	-0.0240639
-0.136323	-0.0816653
-0.0973226	-0.135282
-0.0727223	-0.145487
-0.0525125	-0.154022
-0.0440971	-0.152532
-0.0297388	-0.166052
-0.0157674	-0.16587
0.00179478	-0.167195
0.00144743	-0.163754
0.0109575	-0.14826
0.0227887	-0.155257
0.0302477	-0.160002
0.0376102	-0.150816
0.0432562	-0.147683
0.0464483	-0.136465
0.0558423	-0.134109
0.0709047	-0.135385
0.0858893	-0.132546
0.0942151	-0.128025
0.0917052	-0.120549
0.109973	-0.124437
0.110674	-0.122239
0.110488	-0.12607
0.116847	-0.12069
0.11909	-0.107851
0.118807	-0.106391
0.130892	-0.108621
0.125574	-0.110424
0.131405	-0.10383
0.1309	-0.101198
0.130681	-0.0990742
0.128849	-0.105377
0.129878	-0.105636
0.124862	-0.0978485
0.136045	-0.0841864
0.136579	-0.0819963
0.134662	-0.0776136
0.148614	-0.0642797
0.145594	-0.0655127
0.147922	-0.070835
0.147282	-0.0763744
0.145119	-0.0774774
0.138729	-0.0587827
0.14191	-0.0704795
0.140691	-0.0676362
0.140009	-0.065886
0.141113	-0.0716585
0.122521	-0.0736985
0.126861	-0.0603369
0.132377	-0.0637367
0.136513	-0.0644513
0.138162	-0.0650929
0.138916	-0.065919
0.14449	-0.0613513
0.14198	-0.0761973
0.138728	-0.0758217
0.129189	-0.0750551
0.13335	-0.0745302
0.134041	-0.0742821
0.135289	-0.0745989
0.125347	-0.0723542
0.129127	-0.0701163
0.124829	-0.0709187
0.127469	-0.0716135
0.133124	-0.0704108
0.135227	-0.0702683
0.13327	-0.0700968
0.130147	-0.067668
0.133218	-0.0682019
0.135209	-0.0679903
0.154367	-0.0771946
0.152501	-0.0719365
0.159355	-0.0760501
0.156947	-0.0715194
0.139583	-0.0742784
0.141339	-0.0808789
0.150939	-0.0842474
0.148742	-0.0817256
0.145415	-0.0819326
0.144396	-0.0799673
0.139684	-0.074895
0.128672	-0.0612636
0.140611	-0.0678713
0.141371	-0.0656452
0.148915	-0.0587235
0.135865	-0.050475
0.151932	-0.0645724
0.150633	-0.0674302
0.144694	-0.074546
0.141321	-0.0911877
0.140271	-0.0825498
0.138187	-0.0951074
0.158205	-0.0905782
0.155008	-0.0876881
0.151833	-0.0849011
0.146402	-0.0866282
0.149742	-0.083727
0.150058	-0.0804744
0.142685	-0.0825924
0.143182	-0.0749705
0.144359	-0.0747038
0.143779	-0.0730257
0.158219	-0.0579774
0.16228	-0.0479609
0.161417	-0.0466191
0.150715	-0.0564727
0.150054	-0.0504336
0.152219	-0.052846
0.139414	-0.0483739
0.129316	-0.0538063
0.133593	-0.0487048
0.134919	-0.0496956
0.128416	-0.0552006
0.131137	-0.0592773
0.134724	-0.0591197
0.121774	-0.0553284
0.130227	-0.0594693
0.134485	-0.060784
0.14375	-0.0580812
0.132753	-0.0553076
0.144863	-0.0638611
0.144961	-0.0615039
0.141216	-0.0534675
0.147941	-0.0492875
0.148696	-0.0440983
0.15877	-0.0510363
0.156838	-0.0511903
0.157707	-0.0497787
0.12843	-0.0419652
0.15013	-0.0535797
0.146155	-0.0617381
0.144711	-0.0706541
0.147365	-0.0792452
0.148156	-0.07107
0.147609	-0.0595606
0.145367	-0.0582021
0.144109	-0.0570228
0.140813	-0.0573488
0.125311	-0.0491637
0.134171	-0.052181
0.138488	-0.0451547
0.129658	-0.0538058
0.137945	-0.0535388
0.132709	-0.0640833
0.134081	-0.0655192
0.141509	-0.0706176
0.143987	-0.0638295
0.144863	-0.0585379
0.144051	-0.0634168
0.142854	-0.0627209
0.137986	-0.0710712
0.140175	-0.0686862
0.140277	-0.0722896
0.140449	-0.0711066
0.149318	-0.0641143
0.152627	-0.0720618
0.155401	-0.0886375
0.160539	-0.0760061
0.15895	-0.071931
0.146112	-0.0545083
0.161751	-0.0488988
0.166445	-0.0407445
0.181605	-0.0338913
0.176163	-0.0415807
0.170939	-0.0328669
0.168744	-0.0398473
0.158569	-0.0412062
0.163593	-0.0390055
0.154396	-0.0365597
0.164525	-0.0467579
0.177002	-0.0408605
0.178922	-0.0400833
0.193062	-0.0556139
0.182504	-0.0506164
0.184908	-0.0420018
0.180842	-0.0408332
0.176976	-0.0411656
0.182995	-0.052631
0.174429	-0.0566599
0.165905	-0.0505118
0.168391	-0.0463632
0.169382	-0.0537767
0.165656	-0.0517211
0.169677	-0.0562102
0.166004	-0.0361414
0.138826	-0.00879178
0.145149	-0.00439979
0.150563	-0.0048163
0.151912	-0.0120418
0.157758	-0.0179963
0.162352	-0.014168
0.156274	-0.0159463
0.155409	-0.0151608
0.145542	-0.0366989
0.146335	-0.0392107
0.164822	-0.0311477
0.158859	-0.011018
0.149077	-0.0160964
0.151861	-0.0235839
0.14399	-0.003366
0.146836	-0.0178506
0.147929	-0.00509397
0.149797	-0.00368138
0.160693	-0.00528477
0.151744	-0.00536544
0.15291	-0.00451222
0.164085	0.00144961
0.159841	0.00203089
0.156976	0.0042033
0.16086	0.0191365
0.164782	0.0170039
0.165955	0.0263161
0.161799	0.0148946
0.163799	0.0231601
0.16003	0.0181234
0.16509	0.00757653
0.160303	0.00782526
0.160161	0.00849872
0.161997	-0.00639137
0.163617	-0.00984485
0.172188	-0.00664524
0.169378	-0.00556888
0.16768	0.000348359
0.16364	0.000181128
0.153772	-0.00516775
0.159449	-0.000612566
0.159152	-0.000404875
0.146924	-0.00764777
0.153275	-0.00278799
0.155768	-0.00554404
0.152671	-0.00149362
0.152714	-0.00745629
0.145914	-0.0117073
0.145273	-0.00924813
0.144016	-0.0107228
0.149954	-0.0119786
0.151732	-0.00285195
0.160533	0.0178897
0.162512	0.0149546
0.172043	0.019661
0.165433	0.0187964
0.165207	0.022893
0.154535	0.0299799
0.163061	0.0310233
0.169689	0.0342287
0.169838	0.0311385
0.172309	0.0315072
0.169835	0.0214916
0.164697	0.0242424
0.162949	0.0229918
0.167687	0.0184069
0.164283	0.0225586
0.158906	0.021575
0.160667	0.023748
0.15943	0.0213153
0.164418	0.0140084
0.160126	0.0275542
0.165609	0.0274103
0.165843	0.0229545
0.154004	0.0384201
0.167802	0.0337278
0.155199	0.0374402
0.155145	0.0358983
0.162283	0.0346186
0.15519	0.0349754
0.15981	0.0223496
0.155037	0.0097831
0.160841	0.00722767
0.176991	0.00411356
0.173166	0.00501111
0.171165	-0.00218462
0.169352	-0.00110552
0.160178	0.00381746
0.151961	0.0177199
0.165159	0.0145256
0.161464	0.0157652
0.162345	0.00764513
0.160404	0.0135714
0.152586	0.0156878
0.155612	0.0183513
0.157672	0.0233398
0.149246	0.0143286
0.138457	0.0185813
0.143114	0.0191863
0.146004	0.0193376
0.158502	0.00984823
0.158554	0.00626607
0.155938	-0.011433
0.156882	-0.0140623
0.148085	-0.0215074
0.145038	-0.0098395
0.136598	-0.0142997
0.142657	-0.0103215
0.138389	-0.0271142
0.139221	-0.0220103
0.14492	-0.0252042
0.142177	-0.0206907
0.145917	-0.0205992
0.148161	-0.0191403
0.150348	-0.00595897
0.162931	-0.00714836
0.14722	-0.00477176
0.15016	-0.00856436
0.149243	-0.000970802
0.151735	0.00260498
0.16078	0.00356703
0.175858	-0.00928972
0.164374	-0.0125271
0.164188	-0.014006
0.163217	-0.0128511
0.16125	-0.00991856
0.166237	-0.0102868
0.16561	-0.012373
0.161463	-0.0128584
0.162581	-0.0125692
0.17285	-0.015349
0.155382	-0.0125619
0.157891	-0.00284809
0.163168	-0.0042666
0.159556	0.00187681
0.15886	0.00445501
0.155267	-0.00103659
0.156353	-0.000403962
0.140499	-0.0119309
0.154206	-0.0168406
0.15498	-0.0153617
0.157029	-0.0209479
0.145509	-0.0243917
0.137638	-0.00105825
0.146326	-0.000609227
0.144229	-0.0052979
0.151142	-0.00132267
0.152658	-0.0020384
0.154074	0.000483108
0.161741	-0.00577044
0.169827	-0.00167494
0.179028	0.0109978
0.174662	0.0110372
0.177317	0.0104904
0.173785	0.0103405
0.170027	0.00988464
0.161579	0.00494873
0.164544	-0.00340274
0.182628	-0.00371934
0.192087	-0.00314625
0.18625	-0.00287622
0.173311	-0.00507606
0.177896	-0.0122135
0.182172	-0.011602
0.187139	0.0147601
0.173709	0.0183206
0.16553	0.020592
0.165067	0.0122449
0.16259	0.0124017
0.162945	0.0132454
0.161417	0.017418
0.150401	0.0300382
0.154923	0.0351761
0.156957	0.0382725
0.169	0.0523675
0.164001	0.0538038
0.163414	0.0503368
0.166662	0.0514683
0.163847	0.0491746
0.163632	0.0497239
0.159344	0.0637374
0.1577	0.0609242
0.154275	0.0683581
0.162089	0.0555889
0.177384	0.0584338
0.172884	0.0553094
0.166354	0.0525397
0.154695	0.0495082
0.170534	0.0490051
0.171341	0.0475944
0.171242	0.0470521
0.16674	0.0447114
0.168969	0.0345634
0.164495	0.0360437
0.162245	0.0283914
0.154554	0.0198547
0.152263	0.0235421
0.153964	0.0308064
0.162293	0.0392723
0.150704	0.0246321
0.15692	0.0282772
0.154035	0.0290128
0.15678	0.0243413
0.157709	0.0224018
0.154527	0.0148704
0.157739	0.0224349
0.155191	0.0179117
0.151929	0.0222211
0.155259	0.0233764
0.153803	0.0282419
0.149971	0.0467025
0.154395	0.0487399
0.142474	0.0488143
0.142727	0.0510975
0.146089	0.0488388
0.13655	0.0381064
0.139336	0.0416349
0.141679	0.0427094
0.1442	0.0408609
0.145567	0.0407696
0.14947	0.0430894
0.157789	0.0552017
0.159772	0.0516269
0.157443	0.0489542
0.152938	0.0637998
0.154797	0.0635301
0.148268	0.0575323
0.144099	0.0541136
0.144267	0.0636752
0.143467	0.0646285
0.14488	0.0615177
0.155935	0.0558792
0.172062	0.0532483
0.165859	0.0589866
0.16617	0.0528375
0.155666	0.0447678
0.152902	0.043963
0.16223	0.0396136
0.16335	0.0430532
0.173305	0.0399268
0.16718	0.0366871
0.167306	0.0361101
0.163083	0.0420431
0.157696	0.0324567
0.163541	0.0348218
0.161567	0.035524
0.143678	0.0344238
0.145461	0.0350592
0.145065	0.0410431
0.142876	0.0417149
0.15093	0.045207
0.151156	0.0437946
0.16269	0.0552145
0.165938	0.0520405
0.153512	0.055565
0.161167	0.0569597
0.156606	0.0558631
0.155133	0.0552698
0.151074	0.0388416
0.151067	0.0404769
0.150408	0.0410278
0.152072	0.0394045
0.150996	0.0417769
0.148075	0.0471858
0.147184	0.0445577
0.145268	0.0452426
0.143029	0.0364774
0.154576	0.0284493
0.148342	0.0260017
0.164903	0.0268972
0.165757	0.033355
0.164322	0.0306279
0.169226	0.0278299
0.165505	0.0280967
0.161722	0.0270103
0.160725	0.0284212
0.155998	0.0286235
0.153733	0.027448
0.170431	0.0297431
0.169144	0.0299305
0.170992	0.0279728
0.182577	0.024294
0.17659	0.0320142
0.171721	0.0346225
0.182051	0.0291661
0.181844	0.0292016
0.177727	0.0331475
0.165498	0.0216406
0.167426	0.0159067
0.160535	0.0184747
0.162686	0.020152
0.15639	0.0211619
0.175016	0.02442
0.157438	0.018414
0.155121	0.0197403
0.146117	0.0274851
0.154521	0.0425443
0.150372	0.0442931
0.153434	0.0552085
0.157185	0.0616449
0.167712	0.0625618
0.164976	0.0631817
0.162856	0.060275
0.164483	0.0606041
0.158493	0.0546535
0.162548	0.0486603
0.168091	0.0538346
0.163761	0.048653
0.160802	0.0475628
0.162105	0.0406243
0.151928	0.0298362
0.141299	0.0304888
0.146858	0.0286236
0.151563	0.0163133
0.152899	0.0183919
0.142563	0.0208523
0.141005	0.0215997
0.136202	0.00802308
0.145357	0.0109633
0.149343	0.010381
0.118118	-0.00823946
0.127632	-0.00791198
0.131424	-0.00676959
0.140373	-0.00382159
0.131474	0.0117185
0.131988	0.027875
0.132415	0.0200953
0.136851	0.0213962
0.146156	0.018785
0.154428	0.0195078
0.160109	0.0219498
0.161892	0.0312594
0.152372	0.0298558
0.145931	0.0269109
0.15014	0.0239991
0.139118	0.0246477
0.145697	0.0397724
0.148698	0.0393276
0.15441	0.0428244
0.154242	0.0485964
0.158848	0.0471981
0.162751	0.0535746
0.149033	0.0591869
0.149034	0.0595276
0.148336	0.0585522
0.151695	0.0639763
0.158665	0.0646268
0.15557	0.0544791
0.160098	0.0638169
0.153503	0.0689896
0.151903	0.0693297
0.140652	0.0718907
0.135782	0.0658529
0.139347	0.0660534
0.135319	0.0726564
0.12734	0.0672101
0.129956	0.0732549
0.127428	0.0763175
0.126202	0.0678896
0.127144	0.0668948
0.127661	0.0749023
0.120003	0.0630835
0.126115	0.0687888
0.132183	0.0756106
0.133212	0.0758036
0.131444	0.0725564
0.12859	0.048427
0.13776	0.0395591
0.142144	0.0466277
0.1467	0.0477526
0.152686	0.0574984
0.150485	0.0563889
0.148987	0.0552748
0.150683	0.0479999
0.144177	0.0367923
0.149701	0.0419861
0.16811	0.0622251
0.163502	0.0530695
0.16351	0.0606907
0.174775	0.075323
0.167155	0.070374
0.155433	0.0731875
0.152647	0.0720811
0.151181	0.0751866
0.165146	0.0952176
0.147621	0.0898994
0.160029	0.0526983
-0.132267	0.970358
-0.113626	0.807443
-0.0970533	0.675749
-0.0612765	0.578032
-0.0316161	0.484902
-0.00925736	0.416315
0.00873605	0.362439
0.0224628	0.318702
0.0310923	0.27188
0.0387411	0.246884
0.041196	0.222303
0.0409432	0.198459
0.0452402	0.193247
0.0396218	0.186232
0.0387698	0.172787
0.0387758	0.155743
0.0352092	0.15069
0.032398	0.152081
0.0324607	0.149089
0.0152392	0.152525
0.0182016	0.153543
0.0094673	0.155443
0.00370094	0.151362
-0.0106125	0.160529
-0.00905092	0.160782
-0.00629353	0.145783
-0.00994023	0.153741
-0.0152779	0.171151
-0.0113124	0.177213
-0.0160725	0.160976
-0.016544	0.161968
-0.019077	0.153729
-0.0113236	0.157967
-0.00977491	0.156355
-0.0109258	0.156327
-0.0117607	0.155195
-0.0247631	0.163007
-0.0330688	0.14098
-0.0340433	0.150621
-0.0370821	0.152023
-0.0373171	0.151492
-0.0328902	0.169892
-0.0136484	0.170146
0.00674684	0.177841
0.0167972	0.178975
0.0145434	0.18101
0.0227658	0.173804
0.0296616	0.167397
0.0403337	0.158059
0.0387511	0.15253
0.0296277	0.148081
0.0229519	0.156263
0.0160711	0.148834
0.0131858	0.157277
0.00913217	0.159808
0.0151054	0.157576
0.0202726	0.159111
0.0289291	0.151254
0.0216686	0.15249
0.0247267	0.143053
0.0211376	0.133799
0.0188366	0.139136
0.014485	0.152624
0.00315386	0.147814
0.00530628	0.151005
0.00297915	0.149262
-0.00464057	0.152888
-0.0028342	0.149802
-0.00668956	0.153434
-0.00122139	0.151855
0.00446874	0.142474
-0.00232709	0.132396
-0.0118058	0.141339
-0.00598449	0.152748
-0.0012247	0.14357
-0.0188126	0.146902
-0.00396517	0.142661
0.00382664	0.154706
-0.00649023	0.17304
-0.0191395	0.179981
-0.0202895	0.175133
-0.0114476	0.188707
-0.0146626	0.181682
-0.0151169	0.175841
0.00521936	0.165928
0.00177216	0.159078
0.00237989	0.15548
0.00540845	0.164067
-0.00189665	0.18083
-0.00380429	0.177484
-0.00866974	0.173485
-0.0108533	0.169709
-0.00192266	0.176345
-0.00475137	0.170831
-0.0110759	0.170418
-0.0113564	0.176977
-0.0205317	0.182523
-0.0185245	0.173668
-0.019834	0.170106
-0.0224805	0.166436
-0.0236021	0.164276
-0.0229864	0.160059
-0.0308764	0.15131
-0.0264656	0.1514
-0.0210372	0.148017
-0.00437536	0.152177
0.010229	0.171054
0.0187308	0.165404
0.00985777	0.157568
0.0149372	0.166848
0.0141147	0.165973
0.00842277	0.162803
0.0204424	0.168034
0.0132973	0.171109
-0.00717774	0.169977
-0.00958357	0.188996
-0.0138532	0.167949
-0.0197896	0.17928
-0.0127572	0.182584
-0.00889997	0.173384
-0.0102768	0.17028
-0.0128027	0.159962
-0.00338937	0.16133
0.008456	0.162125
0.0100837	0.147789
0.0045902	0.150944
0.000435384	0.174443
-0.00416259	0.169955
-0.00564024	0.167675
-0.000932777	0.173494
-0.00241502	0.170362
-0.0209801	0.172105
-0.0138109	0.171473
0.0047233	0.156233
0.0147648	0.160139
0.0228201	0.158585
0.018606	0.15516
0.0276391	0.150845
0.018812	0.159972
0.0104599	0.158688
0.0164464	0.159116
0.0115613	0.160941
0.0126844	0.142328
-0.000485354	0.135807
-0.0145839	0.149284
-0.00382026	0.147115
-0.00831172	0.13853
-0.0132704	0.142777
-0.0139029	0.146678
-0.00521889	0.168651
-0.00578772	0.166933
-0.000798872	0.162666
-0.00408318	0.162062
-0.00168538	0.161029
-0.00165188	0.160814
-0.00160811	0.159849
-0.013226	0.172821
-0.0136636	0.172324
-0.0083197	0.173983
0.00876598	0.171319
0.00147263	0.162169
-0.0101076	0.169936
-0.014015	0.167243
-0.00678247	0.153317
0.0171158	0.156033
0.0165999	0.142082
0.000266184	0.158022
-0.02966	0.158387
-0.0589129	0.154953
-0.0840438	0.142408
-0.0924714	0.13925
-0.0939626	0.134541
-0.10475	0.131401
-0.114589	0.115122
-0.108816	0.099587
-0.116042	0.101018
-0.125304	0.104304
-0.136311	0.0990848
-0.138894	0.103953
-0.126294	0.0961313
-0.129423	0.0922572
-0.123039	0.0912873
-0.122723	0.0802627
-0.131971	0.0845505
-0.131008	0.0735434
-0.122018	0.0812582
-0.125663	0.078576
-0.136997	0.0733135
-0.139961	0.0665057
-0.135231	0.0755512
-0.136288	0.0713295
-0.126233	0.058427
-0.127289	0.0734149
-0.126319	0.0628769
-0.11507	0.0678781
-0.123105	0.0718982
-0.126795	0.0568022
-0.137904	0.0544909
-0.14063	0.0503291
-0.13494	0.0539682
-0.13813	0.0519731
-0.140294	0.0509071
-0.142762	0.0487351
-0.136365	0.0488664
-0.137625	0.0310528
-0.141986	0.0294526
-0.147487	0.0366345
-0.148628	0.0345557
-0.146007	0.0357369
-0.142181	0.0370368
-0.143265	0.0365985
-0.150204	0.0471784
-0.152488	0.0452025
-0.152106	0.0452804
-0.140291	0.0419698
-0.115305	0.047593
-0.121418	0.047588
-0.124914	0.0494309
-0.11733	0.0428313
-0.136272	0.0501943
-0.128465	0.0430369
-0.134585	0.0428499
-0.138922	0.039014
-0.135161	0.0376979
-0.141564	0.0273684
-0.139775	0.030756
-0.142881	0.0191628
-0.147184	0.0242103
-0.14848	0.0238257
-0.162733	0.010164
-0.160484	-0.0171418
-0.154009	-0.0144672
-0.15717	-0.0104225
-0.170898	-0.0112635
-0.175306	-0.0119472
-0.175032	-0.0041599
-0.169681	-0.00399966
-0.177469	0.00521824
-0.185695	0.0106464
-0.178084	0.010454
-0.174062	0.00948055
-0.143393	0.00797959
-0.151133	0.00529472
-0.152945	-0.0008715
-0.14924	0.00404196
-0.153709	0.00611571
-0.154107	0.00531491
-0.165573	0.0162608
-0.163816	0.0172824
-0.163635	0.0212534
-0.159205	0.0237689
-0.162274	0.0311498
-0.169252	0.0270804
-0.155777	0.0300431
-0.153205	0.0376993
-0.157193	0.0404638
-0.156697	0.0502514
-0.15002	0.0440966
-0.152174	0.0424003
-0.149512	0.0450605
-0.155019	0.0483241
-0.148775	0.046847
-0.139677	0.049244
-0.138851	0.0518991
-0.139176	0.0500286
-0.140243	0.0525643
-0.145604	0.0386349
-0.145457	0.0389787
-0.142052	0.0392416
-0.150215	0.0427497
-0.150069	0.0375096
-0.142482	0.0447137
-0.161164	0.0447779
-0.160024	0.0378708
-0.150621	0.0446084
-0.153576	0.0473857
-0.159013	0.0410376
-0.155809	0.0399515
-0.160763	0.0430636
-0.163739	0.0394265
-0.161363	0.0352762
-0.16339	0.0446785
-0.169255	0.0630224
-0.16455	0.0582254
-0.176463	0.0520139
-0.160771	0.0553155
-0.14855	0.0580635
-0.153597	0.0494276
-0.145534	0.0458304
-0.139462	0.0463432
-0.134271	0.0332829
-0.154665	0.0365512
-0.155559	0.0317055
-0.149611	0.0242976
-0.147677	0.0239387
-0.158703	0.0199998
-0.150374	0.0202899
-0.152208	0.013908
-0.152525	0.0127575
-0.166606	0.0109205
-0.17184	0.00281709
-0.168128	-0.00303251
-0.166263	-0.00438154
-0.168484	-0.00783543
-0.163112	0.00632024
-0.161693	0.00146364
-0.156506	-5.20065e-05
-0.159287	-0.00986847
-0.16332	-0.0197387
-0.15992	-0.0174215
-0.16006	-0.0201176
-0.155854	-0.0196944
-0.170122	-0.0249638
-0.167477	-0.0256477
-0.160791	-0.0324831
-0.156814	-0.0435209
-0.155244	-0.0459145
-0.161059	-0.0510136
-0.160466	-0.0482622
-0.157761	-0.0474717
-0.153866	-0.0303322
-0.153226	-0.0325229
-0.148816	-0.0361109
-0.147521	-0.0365562
-0.151009	-0.0385167
-0.158831	-0.0289706
-0.156182	-0.0302785
-0.173694	-0.0391259
-0.170491	-0.022538
-0.174921	-0.0336082
-0.170476	-0.034875
-0.153716	-0.0233548
-0.152088	-0.0342072
-0.153422	-0.0351887
-0.154077	-0.0340648
-0.164498	-0.0285377
-0.168911	-0.0321433
-0.154473	-0.0338726
-0.14887	-0.0312047
-0.147746	-0.0358077
-0.150178	-0.0460619
-0.148654	-0.0514932
-0.147036	-0.0503296
-0.148895	-0.0504018
-0.142272	-0.0562133
-0.176715	-0.040849
-0.168116	-0.043053
-0.165173	-0.0444596
-0.185452	-0.0579781
-0.172032	-0.0774501
-0.170339	-0.0623315
-0.166443	-0.0540628
-0.163794	-0.0572914
-0.162843	-0.0730703
-0.158652	-0.0720711
-0.175481	-0.0758334
-0.171109	-0.0665308
-0.149496	-0.057949
-0.159226	-0.0707215
-0.150486	-0.0614756
-0.150962	-0.0693245
-0.168993	-0.0696821
-0.164486	-0.0692093
-0.164182	-0.0627262
-0.158404	-0.062191
-0.160569	-0.0576873
-0.152418	-0.0513649
-0.132368	-0.0460066
-0.129126	-0.0526079
-0.149791	-0.0734481
-0.148298	-0.0716406
-0.148461	-0.0725457
-0.160863	-0.0786371
-0.144791	-0.103416
-0.141974	-0.0996638
-0.142306	-0.0968159
-0.147928	-0.0933171
-0.150375	-0.0843978
-0.145651	-0.0738268
-0.145616	-0.0721727
-0.144299	-0.0721206
-0.147139	-0.0630947
-0.151781	-0.0508603
-0.153365	-0.0502836
-0.15438	-0.0302117
-0.153637	-0.0349941
-0.149403	-0.0263521
-0.150191	-0.028684
-0.14474	-0.029195
-0.149739	-0.0187629
-0.144763	-0.0159753
-0.146271	-0.0220362
-0.149595	-0.018968
-0.144108	-0.0233528
-0.138396	-0.0251602
-0.150194	-0.0312505
-0.15784	-0.0403658
-0.16421	-0.0415522
-0.158708	-0.0396247
-0.15394	-0.0390004
-0.162284	-0.0390278
-0.160316	-0.0412038
-0.155747	-0.0410144
-0.153918	-0.0439682
-0.152994	-0.0504015
-0.168614	-0.0475383
-0.165034	-0.048331
-0.166696	-0.046646
-0.162423	-0.0479612
-0.159876	-0.0487654
-0.161146	-0.0566361
-0.151686	-0.0479455
-0.159556	-0.0522622
-0.179873	-0.0455459
-0.174996	-0.0535039
-0.159959	-0.0361431
-0.156189	-0.0329627
-0.159515	-0.0400838
-0.155633	-0.0350085
-0.146837	-0.0312161
-0.149916	-0.0399987
-0.150418	-0.0424639
-0.150073	-0.0456596
-0.150469	-0.0495764
-0.149813	-0.0511527
-0.148086	-0.0524005
-0.147549	-0.0539993
-0.145931	-0.0511064
-0.141833	-0.0653933
-0.136077	-0.0705657
-0.133191	-0.0861004
-0.132543	-0.0772365
-0.13538	-0.0768124
-0.133449	-0.062426
-0.133908	-0.0630729
-0.131463	-0.0348718
-0.13294	-0.0428632
-0.137771	-0.0433349
-0.154773	-0.046534
-0.154159	-0.0501442
-0.148671	-0.062826
-0.147785	-0.0646593
-0.132883	-0.0754755
-0.118603	-0.0726326
-0.121886	-0.0767201
-0.127939	-0.091864
-0.11281	-0.0964284
-0.120094	-0.096299
-0.120756	-0.0944062
-0.118351	-0.0958852
-0.125781	-0.0966073
-0.127226	-0.0957492
-0.130619	-0.0962418
-0.130205	-0.0955364
-0.124167	-0.0925419
-0.137155	-0.104102
-0.127812	-0.0991084
-0.12862	-0.0985839
-0.130043	-0.0984047
-0.128279	-0.0963191
-0.125272	-0.111615
-0.141052	-0.113518
-0.139176	-0.107912
-0.133022	-0.098882
-0.137615	-0.0950352
-0.142747	-0.094466
-0.141636	-0.091489
-0.148401	-0.104827
-0.151851	-0.0966585
-0.14559	-0.0967474
-0.142368	-0.0881709
-0.138598	-0.0861842
-0.139234	-0.0743331
-0.135883	-0.0755792
-0.138989	-0.0722582
-0.124792	-0.0680996
-0.141157	-0.0813921
-0.14079	-0.080484
-0.129021	-0.0779574
-0.119343	-0.0780559
-0.122154	-0.0778247
-0.145504	-0.066828
-0.157822	-0.0788704
-0.155474	-0.0815719
-0.151292	-0.0799842
-0.150748	-0.0769385
-0.148325	-0.0753328
-0.163927	-0.080048
-0.154729	-0.0849947
-0.160127	-0.0961785
-0.148809	-0.0877776
-0.152955	-0.0841077
-0.157823	-0.0864714
-0.152633	-0.0822739
-0.162191	-0.0747719
-0.17132	-0.0568927
-0.168037	-0.067743
-0.154328	-0.0517148
-0.145987	-0.0501961
-0.143176	-0.0528936
-0.149459	-0.0506333
-0.144511	-0.0458364
-0.128423	-0.0366365
-0.147939	-0.0313744
-0.157548	-0.0410371
-0.161879	-0.0352387
-0.160422	-0.0350193
-0.158835	-0.0356365
-0.150755	-0.0368885
-0.142135	-0.0393109
-0.137737	-0.0465814
-0.15802	-0.0508634
-0.161158	-0.0522505
-0.160736	-0.0483551
-0.156207	-0.0462855
-0.154691	-0.050829
-0.147073	-0.0559032
-0.159851	-0.0599459
-0.157403	-0.057306
-0.153134	-0.0719079
-0.146553	-0.0612446
-0.142044	-0.0688534
-0.148912	-0.0894525
-0.130458	-0.0801431
-0.132204	-0.0740979
-0.142333	-0.0741953
-0.132871	-0.0722426
-0.130556	-0.0750909
-0.138965	-0.0715208
-0.13907	-0.0710624
-0.131995	-0.0713054
-0.137957	-0.0723714
-0.138634	-0.074103
-0.140605	-0.0717938
-0.14457	-0.0725916
-0.143695	-0.0601663
-0.143012	-0.0614902
-0.145757	-0.0593523
-0.127873	-0.0644254
-0.13379	-0.0641966
-0.132256	-0.0646461
-0.145569	-0.0632018
-0.156962	-0.0563926
-0.141135	-0.049182
-0.147884	-0.0476523
-0.146854	-0.0502218
-0.141949	-0.0470697
-0.144328	-0.0426687
-0.164355	-0.0499213
-0.160098	-0.0465433
-0.15794	-0.0430201
-0.15201	-0.0358464
-0.154312	-0.0333714
-0.157328	-0.0177278
-0.14607	-0.0241622
-0.146763	-0.0384058
-0.148483	-0.0347315
-0.138046	-0.0303819
-0.145621	-0.0387174
-0.15695	-0.0373913
-0.155426	-0.0351509
-0.149837	-0.0383077
-0.156369	-0.0378776
-0.156969	-0.0431954
-0.1483	-0.0430968
-0.150497	-0.0407245
-0.153621	-0.0328317
-0.154851	-0.0312699
-0.155835	-0.0317619
-0.150492	-0.0272438
-0.153619	-0.0335194
-0.150959	-0.0278399
-0.167041	-0.0254544
-0.164144	-0.0214187
-0.164298	-0.0200376
-0.183439	-0.0273938
-0.177391	-0.0241411
-0.172983	-0.0218083
-0.169715	-0.0206075
-0.175801	-0.0264984
-0.169867	-0.0273247
-0.158355	-0.0199046
-0.160188	-0.0185137
-0.150843	-0.00998237
-0.15785	-0.003932
-0.157303	-3.86113e-05
-0.157233	0.00421026
-0.154476	0.00331844
-0.160687	-0.00383082
-0.182841	0.00097804
-0.179658	0.00213935
-0.173925	0.00227525
-0.186163	0.000240143
-0.181623	-0.00142721
-0.176755	-0.00167419
-0.173451	-0.00058616
-0.165938	0.00320588
-0.165094	0.00245306
-0.155339	-0.0103419
-0.159949	0.00127824
-0.160023	7.50768e-05
-0.149647	-0.00595975
-0.151425	-0.00641714
-0.150482	0.00076179
-0.143944	-0.00782481
-0.144839	-0.0131638
-0.152404	-0.0115786
-0.147404	-0.0069065
-0.1474	-0.0139886
-0.147195	-0.0172213
-0.150775	-0.0232048
-0.156829	-0.0204342
-0.146506	-0.0194308
-0.153321	-0.0267898
-0.159868	-0.0400549
-0.150252	-0.0266503
-0.149542	-0.0337097
-0.151061	-0.0111257
-0.149267	-0.012368
-0.150105	-0.0113714
-0.135099	-0.0107541
-0.137056	-0.013685
-0.144144	-0.0216866
-0.141819	-0.024861
-0.139387	-0.0270447
-0.13203	-0.0277437
-0.149546	-0.0217477
-0.134401	-0.0277537
-0.129973	-0.0352401
-0.136327	-0.0335942
-0.138895	-0.0454529
-0.137399	-0.050666
-0.129079	-0.0615544
-0.130476	-0.0643218
-0.117144	-0.0719689
-0.121954	-0.0803306
-0.113711	-0.0909964
-0.11346	-0.0945554
-0.114104	-0.0974717
-0.124755	-0.110973
-0.127309	-0.109746
-0.124911	-0.110203
-0.125886	-0.115334
-0.122187	-0.114283
-0.120142	-0.114488
-0.0854532	-0.114948
-0.0843057	-0.10934
-0.0918342	-0.111831
-0.0919761	-0.116052
-0.0942786	-0.116934
-0.0944767	-0.108205
-0.088713	-0.116122
-0.0886699	-0.11886
-0.0885435	-0.10797
-0.0943629	-0.093487
-0.0929522	-0.0911843
-0.0947509	-0.0970828
-0.0921646	-0.0876417
-0.0898711	-0.086639
-0.0955632	-0.0945404
-0.09644	-0.116486
-0.104569	-0.104687
-0.0966353	-0.105094
-0.0976481	-0.113314
-0.0972102	-0.114072
-0.0898914	-0.116885
-0.0719659	-0.120411
-0.0708165	-0.133661
-0.0708037	-0.138186
-0.0739901	-0.14838
-0.0729129	-0.146978
-0.0861986	-0.146662
-0.0910787	-0.150533
-0.0890208	-0.161842
-0.0882396	-0.164972
-0.0765218	-0.155868
-0.067279	-0.152482
-0.0853866	-0.147866
-0.0820036	-0.151999
-0.0758622	-0.160004
-0.0741468	-0.156446
-0.0761096	-0.155357
-0.0707578	-0.151507
-0.0741769	-0.159509
-0.0698704	-0.165257
-0.0570517	-0.174098
-0.0554097	-0.168645
-0.0581934	-0.172577
-0.0570871	-0.167794
-0.0555636	-0.164916
-0.0566883	-0.159756
-0.049724	-0.156785
-0.0463439	-0.154357
-0.0433157	-0.162123
-0.0443856	-0.160812
-0.0409534	-0.161217
-0.0385261	-0.154475
-0.0381035	-0.167983
-0.0377584	-0.164374
-0.0350336	-0.158682
-0.0490814	-0.150984
-0.0389446	-0.146474
-0.0396614	-0.148619
-0.0372226	-0.151267
-0.0460215	-0.142225
-0.0524406	-0.140924
-0.0537774	-0.142075
-0.0588179	-0.135861
-0.0551731	-0.140189
-0.058445	-0.13934
-0.0572633	-0.129171
-0.0655553	-0.116713
-0.060159	-0.129789
-0.0618859	-0.132759
-0.0631398	-0.134761
-0.0632505	-0.129084
-0.0724619	-0.129595
-0.0809505	-0.135144
-0.0885269	-0.137228
-0.0868307	-0.14944
-0.0778636	-0.152438
-0.0663995	-0.150159
-0.0674556	-0.145197
-0.0642024	-0.142047
-0.064118	-0.146286
-0.0609834	-0.150179
-0.0613853	-0.151764
-0.0670841	-0.158415
-0.0627052	-0.153751
-0.0624931	-0.138841
-0.0592867	-0.12733
-0.0661855	-0.130202
-0.0682418	-0.129786
-0.0730349	-0.138845
-0.0865502	-0.138733
-0.0824081	-0.143474
-0.085177	-0.15984
-0.0841133	-0.156415
-0.0798981	-0.155828
-0.0738815	-0.152385
-0.0547486	-0.146827
-0.0567731	-0.148504
-0.0717543	-0.150204
-0.0717762	-0.149687
-0.0795237	-0.156639
-0.0840721	-0.162942
-0.0808686	-0.158245
-0.0809147	-0.155713
-0.0785109	-0.153197
-0.0710966	-0.149869
-0.0630378	-0.139068
-0.0608809	-0.142747
-0.0730048	-0.145892
-0.0732968	-0.149493
-0.0639195	-0.1496
-0.0590003	-0.153172
-0.0554976	-0.146414
-0.0665127	-0.149196
-0.0571348	-0.14373
-0.0336533	-0.128417
-0.0359727	-0.13704
-0.0422755	-0.145305
-0.053411	-0.1442
-0.0504734	-0.132079
-0.0503615	-0.129028
-0.0530416	-0.143414
-0.0708616	-0.152095
-0.052621	-0.140995
-0.0529782	-0.142952
-0.0647931	-0.154458
-0.0747051	-0.152632
-0.0687965	-0.152499
-0.0487353	-0.149338
-0.0499399	-0.148481
-0.0325974	-0.142411
-0.0267444	-0.146873
-0.0290651	-0.145286
-0.0306216	-0.144977
-0.0331048	-0.150701
-0.0384665	-0.154152
-0.0485396	-0.15945
-0.0448866	-0.157769
-0.0457783	-0.156601
-0.0333297	-0.151842
-0.0347519	-0.152088
-0.0359017	-0.159017
-0.0381051	-0.160511
-0.0477741	-0.169799
-0.0662115	-0.172161
-0.0614707	-0.183572
-0.0682073	-0.174994
-0.0666045	-0.169669
-0.0660766	-0.165142
-0.0652144	-0.162793
-0.0679038	-0.162205
-0.0615124	-0.158258
-0.06951	-0.151588
-0.0703339	-0.148952
-0.0658239	-0.136844
-0.0519999	-0.155685
-0.061233	-0.1506
-0.0621368	-0.149413
-0.0624876	-0.146686
-0.0820265	-0.143443
-0.0801795	-0.1444
-0.0802479	-0.143483
-0.0769581	-0.154884
-0.071132	-0.154905
-0.0778035	-0.152109
-0.094184	-0.157345
-0.0839087	-0.14524
-0.0846052	-0.139819
-0.0833334	-0.140876
-0.0813199	-0.137701
-0.0789629	-0.13876
-0.0733383	-0.135898
-0.0693896	-0.137853
-0.0686005	-0.138286
-0.0655985	-0.143388
-0.0642013	-0.155433
-0.0762954	-0.137828
-0.0761682	-0.138389
-0.0998325	-0.120725
-0.0969464	-0.118933
-0.101747	-0.120285
-0.113544	-0.131357
-0.0989406	-0.13255
-0.100108	-0.134701
-0.0939408	-0.139864
-0.104285	-0.115238
-0.105172	-0.116244
-0.102407	-0.10975
-0.0941148	-0.128229
-0.0907738	-0.129036
-0.0899895	-0.129457
-0.0945429	-0.13892
-0.0941736	-0.129362
-0.107929	-0.124608
-0.10835	-0.12655
-0.104337	-0.126922
-0.0950197	-0.135745
-0.0938217	-0.127141
-0.0982138	-0.125443
-0.0966652	-0.125292
-0.0956898	-0.125885
-0.0969473	-0.138672
-0.0950292	-0.135148
-0.0970774	-0.136896
-0.0950807	-0.153639
-0.0838531	-0.149813
-0.0846813	-0.154209
-0.076893	-0.159854
-0.07346	-0.160406
-0.0753627	-0.155651
-0.0806317	-0.159985
-0.0732403	-0.150654
-0.0773449	-0.146268
-0.0772649	-0.145458
-0.0767207	-0.14044
-0.0591443	-0.145311
-0.062444	-0.143418
-0.0701642	-0.125253
-0.0678615	-0.129059
-0.0652605	-0.136558
-0.0661756	-0.137585
-0.0686381	-0.133205
-0.0655422	-0.1412
-0.0722618	-0.146557
-0.0704307	-0.166938
-0.0836076	-0.180378
-0.0719777	-0.169163
-0.0672334	-0.16212
-0.0613475	-0.163481
-0.0526006	-0.159288
-0.0614058	-0.158781
-0.062374	-0.156845
-0.0600424	-0.154695
-0.068187	-0.131378
-0.0692545	-0.133441
-0.0701032	-0.127983
-0.0730963	-0.126704
-0.073894	-0.127897
-0.0881006	-0.134309
-0.0895821	-0.132531
-0.0976786	-0.134519
-0.110538	-0.132375
-0.127508	-0.12087
-0.123399	-0.120415
-0.108816	-0.130594
-0.106869	-0.129413
-0.1078	-0.128613
-0.0920685	-0.117255
-0.0919581	-0.122551
-0.0917765	-0.126584
-0.0845819	-0.134424
-0.0825442	-0.134335
-0.0745943	-0.13911
-0.0498515	-0.138782
-0.0508754	-0.141384
-0.0565393	-0.145942
-0.0649218	-0.153394
-0.0601549	-0.153776
-0.0603767	-0.153905
-0.0609918	-0.153881
-0.0663405	-0.154918
-0.0713938	-0.142888
-0.0744719	-0.152883
-0.0680178	-0.13895
-0.072577	-0.141457
-0.0656418	-0.143973
-0.0664271	-0.138405
-0.0658151	-0.138443
-0.0662348	-0.137628
-0.0719019	-0.148145
-0.0871926	-0.146969
-0.0831076	-0.1409
-0.0821395	-0.138409
-0.0898399	-0.131932
-0.107585	-0.135583
-0.106859	-0.132293
-0.104736	-0.125502
-0.0987717	-0.115177
-0.0929016	-0.108048
-0.103186	-0.116826
-0.104962	-0.118047
-0.08563	-0.123817
-0.0909394	-0.122977
-0.108966	-0.112724
-0.111511	-0.111082
-0.103433	-0.103082
-0.109778	-0.0997913
-0.12775	-0.0857504
-0.147914	-0.0691906
-0.161271	-0.0679353
-0.169267	-0.056816
-0.18225	-0.0407463
-0.19414	0.0196814
-0.187361	0.0586944
-0.156405	0.0939436
-0.13077	0.130254
-0.107769	0.16384
-0.0708462	0.177097
-0.0270827	0.182433
0.0083295	0.181865
0.0437219	0.150657
0.0678605	0.142879
0.0894765	0.130997
0.110222	0.115864
0.133654	0.0981408
0.145815	0.0682881
0.170207	0.00924726
0.160454	0.130412
0.16183	0.12111
0.16292	0.109574
0.156143	0.110741
0.15924	0.1119
0.143317	0.109465
0.137919	0.105378
0.127602	0.0970768
0.136605	0.0858054
0.141461	0.0759664
0.143144	0.0750773
0.142631	0.0735079
0.141606	0.0621954
0.141334	0.0620443
0.138889	0.0484548
0.142181	0.0486673
0.139662	0.0523044
0.145377	0.0569556
0.144941	0.0655826
0.13758	0.0671338
0.145343	0.0612953
0.148748	0.0611009
0.149198	0.0600352
0.150497	0.0579903
0.148655	0.0566657
0.155835	0.0484293
0.154855	0.0464166
0.154427	0.0446653
0.158353	0.0421319
0.149585	0.0415756
0.151358	0.0346295
0.145912	0.0227469
0.135973	0.0245628
0.140204	0.0259776
0.135906	0.0291393
0.139008	0.0252786
0.141001	0.032543
0.144272	0.0308277
0.147427	0.0310325
0.155048	0.0295701
0.168276	0.0492162
0.185034	0.0292042
0.190735	0.0330185
0.175942	0.0262385
0.173701	0.0182097
0.160768	0.0169418
0.160066	0.0153373
0.127369	0.0203267
0.13277	0.0223496
0.130793	0.0220826
0.136456	0.0186433
0.166555	0.0320983
0.143496	0.0277774
0.149949	0.0205723
0.144625	0.00868015
0.147883	0.0191691
0.151476	0.0167028
0.151638	0.0197526
0.16697	0.0114877
0.165761	0.00960316
0.16201	0.00821508
0.161296	0.00623641
0.156912	0.000847494
0.156321	-0.00367667
0.165211	-0.0176023
0.158192	-0.018675
0.158793	-0.0157308
0.160585	0.00176738
0.160486	0.00113331
0.161562	-0.00290394
0.16385	0.00564067
0.162451	0.00451694
0.159445	-0.000829735
0.152168	0.00101404
0.155556	0.0018302
0.144568	-0.00958505
0.147786	-0.0101671
0.15392	-0.0286607
0.153444	-0.0298613
0.164701	-0.0335321
0.159835	-0.0327191
0.167874	-0.0227609
0.170678	-0.0180306
0.163046	-0.0137206
0.17641	-0.00867299
0.175461	-0.0119127
0.175608	-0.016265
0.176118	-0.0276373
0.182621	-0.0284369
0.17563	-0.0285021
0.18505	-0.0345912
0.18121	-0.0298391
0.175803	-0.0260894
0.172687	-0.0304291
0.169364	-0.0299464
0.159119	-0.0291207
0.163808	-0.0280799
0.159204	-0.0343791
0.155376	-0.032102
0.169312	-0.0261075
0.166188	-0.0274756
0.17134	-0.0378371
0.165925	-0.0336495
0.140632	-0.0231981
0.141876	-0.0334792
0.140569	-0.0357399
0.143161	-0.0304072
0.144139	-0.0276094
0.158665	-0.0370241
0.162518	-0.025759
0.153164	-0.0382939
0.155212	-0.042403
0.154537	-0.043018
0.146258	-0.0347208
0.152277	-0.0341003
0.158356	-0.0198278
0.173316	-0.00943319
0.19314	-0.0271518
0.181305	-0.0354175
0.170491	-0.0313472
0.164194	-0.0289582
0.172042	-0.0385538
0.162646	-0.0332853
0.167925	-0.0320348
0.161697	-0.0324891
0.159993	-0.0385814
0.158803	-0.010788
