-0.110083	0.102733
-0.116608	0.0974085
-0.0979533	0.10971
-0.101087	0.106882
-0.095419	0.109094
-0.0957193	0.11093
-0.0978717	0.112751
-0.103343	0.126398
-0.103788	0.125233
-0.102051	0.124125
-0.100443	0.121306
-0.100178	0.121716
-0.0983385	0.126362
-0.112554	0.120346
-0.121772	0.109526
-0.118489	0.118211
-0.107248	0.110751
-0.101118	0.104056
-0.104724	0.100908
-0.106321	0.102421
-0.105274	0.103273
-0.108013	0.120093
-0.110786	0.124685
-0.112764	0.137049
-0.122836	0.132935
-0.119843	0.131712
-0.121297	0.112053
-0.123136	0.10245
-0.12233	0.10044
-0.109779	0.0896594
-0.114765	0.0832252
-0.117425	0.0826364
-0.120588	0.0825533
-0.124569	0.0851928
-0.131278	0.0813616
-0.134689	0.079854
-0.132785	0.0691791
-0.136734	0.07475
-0.123015	0.0779082
-0.124555	0.0791482
-0.127226	0.0768461
-0.130867	0.0743142
-0.135801	0.065179
-0.135026	0.0639727
-0.137714	0.0614909
-0.146484	0.0796803
-0.150657	0.0719812
-0.164954	0.0582219
-0.15345	0.0569082
-0.148027	0.0541781
-0.146813	0.0567376
-0.152252	0.0503195
-0.157078	0.0480472
-0.153592	0.0470916
-0.159217	0.0440242
-0.148396	0.045003
-0.152562	0.0418882
-0.149684	0.0410446
-0.154343	0.0378704
-0.154695	0.0362431
-0.164797	0.0427236
-0.181526	0.0566827
-0.179878	0.047386
-0.174412	0.0431567
-0.195021	0.0343428
-0.192867	0.0344318
-0.185054	0.0201935
-0.184945	0.00544518
-0.195361	0.00517375
-0.189997	0.00538601
-0.177358	0.00710906
-0.18697	0.00837686
-0.183283	0.00965132
-0.17506	0.00701178
-0.174915	0.00215075
-0.181711	-0.0131022
-0.177298	-0.00878761
-0.173539	-0.00368381
-0.167078	-0.00412973
-0.160977	-0.0257636
-0.156238	-0.0115089
-0.153377	-0.0145843
-0.149371	-0.00728329
-0.160878	-0.00117122
-0.150036	0.00309067
-0.150159	0.00411525
-0.161751	-0.000679753
-0.16545	-0.00524555
-0.141424	-0.00677569
-0.163456	-0.026211
-0.162491	-0.0293509
-0.159884	-0.0494362
-0.144101	-0.0572652
-0.153404	-0.0510708
-0.161596	-0.0560854
-0.166397	-0.0624901
-0.169368	-0.0514262
-0.164486	-0.0518975
-0.152886	-0.0401237
-0.151667	-0.0380077
-0.130133	-0.0309745
-0.13253	-0.0425923
-0.121835	-0.0331903
-0.135404	-0.0311106
-0.124172	-0.0213043
-0.128019	-0.0243941
-0.139604	-0.0258951
-0.130391	-0.0365865
-0.137134	-0.0399466
-0.146078	-0.0397094
-0.142871	-0.0404521
-0.146787	-0.0342732
-0.150703	-0.060907
-0.146254	-0.0554138
-0.149179	-0.0588892
-0.1612	-0.0612827
-0.171433	-0.0529362
-0.157821	-0.0468319
-0.14412	-0.0582671
-0.147223	-0.0499568
-0.148041	-0.0548322
-0.14505	-0.0545032
-0.130859	-0.0577745
-0.127701	-0.058439
-0.134707	-0.0594583
-0.13602	-0.0612711
-0.14869	-0.0863576
-0.144566	-0.0885324
-0.142685	-0.0867555
-0.139407	-0.0926432
-0.143807	-0.0814422
-0.139755	-0.0723011
-0.14658	-0.0724323
-0.145693	-0.074504
-0.153752	-0.0799208
-0.148833	-0.073503
-0.143378	-0.0753581
-0.142217	-0.0770141
-0.139327	-0.0804315
-0.142363	-0.0705778
-0.142879	-0.0751946
-0.142062	-0.0771375
-0.152895	-0.0653769
-0.151456	-0.0766372
-0.155935	-0.0712676
-0.153128	-0.0705198
-0.148185	-0.0673351
-0.122997	-0.0675574
-0.127888	-0.0676652
-0.136348	-0.0728261
-0.137296	-0.0828817
-0.137447	-0.0815357
-0.138736	-0.0761721
-0.132113	-0.0686544
-0.150976	-0.0665086
-0.146385	-0.0665579
-0.147492	-0.0670387
-0.131459	-0.0634571
-0.131179	-0.0641348
-0.13267	-0.0599263
-0.144755	-0.0602913
-0.14496	-0.0597343
-0.14803	-0.0525542
-0.144993	-0.0412341
-0.149707	-0.0373657
-0.145159	-0.0396165
-0.145595	-0.0405957
-0.147669	-0.0415218
-0.129134	-0.0592125
-0.130162	-0.0598368
-0.132743	-0.0771433
-0.131969	-0.0772664
-0.130059	-0.0773203
-0.132851	-0.0772492
-0.134323	-0.0761057
-0.130495	-0.0770852
-0.134906	-0.081246
-0.138265	-0.0675832
-0.131595	-0.0626282
-0.129432	-0.0580301
-0.128814	-0.0611902
-0.128261	-0.07012
-0.114094	-0.0792969
-0.119812	-0.086038
-0.127051	-0.0804008
-0.147119	-0.0844655
-0.151979	-0.0832235
-0.144594	-0.0825518
-0.142798	-0.0920504
-0.13933	-0.0871751
-0.13532	-0.0819851
-0.135885	-0.0807174
-0.13671	-0.0809379
-0.130719	-0.0945131
-0.132587	-0.0919721
-0.136509	-0.090135
-0.141214	-0.0931318
-0.144669	-0.0993294
-0.142948	-0.0966916
-0.148253	-0.0862814
-0.152799	-0.101549
-0.150063	-0.105417
-0.144736	-0.0983244
-0.127983	-0.107044
-0.126591	-0.102057
-0.137211	-0.089187
-0.137447	-0.0879819
-0.121763	-0.081045
-0.113479	-0.0868283
-0.117631	-0.0881439
-0.120685	-0.0853938
-0.14511	-0.0833994
-0.142536	-0.0826382
-0.141988	-0.0786896
-0.128977	-0.0644567
-0.130519	-0.0478745
-0.141891	-0.0396162
-0.151461	-0.0419005
-0.14939	-0.0401192
-0.149533	-0.0503962
-0.1578	-0.0471789
-0.14802	-0.054546
-0.140954	-0.0490754
-0.136867	-0.0458497
-0.133695	-0.0375206
-0.136909	-0.0432251
-0.138553	-0.0455142
-0.143597	-0.041228
-0.145608	-0.0413894
-0.144735	-0.0482912
-0.154194	-0.0427622
-0.139387	-0.0474659
-0.136646	-0.0675817
-0.131279	-0.0728571
-0.139061	-0.0861363
-0.138262	-0.0841527
-0.138632	-0.0830614
-0.136981	-0.0819302
-0.134472	-0.0843409
-0.136253	-0.086053
-0.137353	-0.0857913
-0.144058	-0.0723296
-0.1562	-0.0729142
-0.159031	-0.0779053
-0.174737	-0.0724255
-0.171268	-0.0721636
-0.166225	-0.074989
-0.157324	-0.0788695
-0.149869	-0.0775637
-0.141866	-0.071894
-0.136473	-0.0804714
-0.141997	-0.0825068
-0.140886	-0.0981084
-0.160123	-0.111705
-0.152186	-0.106484
-0.1481	-0.0967188
-0.153089	-0.0943469
-0.15051	-0.0879127
-0.128843	-0.095911
-0.118129	-0.107775
-0.115146	-0.104318
-0.114128	-0.101679
-0.111231	-0.095043
-0.11757	-0.0916704
-0.117943	-0.0876798
-0.106092	-0.0790963
-0.104764	-0.0785988
-0.121023	-0.0752658
-0.105903	-0.079116
-0.11404	-0.0828344
-0.116615	-0.073744
-0.129094	-0.0840104
-0.133483	-0.0896506
-0.125735	-0.100334
-0.126648	-0.0969134
-0.126095	-0.100074
-0.131989	-0.0946564
-0.129224	-0.0948701
-0.123343	-0.0875262
-0.124851	-0.0876539
-0.126264	-0.087294
-0.1271	-0.0858213
-0.126236	-0.0862473
-0.125981	-0.0873667
-0.126955	-0.0867961
-0.131184	-0.082905
-0.113059	-0.0940713
-0.115425	-0.0945918
-0.115276	-0.096711
-0.119723	-0.10353
-0.107121	-0.0981647
-0.110143	-0.0985069
-0.118265	-0.103294
-0.112967	-0.0956746
-0.12529	-0.0996074
-0.117203	-0.0984866
-0.108558	-0.0739085
-0.118262	-0.072727
-0.131142	-0.0707109
-0.135893	-0.0723789
-0.128708	-0.0853345
-0.126153	-0.0831773
-0.128925	-0.0812304
-0.128226	-0.0796939
-0.128421	-0.0782678
-0.129408	-0.0827276
-0.1301	-0.0922489
-0.128801	-0.0948882
-0.105765	-0.0803159
-0.109838	-0.0820194
-0.111126	-0.0870626
-0.126225	-0.085518
-0.135093	-0.0737637
-0.135936	-0.0732544
-0.141124	-0.0774252
-0.148403	-0.0790258
-0.147456	-0.0827605
-0.149324	-0.0888503
-0.148948	-0.0867307
-0.14875	-0.0843055
-0.144506	-0.0841969
-0.139179	-0.0741332
-0.149443	-0.0751719
-0.154887	-0.0701801
-0.152533	-0.06966
-0.153668	-0.0668737
-0.153306	-0.0541296
-0.145929	-0.0700307
-0.147125	-0.0749179
-0.146317	-0.0737477
-0.143495	-0.0707844
-0.147162	-0.072392
-0.153812	-0.0740774
-0.148055	-0.070748
-0.142042	-0.0733188
-0.143059	-0.0711124
-0.145977	-0.0717859
-0.145869	-0.0698393
-0.142773	-0.0664121
-0.15692	-0.0710306
-0.152616	-0.0706432
-0.150339	-0.069104
-0.148748	-0.0688521
-0.130595	-0.0725866
-0.139863	-0.0662668
-0.139459	-0.0683246
-0.146255	-0.0648273
-0.145287	-0.0652876
-0.144342	-0.0765023
-0.147334	-0.0817805
-0.139521	-0.0883777
-0.137369	-0.0977451
-0.115299	-0.111796
-0.110718	-0.113071
-0.104337	-0.119068
-0.0865648	-0.125556
-0.0609903	-0.125663
-0.0479729	-0.134956
-0.0444396	-0.140095
-0.034099	-0.143654
-0.0282957	-0.14552
-0.0181664	-0.145066
-0.0085301	-0.150031
-0.00355897	-0.156805
-0.00315887	-0.154111
-0.00145778	-0.154761
-0.00424167	-0.155948
-0.0038127	-0.160813
0.00127917	-0.175003
0.0032667	-0.159466
0.00978534	-0.159467
0.0215862	-0.156421
0.0159068	-0.15353
0.0246414	-0.153011
0.00921626	-0.157873
0.010007	-0.162542
0.0210489	-0.140523
0.0241199	-0.141475
0.0167134	-0.133538
0.0226896	-0.12919
0.0264797	-0.133745
0.0319974	-0.146591
0.025056	-0.153636
0.0349442	-0.151338
0.0402156	-0.150171
0.0382357	-0.141452
0.0282184	-0.143715
0.0295341	-0.145516
0.0279035	-0.150881
0.0227234	-0.14669
0.02866	-0.139874
0.0353729	-0.133944
0.0418455	-0.138416
0.0269496	-0.143772
0.031259	-0.146451
0.0369074	-0.162678
0.0431662	-0.157111
0.0372373	-0.144317
0.0375092	-0.144924
0.0319271	-0.146002
0.0192885	-0.158661
0.0159282	-0.147367
0.0173497	-0.157435
0.0180751	-0.159951
0.0181625	-0.152502
0.0190539	-0.145278
0.0349772	-0.144829
0.035051	-0.146169
0.0262159	-0.15032
0.026221	-0.140181
0.0329926	-0.138427
0.0317202	-0.146447
0.0339551	-0.147814
0.0348998	-0.154645
0.0376602	-0.157525
0.0461631	-0.160445
0.0436345	-0.159204
0.0406596	-0.14399
0.0539056	-0.142821
0.056506	-0.149908
0.0572605	-0.154975
0.0521557	-0.153056
0.0615019	-0.157575
0.0576818	-0.166515
0.0435519	-0.165394
0.0384259	-0.175093
0.0258995	-0.174071
0.0273119	-0.169566
0.0190448	-0.164121
0.0221849	-0.162669
0.0248082	-0.162215
0.0288583	-0.151587
0.0411337	-0.149622
0.0445112	-0.144001
0.044877	-0.151698
0.045286	-0.153649
0.0454721	-0.153071
0.0451978	-0.155634
0.0533597	-0.160719
0.0641424	-0.156757
0.0645781	-0.149664
0.055997	-0.156293
0.0626104	-0.140138
0.0575716	-0.13982
0.0582799	-0.14209
0.0696055	-0.137716
0.0785996	-0.13265
0.0813495	-0.136509
0.0686909	-0.141754
0.0595928	-0.167069
0.0616372	-0.16597
0.0725714	-0.162101
0.0679857	-0.161367
0.0659115	-0.146939
0.0596102	-0.148379
0.0625545	-0.147374
0.0609546	-0.146392
0.0580043	-0.143674
0.0593554	-0.143907
0.0535465	-0.152356
0.0543471	-0.152206
0.0507779	-0.155391
0.0541333	-0.163098
0.0505989	-0.161294
0.0480512	-0.160518
0.0446993	-0.161181
0.0388373	-0.156832
0.0233742	-0.161644
0.0134846	-0.154044
0.00916492	-0.155023
0.0200348	-0.155041
0.0153478	-0.159506
0.0124156	-0.173005
0.0137138	-0.162501
0.0288209	-0.169033
0.0305503	-0.155336
0.0296614	-0.147565
0.0281444	-0.150601
0.0271498	-0.150961
0.0284307	-0.151957
0.0307914	-0.153024
0.029163	-0.160181
0.0294627	-0.158895
0.0279375	-0.160439
0.0417515	-0.17106
0.0435639	-0.166591
0.0336305	-0.171476
0.0238524	-0.168383
0.0217867	-0.169652
0.0203252	-0.168468
0.0218027	-0.154111
0.0250441	-0.154839
0.0368122	-0.160351
0.0278569	-0.158112
0.0134014	-0.159285
0.017745	-0.158444
0.0053785	-0.154751
0.0110098	-0.153716
0.00323867	-0.154314
0.000258932	-0.168128
-0.00144423	-0.188892
0.00487835	-0.180847
0.00404561	-0.178222
0.00602555	-0.163602
0.00958782	-0.161971
-0.00436063	-0.16615
0.00284768	-0.151108
0.0023089	-0.15128
0.0124158	-0.148202
0.0139412	-0.150182
0.0152719	-0.149694
0.023932	-0.155233
0.0274896	-0.152303
0.0258902	-0.15689
0.0347385	-0.154517
0.035983	-0.152801
0.0368563	-0.146975
0.0399088	-0.150596
0.0347516	-0.161653
0.0311972	-0.170323
0.0229175	-0.171257
0.0251588	-0.17001
0.0291656	-0.17182
0.0248111	-0.164582
0.0200679	-0.163247
0.0246847	-0.165223
0.0239842	-0.162535
0.0361607	-0.164755
0.0368212	-0.164648
0.0219416	-0.153305
0.0299539	-0.157963
0.0233261	-0.145033
0.0438518	-0.145361
0.0304273	-0.147507
0.0267382	-0.151715
0.0406558	-0.154107
0.029293	-0.153462
0.0232404	-0.14578
0.0195135	-0.140502
0.0165212	-0.144795
0.024394	-0.154224
0.0161627	-0.155951
0.014152	-0.152
0.0138294	-0.152511
0.0143808	-0.150021
0.0126918	-0.17083
0.0115187	-0.169931
0.0131127	-0.169818
0.0192867	-0.162121
0.021869	-0.154306
0.0321003	-0.139747
0.0325265	-0.136249
0.0242159	-0.145886
0.0270585	-0.14845
0.0376343	-0.148932
0.0450913	-0.150544
0.047782	-0.156325
0.0474119	-0.153709
0.0476831	-0.151886
0.0518577	-0.158174
0.0508078	-0.156047
0.0510917	-0.14492
0.0526347	-0.146723
0.0447207	-0.148051
0.0555028	-0.143214
0.0565063	-0.145672
0.0473232	-0.147187
0.0477608	-0.141707
0.0383324	-0.129784
0.0485946	-0.143687
0.0487645	-0.144279
0.0443631	-0.147348
0.0452461	-0.14657
0.0464831	-0.144377
0.0491462	-0.145973
0.0486572	-0.151936
0.049064	-0.154161
0.0479135	-0.153762
0.053367	-0.162523
0.0447934	-0.156464
0.0438565	-0.151519
0.0480645	-0.14424
0.0462599	-0.143729
0.0374667	-0.152286
0.062132	-0.154534
0.0649751	-0.152057
0.0717479	-0.14511
0.0683242	-0.144636
0.0470581	-0.140895
0.0519473	-0.131393
0.0526363	-0.137551
0.0623768	-0.127611
0.0556139	-0.127414
0.0498579	-0.135448
0.0564157	-0.148644
0.0528581	-0.144072
0.0373463	-0.162647
0.0360661	-0.160782
0.038462	-0.162755
0.0444861	-0.158462
0.0466835	-0.161303
0.0435507	-0.158729
0.0421806	-0.157223
0.0379797	-0.161141
0.0310721	-0.15518
0.0305159	-0.155221
0.0390758	-0.145392
0.0325202	-0.136793
0.0173136	-0.144341
0.0192046	-0.141861
0.0212743	-0.150441
0.0152651	-0.149992
0.0064057	-0.158121
0.00663585	-0.157701
0.0113985	-0.156399
0.0153941	-0.153381
0.0187673	-0.152607
0.0204224	-0.153533
0.0223881	-0.145038
0.0185757	-0.156015
0.0184631	-0.156115
0.0232126	-0.153444
0.0206933	-0.153398
0.0223508	-0.15742
0.0280141	-0.15525
0.0332901	-0.134734
0.0345981	-0.13229
0.0264414	-0.114346
0.0270298	-0.123056
0.036161	-0.126383
0.0280496	-0.131307
0.0286027	-0.135956
0.0425849	-0.141549
0.0412877	-0.14388
0.0425146	-0.138063
0.0420383	-0.137956
0.0471485	-0.149975
0.0615314	-0.16086
0.0618464	-0.154291
0.0516512	-0.164059
0.0605484	-0.157253
0.0517492	-0.150406
0.051298	-0.158312
0.0687315	-0.139361
0.0698478	-0.133325
0.0710856	-0.144091
0.06682	-0.145238
0.0611795	-0.146235
0.0546083	-0.15337
0.0518694	-0.150017
0.035731	-0.146144
0.0336163	-0.148284
0.0290041	-0.149921
0.029105	-0.155017
0.018045	-0.170447
0.00577414	-0.178773
0.00881474	-0.170368
0.00676874	-0.173055
0.00135746	-0.170868
-0.0105846	-0.147484
-0.00842982	-0.150873
-0.00913626	-0.152177
-0.00481502	-0.148999
-0.00631568	-0.151921
-0.0111409	-0.152095
-0.0172703	-0.142414
-0.0140939	-0.146959
-0.0165804	-0.148064
-0.0197093	-0.144323
-0.0166764	-0.151849
-0.0153751	-0.153923
-0.013341	-0.152795
-0.00310566	-0.164397
0.000226831	-0.175908
0.00501941	-0.168529
0.00592975	-0.166859
0.00881972	-0.17332
0.00929542	-0.174502
0.00900197	-0.170837
0.000871926	-0.163536
-0.00182202	-0.160904
-0.00392086	-0.154888
-0.00204659	-0.155865
-0.00261938	-0.156508
-0.00874951	-0.161074
-0.000813828	-0.150471
-0.00205481	-0.163036
-0.00174003	-0.158252
-0.00375679	-0.171487
-0.00348056	-0.176934
-0.00294525	-0.171437
-0.00913104	-0.158075
-0.00901692	-0.155843
-0.00520672	-0.144273
-0.0113597	-0.145451
-0.0116613	-0.147785
-0.0301652	-0.136494
-0.0460908	-0.153179
-0.0412357	-0.152155
-0.043922	-0.159045
-0.0341868	-0.160548
-0.0333161	-0.161307
-0.037423	-0.156349
-0.0342502	-0.157314
-0.024919	-0.16575
-0.0408369	-0.166574
-0.0499619	-0.162227
-0.0479106	-0.160282
-0.0479531	-0.156845
-0.0484131	-0.158799
-0.0563683	-0.151591
-0.0436725	-0.155575
-0.0415232	-0.162322
-0.0301665	-0.159362
-0.0302206	-0.158615
-0.0338045	-0.15368
-0.0459437	-0.1554
-0.0333837	-0.154476
-0.0445751	-0.173864
-0.0429742	-0.155394
-0.0318451	-0.154486
-0.0258982	-0.161386
-0.0261295	-0.160656
-0.0278784	-0.15993
-0.0269723	-0.156124
-0.0203432	-0.14601
-0.0200796	-0.148775
-0.0208615	-0.150287
-0.0207249	-0.151616
-0.015434	-0.151845
-0.0141664	-0.153614
-0.0135194	-0.164261
-0.0145045	-0.164069
-0.00797749	-0.152639
-0.0200597	-0.160144
-0.0216373	-0.160072
-0.0129758	-0.177993
-0.00467553	-0.185227
0.00130008	-0.175999
0.00262876	-0.174073
0.00217626	-0.168858
0.0049598	-0.168323
0.0013104	-0.176703
-0.00299298	-0.165804
-0.00545927	-0.165535
-0.00891143	-0.162814
-0.00320916	-0.153883
0.0108563	-0.149128
0.0134398	-0.148508
0.022085	-0.142678
0.0120498	-0.140374
0.00486112	-0.141872
0.00418841	-0.142849
0.000316431	-0.141978
-0.00699828	-0.149065
-0.000755594	-0.156473
-0.00856622	-0.148804
-0.00210569	-0.14469
0.00195188	-0.144678
-0.00459335	-0.150491
0.00166257	-0.148605
-0.00862719	-0.146182
-0.000249893	-0.14478
0.00319607	-0.146519
0.00974668	-0.147113
0.00675748	-0.157189
0.0058297	-0.160729
0.0119197	-0.159513
0.0090747	-0.156874
0.0138609	-0.17496
0.0192387	-0.17882
0.00424056	-0.174748
0.00673772	-0.162746
0.0054848	-0.163102
0.00406091	-0.16312
0.00808677	-0.161645
0.0173277	-0.152254
0.013856	-0.15482
0.0193309	-0.151017
0.0118348	-0.167885
0.00960334	-0.166148
0.0217822	-0.166079
0.0168294	-0.154819
0.017248	-0.156859
0.0170491	-0.153991
0.0150104	-0.156789
0.0101711	-0.15572
0.00827247	-0.156032
0.0141291	-0.14976
0.022862	-0.157527
0.0132523	-0.155833
0.0139675	-0.149721
0.0119394	-0.153117
0.0113684	-0.152072
0.0139123	-0.146241
-0.011808	-0.167964
-0.0162107	-0.163794
-0.0261862	-0.161873
-0.0248632	-0.159865
-0.0250594	-0.18074
-0.024853	-0.175369
-0.0230849	-0.171811
-0.0239115	-0.167614
-0.0303671	-0.158013
-0.0328312	-0.157356
-0.0496258	-0.151279
-0.0697199	-0.153675
-0.0662017	-0.150159
-0.0637086	-0.15102
-0.0668446	-0.166634
-0.0841792	-0.152191
-0.0726338	-0.153043
-0.084092	-0.14572
-0.0831973	-0.138153
-0.0788662	-0.142157
-0.0771315	-0.141895
-0.0738919	-0.134776
-0.0653589	-0.13903
-0.0684535	-0.126823
-0.0762599	-0.12019
-0.0700586	-0.119898
-0.073468	-0.112159
-0.0766428	-0.116132
-0.0814011	-0.114304
-0.078322	-0.123483
-0.070155	-0.134931
-0.070106	-0.145837
-0.0627335	-0.140128
-0.0771936	-0.148919
-0.0746285	-0.147953
-0.0662915	-0.147679
-0.0515599	-0.135282
-0.0478763	-0.142341
-0.0506925	-0.134611
-0.0552912	-0.138378
-0.0517741	-0.143155
-0.0495849	-0.140217
-0.0440729	-0.144034
-0.0519539	-0.1421
-0.0516709	-0.143896
-0.0541197	-0.138217
-0.0486662	-0.138917
-0.0491432	-0.143004
-0.0486913	-0.144144
-0.0475296	-0.144539
-0.046872	-0.142832
-0.0448757	-0.161538
-0.0500468	-0.170016
-0.048521	-0.166057
-0.0425782	-0.17823
-0.0528386	-0.176069
-0.0425788	-0.167904
-0.0447183	-0.162423
-0.0381915	-0.149029
-0.0385517	-0.150323
-0.0482203	-0.156376
-0.0445584	-0.161159
-0.032731	-0.152172
-0.037754	-0.155376
-0.0337499	-0.149488
-0.0339635	-0.136846
-0.0302867	-0.13852
-0.0332981	-0.141521
-0.0224719	-0.134045
-0.0258898	-0.138166
-0.0332876	-0.142621
-0.0413877	-0.161432
-0.0388715	-0.158739
-0.0292072	-0.172158
-0.0260144	-0.17039
-0.0210873	-0.166879
-0.0223418	-0.159507
-0.015477	-0.155318
-0.0160368	-0.152752
-0.0204722	-0.169264
-0.0203955	-0.166808
-0.0161302	-0.14842
-0.0184223	-0.153043
-0.0144514	-0.158489
-0.0166551	-0.155798
-0.0199458	-0.169751
-0.019993	-0.166671
-0.0199906	-0.170813
-0.00812208	-0.175747
-0.00318746	-0.166901
-0.00554351	-0.16336
-0.00391671	-0.151037
-0.0096553	-0.139144
-0.0108884	-0.142095
-0.00919916	-0.141251
-0.0129451	-0.141466
-0.00565176	-0.124044
-0.00595255	-0.138653
0.00318311	-0.148682
0.00189824	-0.150845
-0.00605281	-0.162989
-0.0059555	-0.163103
-0.019295	-0.146215
-0.0302329	-0.142101
-0.0332166	-0.145959
-0.0269642	-0.144352
-0.0257934	-0.153526
-0.0244327	-0.141246
-0.0312004	-0.145735
-0.0392927	-0.165946
-0.0347304	-0.151181
-0.0370813	-0.152083
-0.0417257	-0.148994
-0.0443605	-0.15024
-0.0512215	-0.141533
-0.0637187	-0.130019
-0.0806374	-0.128484
-0.0649765	-0.130822
-0.0650628	-0.129585
-0.0622018	-0.133661
-0.0709362	-0.132652
-0.046213	-0.146832
-0.0414013	-0.145805
-0.0494345	-0.145912
-0.0423444	-0.142338
-0.0452483	-0.144415
-0.0381076	-0.133867
-0.0395949	-0.136883
-0.0251586	-0.128104
-0.0272149	-0.133226
-0.0168188	-0.149734
-0.00702339	-0.148949
-0.029636	-0.151309
-0.0390563	-0.147698
-0.0287816	-0.143394
-0.023218	-0.138317
-0.015948	-0.136622
-0.029671	-0.138589
-0.0256089	-0.134765
-0.0243323	-0.137458
-0.0164792	-0.130146
-0.0198645	-0.110519
-0.0238848	-0.114284
-0.0228705	-0.131676
-0.0268557	-0.134597
-0.0455042	-0.136051
-0.0466256	-0.159996
-0.0456606	-0.155972
-0.0515772	-0.147268
-0.0643706	-0.143246
-0.0621189	-0.137364
-0.0520508	-0.135719
-0.0538399	-0.162584
-0.0529481	-0.14725
-0.0596778	-0.149041
-0.0535012	-0.146704
-0.0390172	-0.144059
-0.0451037	-0.142036
-0.0408963	-0.137037
-0.0420457	-0.139852
-0.0410193	-0.129027
-0.036142	-0.131813
-0.036769	-0.141246
-0.0484908	-0.127399
-0.0490977	-0.129463
-0.0407705	-0.137198
-0.0541742	-0.140021
-0.0575214	-0.137489
-0.0723989	-0.152417
-0.0759481	-0.155138
-0.0712273	-0.155583
-0.0679391	-0.153872
-0.0558416	-0.143189
-0.0448217	-0.14948
-0.034439	-0.164014
-0.0343008	-0.162498
-0.0337956	-0.169799
-0.0314801	-0.172894
-0.0396337	-0.160245
-0.0484096	-0.137601
-0.0472432	-0.15369
-0.049163	-0.151311
-0.0491085	-0.151538
-0.0398554	-0.137053
-0.0439834	-0.139174
-0.0572735	-0.14453
-0.0288123	-0.137011
-0.0313362	-0.138625
-0.0278095	-0.139258
-0.0382788	-0.140884
-0.0490363	-0.124614
-0.0438897	-0.135979
-0.0472733	-0.133089
-0.0422164	-0.13617
-0.0314828	-0.136637
-0.0535569	-0.146097
-0.0514259	-0.131083
-0.0582821	-0.135793
-0.0569575	-0.150066
-0.0558614	-0.149604
-0.0575126	-0.146506
-0.0620737	-0.145601
-0.0622198	-0.143779
-0.0627421	-0.136031
-0.078166	-0.145928
-0.0692729	-0.146588
-0.064088	-0.144696
-0.0711053	-0.156311
-0.0736718	-0.146161
-0.074217	-0.156549
-0.0836768	-0.150719
-0.0802314	-0.147164
-0.0780209	-0.14595
-0.078733	-0.119908
-0.0783171	-0.12025
-0.0828348	-0.124591
-0.0878279	-0.128676
-0.0849775	-0.136204
-0.0853167	-0.15
-0.0892762	-0.155776
-0.0788846	-0.16911
-0.0749356	-0.164859
-0.0674878	-0.163799
-0.063244	-0.159385
-0.0606816	-0.163409
-0.0593316	-0.160753
-0.0361494	-0.153698
-0.0289818	-0.145242
-0.0290546	-0.153163
-0.0294465	-0.149175
-0.0330449	-0.148731
-0.0344142	-0.150662
-0.0431492	-0.150072
-0.0542289	-0.147461
-0.0575394	-0.146898
-0.0582455	-0.147419
-0.0593596	-0.144853
-0.0663926	-0.146374
-0.0815848	-0.160472
-0.0769395	-0.15577
-0.0744413	-0.153372
-0.0709395	-0.146247
-0.0576481	-0.156115
-0.0577939	-0.154219
-0.0563372	-0.14587
-0.0383489	-0.137285
-0.0409383	-0.135811
-0.0429309	-0.14122
-0.0341288	-0.142106
-0.0452913	-0.138788
-0.0421335	-0.141339
-0.0368832	-0.16008
-0.0324532	-0.158965
-0.0499702	-0.131403
-0.0736768	-0.131685
-0.0708724	-0.128888
-0.0763518	-0.137049
-0.079732	-0.128242
-0.078178	-0.126569
-0.077489	-0.122672
-0.0784419	-0.125827
-0.0625492	-0.122319
-0.0636592	-0.127765
-0.0635343	-0.128452
-0.0615518	-0.130603
-0.060517	-0.12811
-0.0688787	-0.140081
-0.070604	-0.140625
-0.0690074	-0.14472
-0.0603621	-0.150709
-0.0591277	-0.161436
-0.0728694	-0.155763
-0.07509	-0.155837
-0.0727667	-0.153436
-0.070831	-0.15171
-0.0728571	-0.153849
-0.0621957	-0.157599
-0.0679179	-0.143559
-0.0667919	-0.130654
-0.0720564	-0.139795
-0.0939696	-0.146604
-0.0918071	-0.138105
-0.0782058	-0.131097
-0.0723609	-0.132138
-0.0730721	-0.135679
-0.0708394	-0.129721
-0.0819852	-0.116936
-0.0714796	-0.122223
-0.0757107	-0.117894
-0.12571	-0.0835271
-0.123261	-0.0770946
-0.15062	-0.0524193
-0.151881	-0.0202676
-0.151833	-0.0035899
-0.146904	0.00283005
-0.15892	0.0233627
-0.154387	0.0341161
-0.157417	0.0482968
-0.161543	0.0496102
-0.168218	0.0525926
-0.170881	0.0567503
-0.188971	0.0695145
-0.183108	0.0714952
-0.1742	0.0738331
-0.16486	0.0873816
-0.158391	0.0893772
-0.139965	0.09277
-0.130906	0.102053
-0.126073	0.105515
-0.10686	0.104069
-0.104975	0.112654
-0.11152	0.0990585
-0.119253	0.110744
-0.115059	0.113755
-0.109844	0.116222
-0.107902	0.117955
-0.100688	0.113688
-0.09944	0.127163
-0.112361	0.1293
-0.133331	0.136615
-0.125508	0.134856
-0.115253	0.131102
-0.0932193	0.129445
-0.0689916	0.1376
-0.0693757	0.141391
-0.0597805	0.158242
-0.0581526	0.157856
-0.0689822	0.147862
-0.0653022	0.139228
-0.0647803	0.142069
-0.0775959	0.13279
-0.0702759	0.137802
-0.0682776	0.13948
-0.0695992	0.144705
-0.0657912	0.147341
-0.061598	0.148271
-0.0589844	0.144812
-0.0521172	0.151414
-0.0461089	0.138725
-0.0520527	0.143901
-0.0408258	0.135545
-0.0399861	0.140667
-0.0404041	0.144318
-0.0327617	0.134805
-0.0326855	0.138705
-0.0477716	0.148528
-0.0427812	0.160028
-0.0349913	0.161537
-0.0319477	0.157978
-0.0382326	0.156745
-0.0296587	0.15507
-0.0325297	0.148075
-0.0405004	0.143446
-0.0420041	0.148196
-0.0434816	0.153333
-0.0406982	0.146328
-0.041954	0.146805
-0.0349536	0.129045
-0.0368798	0.13836
-0.0551314	0.147339
-0.0588389	0.147266
-0.0559895	0.148053
-0.0500316	0.150416
-0.0432962	0.150325
-0.0422927	0.150841
-0.0446355	0.143912
-0.040715	0.1468
-0.0456499	0.147323
-0.0444341	0.145807
-0.0458389	0.143273
-0.0524992	0.135424
-0.0455737	0.149447
-0.0434968	0.150275
-0.0495477	0.146536
-0.0470645	0.149973
-0.0499707	0.139406
-0.036544	0.155518
-0.0323835	0.158951
-0.0317513	0.156351
-0.0306714	0.157303
-0.0102558	0.147916
-0.00939956	0.152103
-0.0184385	0.163505
-0.0190789	0.161825
-0.0234965	0.17119
-0.0335923	0.161796
-0.0320975	0.159182
-0.0261677	0.1531
-0.0120139	0.148037
-0.0109737	0.149986
-0.0153593	0.155459
-0.0220029	0.148617
-0.0149329	0.15572
-0.0165847	0.155157
-0.0175876	0.158434
-0.0202279	0.156191
-0.0199974	0.158092
-0.0249283	0.157957
-0.0255978	0.161632
-0.0251629	0.155847
-0.0264846	0.152187
-0.0306015	0.154664
-0.032562	0.158724
-0.030101	0.154798
-0.0120884	0.15248
-0.0136716	0.151091
-0.0122537	0.152989
-0.0138951	0.149737
-0.0123925	0.139901
-0.012074	0.144417
-0.0130964	0.146318
-0.0156939	0.149043
-0.01662	0.151273
-0.0171729	0.145512
-0.0232129	0.151064
-0.0283347	0.160645
-0.0301268	0.174256
-0.0263501	0.173171
-0.01485	0.176683
-0.0125751	0.172461
0.00102584	0.175376
0.00184653	0.171634
0.0132801	0.159967
0.0186053	0.162988
0.0242137	0.173464
0.024631	0.171576
0.0190956	0.174994
0.0218578	0.172583
0.0375504	0.160907
0.0379357	0.153091
0.0364829	0.150376
0.0365086	0.147974
0.045917	0.147096
0.0433202	0.155163
0.0536894	0.150915
0.0532288	0.155039
0.0592577	0.15142
0.0585398	0.148978
0.054637	0.136022
0.0566291	0.138303
0.0593448	0.132555
0.0610336	0.13144
0.063652	0.132147
0.0714179	0.137438
0.0721097	0.137335
0.0756957	0.131183
0.0777159	0.129741
0.0877403	0.122469
0.0935761	0.119341
0.0988435	0.123741
0.100853	0.122376
0.105493	0.113255
0.107773	0.109123
0.110553	0.108648
0.121719	0.111788
0.110531	0.120845
0.116014	0.116244
0.125733	0.119197
0.11646	0.109867
0.116425	0.10634
0.117528	0.104629
0.117972	0.103636
0.12675	0.0997095
0.127895	0.101027
0.141056	0.0732707
0.14273	0.0806115
0.141744	0.0808758
0.146558	0.081922
0.155468	0.0807843
0.153525	0.0819688
0.147826	0.0838989
0.138451	0.0880975
0.139446	0.0954297
0.133746	0.091884
0.137673	0.0886016
0.136461	0.0856042
0.133188	0.0856376
0.156592	0.0795342
0.146531	0.0759947
0.156496	0.0810777
0.156334	0.0707316
0.150328	0.0680332
0.15278	0.0654819
0.160011	0.0656473
0.155032	0.0762741
0.140209	0.0859134
0.129614	0.0983377
0.114012	0.125041
0.0959239	0.131345
0.0799847	0.141871
0.0685543	0.148784
0.0637476	0.169688
0.0392096	0.147358
0.027763	0.153409
0.00959998	0.154603
0.00403905	0.16354
-0.0123318	0.147169
-0.0256271	0.134411
-0.0260416	0.142142
-0.0273	0.14282
-0.0311677	0.148776
-0.0362477	0.145464
-0.0450675	0.130459
-0.0478807	0.145069
-0.0484882	0.148485
-0.0491585	0.146751
-0.0461321	0.135961
-0.0470492	0.126918
-0.0501318	0.130521
-0.0519894	0.134139
-0.0503431	0.130536
-0.0590615	0.13082
-0.0552148	0.133735
-0.0551909	0.141304
-0.052771	0.14216
-0.0532966	0.148952
-0.0601816	0.16985
-0.0595399	0.166155
-0.0565277	0.162389
-0.0540205	0.162113
-0.0453659	0.166434
-0.0243879	0.161076
-0.0280787	0.168663
-0.0169335	0.155353
-0.0117526	0.156804
-0.00493397	0.161242
-0.00448402	0.152929
0.00772299	0.152999
0.0147065	0.143952
0.0287843	0.145716
0.0367491	0.16794
0.0471725	0.150045
0.0800623	0.153938
0.0802647	0.154227
0.0829514	0.156201
0.103103	0.148891
0.116915	0.145253
0.116356	0.13343
0.124062	0.125292
0.11996	0.125037
0.115825	0.120949
0.114594	0.125563
0.114066	0.122352
0.0980923	0.111327
0.103301	0.104067
0.104778	0.103232
0.111832	0.0867939
0.104984	0.094379
0.10683	0.0910396
0.106642	0.0981215
0.114148	0.0976543
0.113146	0.0961679
0.126535	0.0928865
0.114167	0.0843085
0.109864	0.0869442
0.11959	0.100319
0.118437	0.0988514
0.123633	0.0988994
0.133714	0.0936941
0.131086	0.0876276
0.111438	0.094736
0.123594	0.0980759
0.122142	0.0983438
0.122201	0.100028
0.120628	0.0970364
0.11771	0.0947799
0.105783	0.0953634
0.0966371	0.0990705
0.0967423	0.0907872
0.105127	0.0924355
0.107612	0.0993113
0.109611	0.110746
0.103924	0.121102
0.110355	0.130425
0.106978	0.129863
0.103878	0.131294
0.0986937	0.131924
0.0951083	0.132615
0.0981126	0.126594
0.0936172	0.127139
0.0966263	0.128405
0.0946949	0.130166
0.0949671	0.137479
0.0942407	0.147505
0.0898329	0.146609
0.0848233	0.145835
0.083225	0.132916
0.0763325	0.129338
0.0689306	0.127109
0.0688094	0.130198
0.0617622	0.143906
0.0643635	0.14065
0.0789287	0.130729
0.0917936	0.136489
0.0860919	0.138105
0.0863134	0.142427
0.0874202	0.144325
0.0792761	0.140439
0.0532425	0.141305
0.0583557	0.138529
0.0575496	0.138759
0.0542193	0.139614
0.0560412	0.138997
0.0595576	0.149998
0.0602014	0.147062
0.068251	0.149754
0.069609	0.145264
0.0677246	0.143843
0.069139	0.144833
0.0389376	0.141467
0.048752	0.125113
0.0515097	0.141724
0.0436374	0.138507
0.0348831	0.1409
0.0382448	0.154166
0.0321226	0.142748
0.03338	0.149694
0.0308642	0.16205
0.0315171	0.158631
0.0265143	0.155747
0.0320276	0.142883
0.0202355	0.13849
0.0219592	0.141726
0.0219341	0.148292
0.0139597	0.161917
0.0237241	0.162976
0.025232	0.161285
0.03312	0.160865
0.0422599	0.158537
0.0525174	0.167471
0.0475236	0.166996
0.0466968	0.162303
0.0457831	0.160528
0.0403655	0.157451
0.0369774	0.145515
0.0357176	0.155434
0.037692	0.146487
0.0339038	0.142023
0.0277699	0.15563
0.0278307	0.153765
0.0233961	0.150401
0.0252897	0.149462
0.0183559	0.136548
0.0204985	0.140068
0.020352	0.151249
0.0396095	0.156853
0.0374369	0.150581
0.042484	0.147536
0.0435994	0.149717
0.045824	0.155795
0.050874	0.153478
0.0666049	0.154063
0.0683809	0.147197
0.075522	0.146681
0.0740207	0.152214
0.0727134	0.149376
0.0734413	0.146266
0.0772027	0.127449
0.0725598	0.126647
0.0732148	0.131333
0.0717099	0.13412
0.063834	0.139684
0.0676613	0.145446
0.0745153	0.156061
0.0720946	0.148214
0.0813122	0.140738
0.0768466	0.129594
0.049517	0.139792
0.0513622	0.148154
0.0378282	0.162281
0.0289264	0.171287
0.0315562	0.170926
0.0248007	0.17151
0.0384097	0.159143
0.0498267	0.167159
0.0494679	0.161801
0.0492144	0.151273
0.0472158	0.154533
0.0460295	0.155238
0.0472275	0.155717
0.0477166	0.151244
0.0429285	0.14346
0.044299	0.149638
0.0602407	0.158531
0.0659181	0.144589
0.0670754	0.145639
0.062799	0.135901
0.0632785	0.13746
0.066787	0.127264
0.0630513	0.142645
0.0635389	0.137242
0.0571877	0.126827
0.0567987	0.12915
0.0595533	0.135467
0.0573943	0.142676
0.0607738	0.136189
0.0623027	0.139719
0.070082	0.149603
0.0642997	0.151932
0.0653125	0.151338
0.0692537	0.14923
0.0506071	0.140219
0.0418356	0.140461
0.0428298	0.140221
0.0386946	0.144613
0.0391953	0.148107
0.0386761	0.141341
0.0369134	0.152377
0.0424598	0.150511
0.0411875	0.150367
0.0423875	0.15097
0.045614	0.147858
0.0535809	0.14204
0.0526726	0.145954
0.0622306	0.144593
0.062801	0.146037
0.0641797	0.16005
0.066813	0.164192
0.0644013	0.158516
0.0724303	0.16463
0.0797884	0.162744
0.07808	0.153716
0.0657086	0.150276
0.0464396	0.147968
0.0682169	0.13733
0.0737223	0.154592
0.067214	0.147373
0.0733879	0.149957
0.0732991	0.149531
0.0831373	0.155155
0.0753967	0.155789
0.0750725	0.14976
0.0595459	0.163982
0.0582494	0.160016
0.0576804	0.158577
0.0598648	0.156673
0.0577877	0.168453
0.0565798	0.170103
0.0604844	0.164269
0.0664516	0.170787
0.0755486	0.161116
0.0706591	0.153372
0.0709222	0.1501
0.0754456	0.141509
0.063483	0.129785
0.0573476	0.121557
0.0566738	0.129917
0.0573824	0.1279
0.0608813	0.136689
0.0684392	0.130844
0.0643065	0.126409
0.074594	0.128112
0.0737725	0.129486
0.0770567	0.131586
0.0802849	0.13864
0.0775009	0.137638
0.0769143	0.135986
0.0744952	0.136993
0.0749497	0.138081
0.0734623	0.139118
0.0722099	0.146279
0.0952804	0.152016
0.0934427	0.150127
0.0892978	0.145631
0.0940608	0.15248
0.0863183	0.148928
0.093013	0.142567
0.0824019	0.152598
0.0781142	0.140247
0.0835271	0.152835
0.078313	0.154043
0.0665995	0.14764
0.0657979	0.147438
0.0754814	0.148926
0.0719745	0.14778
0.0645272	0.158309
0.0586089	0.159423
0.0486901	0.166428
0.0454969	0.157822
0.0434317	0.170517
0.04303	0.166696
0.0394391	0.164362
0.035346	0.17238
0.0319433	0.178099
0.027655	0.173983
0.023955	0.170613
0.0202923	0.168067
0.00796049	0.152793
0.00856853	0.153866
0.00865715	0.155922
0.00559237	0.157052
0.00686809	0.15829
0.00129078	0.159534
-0.00630721	0.167677
0.00201782	0.165914
-0.000326889	0.159314
-0.00448503	0.155589
-0.00159506	0.152007
-0.00580294	0.154287
-0.0102716	0.154103
-0.00988361	0.154692
-0.0154836	0.166052
-0.0183451	0.17482
-0.0228466	0.171079
-0.0267601	0.158581
-0.0274564	0.157639
-0.0274358	0.154511
-0.019888	0.164236
-0.0266704	0.156061
-0.0260738	0.158974
-0.0250948	0.151733
-0.0220527	0.144176
-0.0290272	0.14122
-0.0309626	0.143276
-0.0397855	0.157185
-0.0543643	0.162642
-0.0489439	0.161591
-0.0531356	0.155608
-0.0524438	0.15437
-0.0545819	0.164835
-0.052927	0.160287
-0.055685	0.168568
-0.0545187	0.164805
-0.0484154	0.162079
-0.044729	0.150533
-0.053678	0.147934
-0.0505767	0.145193
-0.0455187	0.141415
-0.0390633	0.139406
-0.039404	0.127188
-0.0435586	0.134663
-0.0445192	0.140202
-0.0323996	0.132059
-0.01489	0.135276
-0.0314176	0.139603
-0.0238393	0.142842
-0.023023	0.14293
-0.0317682	0.148759
-0.0334972	0.14848
-0.0512703	0.162609
-0.0511052	0.162863
-0.0494771	0.157832
-0.0465132	0.149723
-0.0440896	0.159637
-0.0445341	0.155683
-0.0490434	0.15167
-0.056542	0.152788
-0.0579632	0.143546
-0.0557639	0.134611
-0.0544668	0.136645
-0.0545384	0.13712
-0.0581159	0.142655
-0.0576759	0.144282
-0.0670378	0.147541
-0.058561	0.159544
-0.0620659	0.155186
-0.0702436	0.15522
-0.0626181	0.156482
-0.0657447	0.157067
-0.0633833	0.155239
-0.0613849	0.156183
-0.0596179	0.153626
-0.0627506	0.166396
-0.0553665	0.155061
-0.052989	0.15116
-0.0533423	0.152305
-0.0579481	0.150387
-0.0495047	0.14477
-0.0446823	0.158105
-0.0487141	0.149482
-0.0473945	0.150848
-0.0337814	0.154794
-0.0376228	0.145033
-0.0380901	0.147949
-0.058241	0.139235
-0.0558964	0.140799
-0.0572816	0.140378
-0.0533903	0.127373
-0.0523133	0.133847
-0.051222	0.131001
-0.0504027	0.138984
-0.0476665	0.147074
-0.0641706	0.152855
-0.0629136	0.151216
-0.0614149	0.155551
-0.0603977	0.153277
-0.0527386	0.151208
-0.0424036	0.170916
-0.0476647	0.164146
-0.0686765	0.162434
-0.0618894	0.158432
-0.0670178	0.154343
-0.0699637	0.141443
-0.0649803	0.131446
-0.0482963	0.138296
-0.0467208	0.136354
-0.0469677	0.138434
-0.0541074	0.133496
-0.0557796	0.142271
-0.0443402	0.165384
-0.0449923	0.162539
-0.0509278	0.16506
-0.049883	0.161585
-0.0467497	0.157992
-0.0416171	0.164627
-0.0356552	0.163666
-0.0452434	0.158116
-0.058912	0.148724
-0.0726639	0.14998
-0.0712177	0.148996
-0.0723233	0.151521
-0.070358	0.149282
-0.0681922	0.144882
-0.0700364	0.13352
-0.0794419	0.153077
-0.0872787	0.144804
-0.0923258	0.13706
-0.0912035	0.138114
-0.0951049	0.14482
-0.0948404	0.163318
-0.0904426	0.161904
-0.0832731	0.159001
-0.0614584	0.164517
-0.0634078	0.157702
-0.0638453	0.150662
-0.0606654	0.137119
-0.0671398	0.135405
-0.0708149	0.155963
-0.07221	0.141342
-0.0655485	0.12932
-0.0569195	0.133187
-0.0590504	0.136565
-0.0578538	0.141387
-0.0580273	0.137421
-0.0582259	0.141308
-0.0573254	0.150352
-0.0741086	0.150383
-0.0684326	0.148163
-0.0604925	0.144621
-0.0569413	0.145272
-0.0511826	0.148819
-0.042555	0.152906
-0.044799	0.153011
-0.0492579	0.155294
-0.0410984	0.154803
-0.0386375	0.152288
-0.0432327	0.149205
-0.0320913	0.156019
-0.0315948	0.156234
-0.0261835	0.152006
-0.0262552	0.158536
-0.0448054	0.145162
-0.0469833	0.14884
-0.0424045	0.14805
-0.0487294	0.140858
-0.049926	0.139648
-0.0599557	0.142227
-0.0676934	0.139798
-0.0657779	0.141216
-0.065323	0.144043
-0.0595273	0.151811
-0.070345	0.154427
-0.0695888	0.154464
-0.0677743	0.149124
-0.0680643	0.14784
-0.0692685	0.148019
-0.0680587	0.136859
-0.0738806	0.129728
-0.0730606	0.129619
-0.071412	0.131534
-0.0535758	0.117568
-0.0439951	0.123999
-0.0381497	0.151256
-0.0366119	0.155174
-0.0335375	0.16238
-0.0364098	0.158702
-0.0415641	0.156579
-0.0445532	0.145317
-0.0460946	0.148745
-0.0398592	0.15382
-0.0384548	0.155526
-0.0156878	0.155515
-0.0157231	0.154218
-0.0175243	0.174415
-0.0117982	0.16483
-0.0177577	0.17541
-0.0205219	0.16958
-0.0275802	0.175993
-0.0189895	0.172488
-0.0109061	0.161222
-0.0131413	0.163432
-0.0141796	0.16435
-0.0207915	0.161075
-0.0185979	0.159543
-0.0218195	0.154714
-0.0242613	0.158749
-0.0255056	0.161337
-0.0193502	0.149044
-0.031761	0.132814
-0.0324003	0.131901
-0.0218756	0.130024
-0.0123671	0.13534
-0.0169537	0.132276
-0.0221461	0.134789
-0.0162548	0.120489
-0.0188943	0.12825
-0.0274113	0.133223
-0.0362128	0.135783
-0.0402971	0.151298
-0.0294515	0.163053
-0.0267631	0.155607
-0.0301468	0.167868
-0.0286273	0.170432
-0.0314575	0.16599
-0.0345245	0.163812
-0.0391061	0.159016
-0.0389825	0.157871
-0.0376394	0.159356
-0.0341354	0.149689
-0.0334702	0.150407
-0.0330891	0.150911
-0.0291758	0.149322
-0.0265988	0.151669
-0.0274586	0.152145
-0.0444387	0.155393
-0.0509491	0.132577
-0.0508389	0.136138
-0.0415453	0.136154
-0.0431794	0.143485
-0.0444442	0.138839
-0.041143	0.133163
-0.0444384	0.136093
-0.0494309	0.141985
-0.0456792	0.141186
-0.0466949	0.142846
-0.0432663	0.137851
-0.05286	0.148182
-0.0527577	0.148131
-0.0586411	0.144634
-0.0673034	0.143516
-0.0646333	0.150209
-0.0568543	0.153365
-0.0435256	0.153507
-0.0489827	0.153034
-0.0517085	0.155942
-0.0552766	0.143583
-0.0629703	0.149722
-0.0614258	0.146836
-0.0609044	0.148082
-0.0679184	0.130793
-0.0639959	0.144143
-0.0662651	0.146228
-0.0768044	0.15099
-0.0634358	0.148927
-0.0691563	0.154012
-0.0646698	0.140395
-0.0694135	0.149542
-0.0668793	0.150713
-0.0647267	0.150608
-0.0674381	0.135425
-0.0642508	0.131429
-0.0604261	0.129906
-0.0603337	0.130688
-0.0608877	0.134588
-0.0607973	0.135012
-0.0552003	0.13251
-0.0553571	0.134743
-0.0513789	0.16125
-0.0470244	0.15568
-0.054252	0.155584
-0.0606414	0.153274
-0.0481037	0.166065
-0.0438234	0.169417
-0.0289681	0.174671
-0.0282944	0.177005
-0.0276301	0.171997
-0.0190781	0.162668
-0.0236854	0.174589
-0.0205525	0.167713
-0.00656278	0.158133
-0.0138449	0.163142
-0.0154611	0.170621
-0.00850588	0.160574
0.0005592	0.157664
-0.000920825	0.158505
-0.0115819	0.153371
-0.0163109	0.152389
-0.0208546	0.15643
-0.0211664	0.156383
-0.0199508	0.15419
-0.0220362	0.156663
-0.0334744	0.170761
-0.032679	0.168827
-0.0455703	0.174932
-0.039945	0.171583
-0.0449547	0.166966
-0.0412013	0.162698
-0.0480158	0.160062
-0.0450686	0.153721
-0.0405447	0.152318
-0.0347197	0.163554
-0.0304654	0.163437
-0.0262788	0.160517
-0.0167917	0.145587
-0.00689223	0.151265
0.00288269	0.152569
-0.00856629	0.150147
-0.0130699	0.147096
-0.0178432	0.155391
-0.011799	0.15886
-0.013711	0.166829
-0.0161052	0.173065
-0.0295478	0.182609
-0.0269691	0.177368
-0.025909	0.173777
-0.0222896	0.189765
-0.0158544	0.17936
-0.0103765	0.172599
-0.00908975	0.168094
0.0012285	0.166963
-0.00959704	0.162502
-0.00814177	0.162129
-0.00595288	0.154574
-0.00224179	0.145211
-0.0118055	0.138631
-0.00952652	0.142599
-0.0099211	0.138641
-0.00652781	0.141298
-0.00320425	0.144162
0.00369248	0.152649
0.0106124	0.148406
0.00792509	0.144788
-0.0068334	0.143127
-0.00847809	0.144476
-0.00702583	0.138155
-0.00635816	0.147358
-0.00183633	0.14882
0.00233928	0.150603
0.0201913	0.154181
0.0277324	0.158952
0.0296969	0.157774
0.034676	0.156181
0.0300276	0.152639
0.0349711	0.150436
0.035105	0.142389
0.0278342	0.147449
0.0425663	0.14967
0.0478947	0.154393
0.0506571	0.155954
0.054243	0.153312
0.0514167	0.140596
0.0548449	0.148042
0.0586056	0.149661
0.0540032	0.140344
0.0551439	0.152354
0.0459438	0.155125
0.0497413	0.150682
0.0538861	0.148831
0.0622691	0.143544
0.0632143	0.137377
0.0659481	0.135874
0.0722534	0.13888
0.0701173	0.133872
0.0915215	0.126572
0.0889953	0.138663
0.090082	0.119932
0.0970497	0.11573
0.106704	0.123353
0.10359	0.122941
0.104259	0.121317
0.102661	0.121919
0.0998564	0.138712
0.101161	0.132722
0.0979144	0.128977
0.102175	0.119952
0.103902	0.124401
0.0948313	0.124804
0.100395	0.12009
0.0977726	0.115203
0.0997712	0.115426
0.101219	0.116146
0.100688	0.120417
0.101203	0.122775
0.0923209	0.122659
0.0944907	0.122238
0.0825642	0.131112
0.098227	0.117966
0.0964855	0.130918
0.0946754	0.131737
0.0891812	0.1319
0.100411	0.140228
0.0994515	0.150544
0.108069	0.136673
0.12134	0.127177
0.110436	0.125391
0.11841	0.128851
0.124711	0.118964
0.12658	0.115854
0.125284	0.113234
0.13256	0.110253
0.130837	0.108947
0.127678	0.105078
0.109626	0.0944339
0.0931816	0.104648
0.0982063	0.102792
0.0985741	0.0991893
