-0.0994844	0.10363
-0.100397	0.108341
-0.0988433	0.117324
-0.101521	0.123639
-0.105893	0.128543
-0.0992711	0.129476
-0.101504	0.122945
-0.0902683	0.124657
-0.0854753	0.126609
-0.0810343	0.131685
-0.0627315	0.141346
-0.0671749	0.147462
-0.0612518	0.156613
-0.0612681	0.163965
-0.0474886	0.161534
-0.0459686	0.167521
-0.0346578	0.188145
-0.0290718	0.17396
-0.0174402	0.177451
-0.0139546	0.177391
-0.0208818	0.18595
-0.025965	0.18061
-0.0148859	0.166107
-0.0209526	0.167947
-0.0170723	0.171643
-0.0064331	0.162358
-0.000249545	0.155866
0.007747	0.156929
0.0160098	0.150454
0.0165754	0.148474
0.0189448	0.149577
0.0215974	0.156988
0.0363607	0.142074
0.0403708	0.142541
0.050173	0.121995
0.0546427	0.124109
0.0629899	0.123395
0.0510854	0.123227
0.0452211	0.136619
0.0453544	0.146851
0.0464488	0.138962
0.0561166	0.130571
0.0750466	0.128595
0.0855963	0.136281
0.0931621	0.128672
0.0939869	0.135482
0.0862173	0.142838
0.0876156	0.146905
0.0932545	0.156936
0.0885752	0.150001
0.0953683	0.138645
0.093874	0.13684
0.093386	0.139063
0.0934104	0.136064
0.0978691	0.142452
0.0948259	0.146174
0.107836	0.132767
0.102902	0.133367
0.10393	0.136167
0.0991451	0.132286
0.0970314	0.131042
0.0988961	0.129448
0.0955741	0.120246
0.0972237	0.118489
0.0989169	0.117233
0.100081	0.114328
0.104795	0.117998
0.102861	0.121448
0.102971	0.130905
0.105438	0.132907
0.102348	0.113899
0.120291	0.122416
0.129522	0.100681
0.137204	0.0946179
0.135461	0.104368
0.136265	0.111825
0.137835	0.0979201
0.143669	0.114702
0.134648	0.106787
0.14806	0.102969
0.130974	0.0991072
0.13519	0.0931281
0.144696	0.0920158
0.144102	0.0819173
0.148226	0.0789026
0.141399	0.08504
0.138101	0.0805438
0.154199	0.0770876
0.150259	0.0790896
0.147692	0.0800912
0.13707	0.0882046
0.127327	0.0719108
0.130684	0.0757694
0.127755	0.0708692
0.131341	0.0724767
0.136864	0.0693526
0.134664	0.0715142
0.142238	0.0631404
0.147148	0.0656467
0.137745	0.052409
0.136878	0.05594
0.129863	0.0586269
0.135793	0.0569962
0.143776	0.0572229
0.145036	0.0652151
0.150833	0.0653432
0.152111	0.0790939
0.150219	0.0864316
0.151336	0.0799236
0.150366	0.0823802
0.142448	0.102058
0.14169	0.0995238
0.135125	0.10047
0.134302	0.103838
0.131408	0.103941
0.140592	0.111534
0.140338	0.107382
0.137392	0.0935554
0.136547	0.0877112
0.126837	0.0796834
0.120308	0.0794625
0.116092	0.0821199
0.109764	0.0919468
0.108557	0.0992773
0.0959336	0.0936166
0.0995235	0.0976557
0.1038	0.100298
0.0995405	0.0971813
0.0998462	0.101501
0.115957	0.104264
0.121657	0.105313
0.122206	0.10644
0.113875	0.104433
0.113499	0.108846
0.123077	0.0949512
0.122142	0.0821859
0.121737	0.0683422
0.130546	0.0713657
0.139339	0.0682636
0.129396	0.0757432
0.142012	0.0750096
0.141158	0.0767356
0.126992	0.0751495
0.132191	0.0816795
0.131831	0.083092
0.146517	0.0901152
0.139753	0.0827939
0.135517	0.0643056
0.134645	0.067285
0.127575	0.0625103
0.115254	0.0618539
0.128459	0.0577314
0.130065	0.0603954
0.133455	0.0597155
0.128291	0.0617643
0.12793	0.0644671
0.125479	0.0725244
0.132208	0.0725909
0.126059	0.0750485
0.127414	0.0764131
0.117917	0.0744459
0.135016	0.0723499
0.144154	0.0796125
0.143056	0.0797426
0.137608	0.076334
0.131452	0.0762938
0.129645	0.0725869
0.134732	0.0766244
0.149097	0.056968
0.148928	0.0667183
0.140522	0.0658875
0.145278	0.0553302
0.151462	0.0567348
0.143929	0.034828
0.151658	0.039034
0.151166	0.0482026
0.150957	0.05022
0.147932	0.0534008
0.147668	0.0508375
0.137227	0.0507258
0.140271	0.0526296
0.147105	0.0477066
0.148485	0.0439995
0.155196	0.0472673
0.148743	0.0570065
0.148488	0.0571357
0.147117	0.0639817
0.149188	0.0665919
0.151805	0.0777345
0.142004	0.0926373
0.151785	0.0993787
0.14865	0.0963238
0.146852	0.0919273
0.147215	0.0907709
0.142685	0.0914054
0.138027	0.0971327
0.128267	0.0976218
0.132581	0.0923618
0.130975	0.0894158
0.13504	0.0890353
0.131143	0.0785905
0.131229	0.079749
0.136968	0.0743584
0.13411	0.0693034
0.133074	0.0630412
0.129874	0.068334
0.132304	0.071956
0.126517	0.0832622
0.136229	0.0940027
0.140484	0.0944201
0.142594	0.0922535
0.126596	0.0914233
0.126995	0.0911793
0.153302	0.08811
0.149716	0.0831936
0.140181	0.0769167
0.137618	0.0811986
0.133092	0.0827893
0.130091	0.0797454
0.132901	0.0828831
0.124395	0.0886592
0.126546	0.0914393
0.128957	0.0932665
0.128618	0.102045
0.122339	0.102509
0.125889	0.103589
0.116766	0.0975001
0.116851	0.0958007
0.117072	0.093216
0.127675	0.0868384
0.128199	0.0847036
0.130186	0.0794345
0.137248	0.0889124
0.134023	0.0894153
0.129085	0.0890607
0.138221	0.0827681
0.138018	0.0827326
0.136812	0.0981641
0.136629	0.0950082
0.136214	0.0901681
0.134389	0.089398
0.133675	0.0891814
0.127542	0.0815617
0.129675	0.0939616
0.124239	0.075556
0.125513	0.055818
0.133447	0.0565899
0.135945	0.0566976
0.140003	0.0730881
0.143332	0.0754603
0.137948	0.0762072
0.135284	0.0648143
0.131706	0.066677
0.123909	0.0668335
0.124745	0.0692148
0.120999	0.0714258
0.124531	0.0728519
0.131315	0.0705466
0.13471	0.0706348
0.134768	0.0730109
0.128965	0.0827096
0.143849	0.0875058
0.148031	0.0985644
0.151684	0.0977993
0.152679	0.0965594
0.148659	0.094964
0.135233	0.095263
0.136719	0.0951045
0.128424	0.0827011
0.130306	0.0891102
0.132958	0.0956752
0.135895	0.110374
0.129187	0.115301
0.13228	0.104199
0.13099	0.0991275
0.128372	0.0937781
0.121597	0.0998206
0.127578	0.0992548
0.126757	0.0904535
0.123522	0.0912913
0.122969	0.101506
0.126593	0.100716
0.132982	0.103409
0.120976	0.108663
0.120414	0.105866
0.122513	0.10223
0.127439	0.105012
0.103044	0.0998329
0.106189	0.107552
0.113521	0.104842
0.119863	0.103484
0.121198	0.100312
0.122042	0.0972791
0.122658	0.0971973
0.124047	0.0875805
0.12547	0.0980507
0.123264	0.0940903
0.124924	0.0874008
0.119361	0.0936716
0.109876	0.0887459
0.111312	0.0945883
0.113893	0.0998165
0.112174	0.10441
0.112121	0.103868
0.118184	0.105292
0.118972	0.0959511
0.117343	0.100882
0.129411	0.117866
0.127967	0.115174
0.140505	0.122205
0.129597	0.119816
0.130839	0.10844
0.134903	0.10481
0.134696	0.102124
0.139509	0.0901007
0.138729	0.0879433
0.131285	0.0901828
0.139917	0.0964436
0.143782	0.109749
0.144581	0.116454
0.13971	0.118387
0.139542	0.113212
0.119834	0.1104
0.119265	0.108915
0.120523	0.108169
0.12155	0.112395
0.125538	0.103767
0.128765	0.0994449
0.14072	0.110162
0.142209	0.0998387
0.141371	0.0990431
0.130819	0.109106
0.129162	0.106933
0.136372	0.118427
0.147369	0.109348
0.146282	0.0934531
0.14638	0.0844679
0.14651	0.0955622
0.151442	0.10187
0.146735	0.104497
0.142708	0.10987
0.138051	0.106932
0.117841	0.105894
0.129195	0.114049
0.121697	0.117735
0.119197	0.121277
0.0884827	0.125729
0.088105	0.119357
0.089005	0.106147
0.0765952	0.10925
0.072515	0.110487
0.0661259	0.114559
0.0742867	0.114722
0.0820299	0.119056
0.0910425	0.120651
0.0939293	0.118901
0.0975057	0.119019
0.101754	0.122369
0.106739	0.119779
0.113294	0.119159
0.116143	0.116653
0.13074	0.106478
0.125897	0.0988549
0.116777	0.0941051
0.117095	0.096276
0.119219	0.107643
0.122631	0.107817
0.12224	0.106409
0.124043	0.104648
0.120189	0.105351
0.130844	0.108422
0.119931	0.0870588
0.141097	0.0981376
0.139881	0.102031
0.14815	0.090142
0.147353	0.0965467
0.141727	0.0891141
0.142779	0.0891511
0.136851	0.0921315
0.138027	0.0928556
0.135122	0.0900016
0.141469	0.0943271
0.12705	0.0965708
0.121373	0.0993246
0.124942	0.100435
0.123942	0.10172
0.122829	0.099104
0.116227	0.0836288
0.114264	0.0890071
0.106158	0.0963085
0.108046	0.0986962
0.113134	0.0982511
0.107719	0.102103
0.120102	0.110342
0.123266	0.10904
0.124317	0.112812
0.14702	0.115297
0.151957	0.112637
0.145477	0.104775
0.14022	0.101082
0.138093	0.0992141
0.132495	0.0844261
0.146643	0.0894501
0.135499	0.0821485
0.134376	0.0827425
0.125907	0.0819238
0.130493	0.0648363
0.13139	0.0669178
0.138777	0.0713912
0.12946	0.077297
0.11926	0.0644292
0.118843	0.069647
0.121831	0.0731128
0.124115	0.075246
0.130847	0.0796999
0.142873	0.0625776
0.157649	0.0655178
0.153148	0.0704758
0.150858	0.0726807
0.148804	0.0788934
0.153647	0.0788275
0.14576	0.0895902
0.145286	0.0846156
0.14359	0.0841543
0.141614	0.0838717
0.152678	0.108615
0.127524	0.0911584
0.125269	0.0931704
0.127225	0.0963395
0.126818	0.0969934
0.126381	0.101975
0.1372	0.100356
0.14435	0.0964487
0.124815	0.0835158
0.117398	0.0877044
0.119713	0.0906704
0.125	0.10599
0.119112	0.111112
0.118695	0.112687
0.132435	0.116066
0.131876	0.114135
0.120307	0.120337
0.10968	0.113918
0.108352	0.11463
0.117755	0.111854
0.109549	0.0940692
0.118985	0.0925504
0.124692	0.109591
0.11184	0.123542
0.103257	0.118816
0.0965728	0.12393
0.0984643	0.12269
0.107118	0.119091
0.10599	0.118758
0.106423	0.117524
0.0867322	0.132012
0.0946494	0.120338
0.113745	0.112486
0.118466	0.109123
0.119527	0.112007
0.118794	0.107935
0.120292	0.0971758
0.129476	0.100375
0.128206	0.0946771
0.111755	0.102036
0.128312	0.0951921
0.121877	0.0877682
0.125697	0.0929167
0.141056	0.0832371
0.153404	0.0841197
0.151373	0.0648633
0.156598	0.0703377
0.154281	0.0655061
0.160865	0.0799917
0.157422	0.0793643
0.155178	0.0712189
0.162943	0.072982
0.155428	0.0778783
0.166347	0.085905
0.170699	0.0964021
0.163971	0.0929564
0.153306	0.0862973
0.152266	0.0842499
0.154225	0.0896017
0.143144	0.0852207
0.123631	0.0770348
0.130679	0.0852656
0.131463	0.0814084
0.118101	0.0750671
0.113859	0.074413
0.116563	0.0767473
0.130482	0.0845377
0.131465	0.106923
0.128089	0.104497
0.124461	0.0975074
0.124373	0.0990942
0.135859	0.0955493
0.134284	0.0947287
0.12979	0.0954124
0.128753	0.09545
0.128092	0.0950459
0.125954	0.0969977
0.127436	0.104333
0.117242	0.0853163
0.111259	0.0714364
0.115811	0.0812895
0.119059	0.0814191
0.124562	0.0806897
0.124019	0.0756146
0.121603	0.0752237
0.121616	0.0783584
0.121448	0.0827551
0.127303	0.0976701
0.127691	0.0951557
0.127651	0.0899873
0.113694	0.104125
0.114654	0.103903
0.115779	0.108661
0.120187	0.106476
0.117837	0.107051
0.119	0.108038
0.130088	0.104091
0.149425	0.0970323
0.138647	0.0849523
0.13877	0.0749878
0.131933	0.0759783
0.132045	0.0667244
0.139097	0.0679943
0.145068	0.0703615
0.141085	0.0640024
0.140589	0.0675102
0.141066	0.0683967
0.135932	0.0648527
0.132332	0.057729
0.13331	0.0593302
0.137358	0.0640226
0.142914	0.0594099
0.142927	0.061035
0.156563	0.0691484
0.152851	0.0676323
0.150371	0.0682029
0.148965	0.0669149
0.145682	0.0495006
0.148396	0.0533082
0.149137	0.048852
0.152074	0.0608287
0.152629	0.0617509
0.15356	0.0652944
0.153207	0.0677267
0.153865	0.0625331
0.155181	0.065626
0.162584	0.0570302
0.160885	0.0583153
0.136456	0.0526538
0.121585	0.0588077
0.125204	0.0615448
0.120364	0.0467889
0.125612	0.0600917
0.128668	0.0783355
0.131854	0.0819029
0.129954	0.0901055
0.128503	0.0978171
0.135646	0.107715
0.133937	0.1054
0.136771	0.0962732
0.136382	0.0949341
0.135967	0.0941123
0.146214	0.0791201
0.154811	0.0793012
0.14073	0.0787076
0.139847	0.0813291
0.140477	0.0831473
0.142254	0.0954016
0.141359	0.0937556
0.140108	0.0840166
0.139456	0.0902916
0.137033	0.0921284
0.146034	0.0889059
0.14377	0.0897773
0.140461	0.0748132
0.139309	0.0818486
0.140231	0.0848769
0.147142	0.0737706
0.140887	0.0811969
0.144071	0.0905348
0.137557	0.0878055
0.135736	0.0894219
0.133132	0.0865145
0.131494	0.0861297
0.133434	0.0830986
0.12022	0.0896866
0.115025	0.0818235
0.109267	0.0892163
0.113536	0.103842
0.116979	0.0963414
0.11042	0.0944582
0.121495	0.0894207
0.122654	0.0924073
0.11975	0.0980049
0.108339	0.0818602
0.119189	0.0831497
0.122579	0.0863843
0.13429	0.0960123
0.135589	0.0966766
0.128866	0.0905131
0.113722	0.0901235
0.119093	0.103104
0.114261	0.106569
0.0883648	0.125755
0.0898512	0.126724
0.0980166	0.120937
0.102516	0.115867
0.100839	0.111341
0.104551	0.10351
0.109902	0.097512
0.121831	0.085541
0.129637	0.0805519
0.130211	0.0815288
0.137353	0.0875054
0.13648	0.0876824
0.136834	0.0952926
0.133868	0.0887759
0.125161	0.0796203
0.132729	0.089451
0.130272	0.081944
0.129604	0.0755409
0.138559	0.0772752
0.134621	0.0814259
0.130957	0.0904864
0.125566	0.0874803
0.120084	0.0876769
0.121142	0.102864
0.123588	0.100811
0.128208	0.0970609
0.131444	0.108479
0.129403	0.100003
0.126033	0.106966
0.131717	0.102263
0.124847	0.0993169
0.124813	0.099275
0.11883	0.0980163
0.131656	0.113205
0.140223	0.123798
0.135789	0.111664
0.139941	0.103117
0.134366	0.10399
0.133544	0.106088
0.137799	0.110778
0.135785	0.105062
0.133962	0.103236
0.120289	0.10512
0.124262	0.105721
0.133545	0.102404
0.134401	0.103354
0.127706	0.108363
0.127502	0.105422
0.126137	0.102892
0.125713	0.102016
0.129654	0.0955911
0.132316	0.0897279
0.128141	0.0859442
0.127868	0.0800806
0.135922	0.0825957
0.135654	0.0804446
0.132899	0.0806851
0.133341	0.0884202
0.135617	0.0802666
0.146518	0.0899658
0.143807	0.0888077
0.142478	0.0890389
0.118893	0.0920514
0.104017	0.0933161
0.106571	0.0948176
0.110559	0.0966153
0.119181	0.106063
0.118447	0.105739
0.118801	0.105265
0.121264	0.0938022
0.130834	0.0931742
0.125738	0.0917118
0.125818	0.090445
0.126014	0.0940219
0.124634	0.0934012
0.123111	0.0949372
0.133146	0.0814102
0.129871	0.0810273
0.124935	0.0853444
0.112904	0.0945457
0.122276	0.091725
0.121767	0.092751
0.121449	0.0983765
0.121339	0.100154
0.124113	0.0892754
0.127139	0.0847947
0.128296	0.0860122
0.127471	0.0936903
0.133073	0.118894
0.130822	0.120622
0.137328	0.114035
0.140691	0.119424
0.140284	0.108575
0.14184	0.113849
0.1282	0.120824
0.127604	0.117928
0.124303	0.125807
0.119777	0.128388
0.108044	0.103889
0.12191	0.118591
0.106917	0.129803
0.109246	0.125604
0.107359	0.123669
0.102361	0.125671
0.103752	0.12625
0.0987477	0.10327
0.10056	0.103493
0.102388	0.10596
0.0881131	0.1065
0.100267	0.112157
0.0965365	0.0942629
0.123668	0.09249
0.125951	0.0911201
0.135538	0.0760531
0.132118	0.0631968
0.130341	0.0856663
0.148711	0.0940977
0.142365	0.0884335
0.149706	0.0858776
0.154384	0.0820504
0.149462	0.0753541
0.139428	0.0746932
0.140203	0.0767797
0.131874	0.0690616
0.142317	0.0735234
0.142823	0.0758905
0.145707	0.0669825
0.14406	0.0733726
0.14892	0.0742417
0.147317	0.0723344
0.155977	0.0815119
0.145738	0.0955799
0.135872	0.0804234
0.147049	0.078769
0.153036	0.0972298
0.15145	0.102501
0.146785	0.100077
0.133738	0.0979061
0.136619	0.090368
0.130923	0.0947811
0.127268	0.0914533
0.131316	0.0737999
0.131375	0.0754879
0.133278	0.0782045
0.140324	0.0960827
0.13639	0.0875653
0.136886	0.0768916
0.127876	0.0640852
0.133027	0.0665894
0.116166	0.0762854
0.106039	0.0625259
0.108799	0.0599979
0.114427	0.0635618
0.114507	0.061921
0.117691	0.0646557
0.120748	0.0728234
0.116591	0.0786202
0.11624	0.0800108
0.103889	0.0758969
0.102665	0.090813
0.12015	0.0801729
0.11411	0.0767482
0.120853	0.0747967
0.140424	0.0855642
0.13899	0.0852703
0.140838	0.0938137
0.135701	0.0702299
0.13645	0.0856062
0.138568	0.0951442
0.117955	0.0933574
0.124482	0.0997159
0.121712	0.0921558
0.140739	0.082713
0.14524	0.0955995
0.142113	0.0948308
0.136417	0.0976117
0.121647	0.0989014
0.118423	0.0943929
0.113299	0.0908532
0.12292	0.0754461
0.129956	0.0893459
0.137024	0.0800134
0.131572	0.0689822
0.133227	0.0719728
0.1217	0.0940611
0.121579	0.0935185
0.118882	0.0927943
0.125397	0.0994991
0.125986	0.075916
0.135852	0.0792333
0.13454	0.0795241
0.153543	0.0766332
0.146608	0.0693098
0.150361	0.0600777
0.148859	0.061647
0.149119	0.0539025
0.148205	0.0563026
0.125345	0.0591884
0.140588	0.0658925
0.140787	0.062252
0.142694	0.0640644
0.142696	0.0661303
0.140843	0.061742
0.141053	0.0651185
0.141687	0.0630745
0.143083	0.0669924
0.156274	0.0678095
0.157398	0.0667842
0.154886	0.0716636
0.159475	0.0678319
0.156735	0.0691522
0.144938	0.0524526
0.143364	0.0558442
0.157579	0.0605652
0.154796	0.0484473
0.155381	0.0468915
0.152941	0.0451876
0.150188	0.0568171
0.134872	0.0575548
0.138153	0.0592969
0.137168	0.0424829
0.140885	0.0403695
0.134984	0.0513245
0.142115	0.0492006
0.135944	0.0441807
0.13862	0.0455236
0.141424	0.0528786
0.148528	0.0571526
0.147887	0.0589331
0.145045	0.0606271
0.143429	0.0596906
0.142954	0.0558894
0.141033	0.0602921
0.144766	0.0624727
0.158211	0.0804664
0.157464	0.0822664
0.159127	0.0825613
0.158645	0.086199
0.144742	0.0685208
0.148309	0.0776772
0.143472	0.0901799
0.150378	0.0863031
0.143483	0.0830642
0.1559	0.0863252
0.151011	0.0857539
0.138231	0.0848309
0.155873	0.0980718
0.16212	0.0898074
0.155411	0.0879943
0.158694	0.0904942
0.157734	0.0913264
0.157025	0.0937828
0.147027	0.0977098
0.128157	0.0863544
0.126251	0.0924558
0.140025	0.0735623
0.129689	0.0711583
0.132488	0.08094
0.133908	0.0761388
0.138063	0.066574
0.11274	0.0538565
0.118985	0.0684347
0.116068	0.0884975
0.129389	0.0857156
0.124093	0.0874927
0.123628	0.0885551
0.129455	0.083869
0.129871	0.0844884
0.131506	0.087916
0.143594	0.0923335
0.14806	0.0879341
0.149617	0.0840445
0.148102	0.0965125
0.145594	0.0925962
0.137491	0.0844769
0.133206	0.0885884
0.11553	0.100233
0.110006	0.110493
0.111891	0.109121
0.108512	0.108093
0.109478	0.107154
0.111043	0.107389
0.0979559	0.107872
0.0982088	0.115389
0.105298	0.130072
0.08965	0.128576
0.101679	0.124226
0.101145	0.128063
0.102387	0.123661
0.109399	0.122371
0.1228	0.122279
0.123194	0.11863
0.116302	0.119726
0.125035	0.121409
0.119933	0.109097
0.120803	0.112209
0.116081	0.110867
0.116814	0.109516
0.140945	0.115936
0.136444	0.115002
0.128292	0.113003
0.12703	0.113165
0.124008	0.116226
0.127799	0.122447
0.124717	0.118399
0.125374	0.112804
0.117465	0.12596
0.133676	0.133761
0.134454	0.129978
0.122261	0.132
0.11911	0.127593
0.114742	0.12958
0.1109	0.128665
0.109157	0.12594
0.100584	0.119933
0.104934	0.12227
0.0987319	0.140213
0.0941677	0.156189
0.0921059	0.152665
0.0945928	0.146367
0.0954608	0.146006
0.0960223	0.142873
0.0891928	0.131968
0.0902564	0.12119
0.0957875	0.125021
0.098279	0.122772
0.0893135	0.103176
0.0995599	0.0921489
0.106757	0.0958126
0.111308	0.0992242
0.113242	0.102566
0.107895	0.0872893
0.127104	0.0844772
0.127862	0.0840282
0.126334	0.0844416
0.134264	0.0763491
0.128827	0.0712675
0.136897	0.0632421
0.137326	0.0652312
0.13115	0.0589731
0.142973	0.0655748
0.149066	0.0709734
0.153171	0.0756116
0.137974	0.0728393
0.135857	0.0752223
0.136603	0.0885087
0.135757	0.103561
0.130393	0.105632
0.129618	0.100902
0.131376	0.109321
0.129883	0.107702
0.125512	0.0994561
0.124902	0.098384
0.11998	0.101071
0.110387	0.107462
0.121848	0.105817
0.115545	0.0848909
0.128969	0.0720602
0.125834	0.0779012
0.108866	0.0990279
0.110149	0.0995876
0.114194	0.102933
0.106896	0.0986211
0.122042	0.0996953
0.112751	0.111944
0.100421	0.101106
0.118209	0.102655
0.118648	0.102884
0.116174	0.0954785
0.116307	0.106544
0.120876	0.107877
0.125568	0.10892
0.125216	0.105432
0.125031	0.104356
0.132383	0.104225
0.130382	0.101209
0.14686	0.100921
0.146994	0.0896043
0.141829	0.0864954
0.1449	0.0865007
0.14365	0.0862528
0.137956	0.0853378
0.144773	0.0855443
0.156989	0.0786604
0.167154	0.0645201
0.178081	0.0458296
0.168666	0.0462472
0.153659	0.0543439
0.143601	0.0377663
0.14472	0.0407757
0.150456	0.0457501
0.148797	0.0438933
0.149169	0.0432232
0.136735	0.0394837
0.145507	0.043696
0.14288	0.0465441
0.140082	0.0368241
0.132702	0.0422048
0.146869	0.0359734
0.146221	0.0513393
0.149221	0.0544999
0.149252	0.0336971
0.156689	0.0381318
0.160441	0.0424847
0.15669	0.045332
0.150793	0.0532457
0.143804	0.0476796
0.145296	0.056759
0.159003	0.0564091
0.141795	0.0383601
0.140539	0.0460853
0.152297	0.0496965
0.154185	0.0419615
0.150475	0.0258801
0.147712	0.0192991
0.148627	0.0235851
0.150243	0.0284737
0.152577	0.0427621
0.154911	0.0437406
0.150861	0.0299976
0.150586	0.0301422
0.148425	0.0270002
0.153772	0.0169885
0.139816	0.0170609
0.142825	0.0151483
0.149243	0.0200297
0.157901	0.0225084
0.16474	0.037032
0.15969	0.0520891
0.156083	0.0603165
0.152257	0.0608248
0.151146	0.0517024
0.140459	0.0559602
0.143111	0.0612932
0.142492	0.0645042
0.149151	0.0472564
0.146273	0.0515334
0.146291	0.0534673
0.151707	0.0578716
0.159681	0.0710503
0.159883	0.0718884
0.155103	0.0592587
0.158443	0.0564577
0.158083	0.0463285
0.1454	0.0464277
0.145779	0.0436961
0.141174	0.0427288
0.138418	0.0418364
0.138894	0.0397196
0.141028	0.03846
0.130996	0.0654675
0.132869	0.0696442
0.138888	0.0754394
0.130836	0.0618658
0.124316	0.0623252
0.129104	0.0811026
0.133188	0.0956959
0.148467	0.104162
0.14006	0.109949
0.1367	0.107028
0.137329	0.104139
0.13953	0.106719
0.136741	0.104574
0.131143	0.102346
0.135632	0.100922
0.119956	0.103063
0.112358	0.11138
0.127766	0.113615
0.126297	0.10473
0.12273	0.104772
0.132589	0.104079
0.135126	0.115011
0.140328	0.108869
0.134696	0.107894
0.135741	0.112432
0.13407	0.0944926
0.127631	0.094231
0.12756	0.0931395
0.127445	0.0950885
0.118232	0.0973265
0.121054	0.100835
0.118838	0.111912
0.104097	0.111124
0.104383	0.113548
0.103901	0.11582
0.0990908	0.114556
0.0972879	0.111788
0.110725	0.109971
0.105693	0.111656
0.105724	0.108923
0.107104	0.112839
0.108345	0.11028
0.113082	0.110344
0.109048	0.101731
0.107892	0.109818
0.114667	0.104465
0.118393	0.0967659
0.121333	0.0936698
0.125096	0.0813903
0.126381	0.0831995
0.131114	0.080208
0.126181	0.0893738
0.131053	0.0950152
0.129439	0.0948092
0.128663	0.0987757
0.133405	0.100977
0.133764	0.100633
0.131924	0.0933496
0.129124	0.0848177
0.131703	0.0842433
0.127275	0.0969828
0.134583	0.0948851
0.137119	0.0947621
0.146868	0.110415
0.14426	0.10912
0.13825	0.106777
0.134765	0.122996
0.128536	0.119973
0.136704	0.128012
0.130673	0.157731
0.11735	0.154269
0.114875	0.154416
0.112512	0.147338
0.112067	0.14025
0.10997	0.138257
0.117967	0.136292
0.11762	0.132904
0.116088	0.128935
0.130765	0.124747
0.134701	0.124063
0.127114	0.117257
0.120415	0.11381
0.114855	0.111485
0.115128	0.110772
0.124106	0.103457
0.123617	0.0790437
0.125326	0.0806453
0.137821	0.0766826
0.137421	0.0774935
0.144491	0.0817103
0.141722	0.0813316
0.141378	0.0816071
0.134725	0.0760048
0.113586	0.0867383
0.11342	0.103037
0.115782	0.105193
0.117602	0.102425
0.12261	0.0983992
0.121301	0.108998
0.118905	0.0941035
0.108085	0.090109
0.116631	0.0815507
0.117068	0.0843097
0.119049	0.086848
0.114892	0.0814679
0.113212	0.0827634
0.112547	0.0853298
0.123892	0.0900737
0.125427	0.0898758
0.122787	0.0918662
0.122714	0.0947847
0.116385	0.0921134
0.106601	0.0852028
0.105931	0.0837597
0.111649	0.0866926
0.118945	0.0750172
0.120925	0.0736483
0.127321	0.0753903
0.131208	0.0931974
0.133169	0.0747482
0.133325	0.076183
0.123044	0.0664852
0.124405	0.0625658
0.142266	0.0623706
0.141291	0.064376
0.140843	0.0657467
0.14271	0.0702564
0.136706	0.0640616
0.127718	0.084531
0.131473	0.0791222
0.124771	0.0812218
0.125675	0.0846471
0.124775	0.0805924
0.13255	0.0791545
0.123801	0.102387
0.117846	0.0934215
0.130099	0.0959276
0.113264	0.0841664
0.121921	0.0800121
0.13403	0.0842237
0.133697	0.0851141
0.138332	0.0816625
0.139431	0.0816837
0.134724	0.0821538
0.134734	0.0863856
0.135688	0.0908794
0.131999	0.0828941
0.138098	0.0873629
0.131553	0.0879995
0.130936	0.088775
0.130063	0.0896162
0.125441	0.0774831
0.132465	0.0802072
0.132738	0.0770536
0.137571	0.0709813
0.141747	0.0770348
0.141461	0.070903
0.140594	0.0708445
0.145903	0.0895819
0.143008	0.0969718
0.137911	0.0951032
0.135209	0.0940154
0.136636	0.0713715
0.120393	0.0653905
0.126726	0.0675476
0.128508	0.0712816
0.134553	0.0663516
0.131669	0.0652653
0.134939	0.071614
0.129754	0.0847328
0.129351	0.0855324
0.124475	0.0851966
0.130824	0.087635
0.131172	0.0894971
0.131604	0.0890591
0.128648	0.08934
0.121416	0.0874497
0.128634	0.0815383
0.138521	0.092942
0.134927	0.0889755
0.128625	0.0893634
0.133246	0.082877
0.131259	0.0818714
0.131691	0.0831772
0.129111	0.0936336
0.116755	0.0861497
0.119872	0.0898289
0.115131	0.0896821
0.115856	0.0830981
0.13017	0.0790942
0.128441	0.0739376
0.119027	0.0730007
0.101954	0.0873521
0.101369	0.0876593
0.101414	0.0948923
0.105267	0.0940072
0.108759	0.0948959
0.115682	0.105063
0.117631	0.115731
0.103339	0.125543
0.101459	0.124757
0.106943	0.116133
0.111778	0.114986
0.11463	0.108749
0.107816	0.101066
0.103201	0.100761
0.107405	0.0965302
0.109043	0.0963072
0.10791	0.107407
0.1087	0.105954
0.117221	0.0964294
0.105682	0.0964985
0.109918	0.0969018
0.102822	0.104627
0.119648	0.114129
0.10982	0.118802
0.108516	0.124479
0.110423	0.124256
0.11006	0.130979
0.117525	0.127254
0.13203	0.12726
0.128512	0.123569
0.118299	0.109774
0.109177	0.106912
0.114139	0.10805
0.11055	0.10726
0.0971469	0.0998917
0.0975858	0.0953389
0.0916952	0.0908417
0.102774	0.100842
0.113019	0.0956384
0.115872	0.0891303
0.112902	0.0952658
0.115547	0.0952145
0.119506	0.0956231
0.119936	0.104004
0.115095	0.101265
0.112695	0.106391
0.113064	0.105583
0.106568	0.0981693
0.119291	0.0882692
0.119511	0.0879274
0.122253	0.105323
0.12308	0.111021
0.128711	0.116184
0.127074	0.109817
0.138434	0.102722
0.128499	0.107939
0.116399	0.110128
0.106599	0.0980855
0.0966494	0.111735
0.100605	0.09781
0.0942053	0.0787886
0.106301	0.0852206
0.106451	0.0890867
0.114422	0.0917385
0.11887	0.0925776
0.123416	0.098581
0.118547	0.0986396
0.119691	0.0985216
0.130881	0.0969242
0.136289	0.0937034
0.139001	0.0883476
0.123279	0.0926505
0.123658	0.0919618
0.115609	0.0873199
0.112226	0.0922326
0.12061	0.0810991
0.124056	0.0828793
0.130849	0.0693311
0.143478	0.0627408
0.134586	0.0575649
0.135476	0.0517952
0.144687	0.0563085
0.144552	0.0654496
0.148172	0.0820924
0.145473	0.0819824
0.134934	0.0958078
0.134867	0.0941029
0.130051	0.0933253
0.129252	0.0933483
0.135456	0.105611
0.134729	0.104463
0.140933	0.104454
0.130365	0.088964
0.132021	0.0831265
0.120645	0.0769128
0.137423	0.087985
0.131358	0.0880146
0.14557	0.102334
0.139343	0.104969
0.134305	0.103094
0.12575	0.104423
0.128948	0.102924
0.128402	0.102253
0.126732	0.0875452
0.12777	0.0878541
0.139058	0.104448
0.12642	0.0963183
0.120601	0.0949156
0.118923	0.100887
0.123779	0.0731521
0.126077	0.0751883
0.121638	0.0817669
0.136359	0.0864998
0.131115	0.0866798
0.118437	0.107415
0.115053	0.112413
0.115483	0.107654
0.116617	0.107984
0.117179	0.110681
0.107348	0.107088
0.103374	0.105151
0.0989137	0.0992124
0.114012	0.0912549
0.117746	0.0907543
0.121646	0.0905786
0.132025	0.0818735
0.133913	0.0843349
0.136694	0.0841315
0.131346	0.0852906
0.137129	0.0836276
0.138706	0.0851332
0.138984	0.100451
0.143596	0.0912395
0.137046	0.0937436
0.130716	0.100127
0.137914	0.0964099
0.150575	0.086385
0.140532	0.0883375
0.110102	0.0896455
0.112994	0.0839561
0.108149	0.0848199
0.11186	0.0999615
0.111737	0.102245
0.118807	0.103673
0.118867	0.103008
0.127394	0.118895
0.129553	0.123013
0.121781	0.120822
0.138636	0.114429
0.134679	0.111741
0.12554	0.106621
0.124154	0.104507
0.129619	0.110968
0.135573	0.107539
0.12973	0.106663
0.131903	0.103872
0.136858	0.105792
0.131349	0.0984395
0.12587	0.110141
0.111272	0.106925
0.116719	0.103859
0.128223	0.0882181
0.129373	0.089261
0.12742	0.0902856
0.127829	0.0832261
0.118899	0.077249
0.11258	0.0631868
0.114216	0.0713606
0.12182	0.0678837
0.124115	0.0718975
0.129538	0.0819252
0.136569	0.0777454
0.126765	0.0832059
0.131629	0.0837079
0.124351	0.0837132
0.126184	0.0843209
0.128611	0.085251
0.125199	0.0874362
0.125161	0.0915082
0.134029	0.0880301
0.135025	0.076478
0.135226	0.0887485
0.130314	0.103349
0.141156	0.100743
0.140408	0.102744
0.137069	0.0995363
0.134992	0.0986455
0.130102	0.0964211
0.128816	0.087681
0.123009	0.0822601
0.119567	0.0807568
0.121576	0.083646
0.123523	0.0852258
0.125639	0.0878009
0.111319	0.08659
0.126029	0.0872428
0.119557	0.0897249
0.117711	0.0924739
0.10591	0.0963349
0.106958	0.0999767
0.108086	0.0920997
0.116536	0.0875883
0.120636	0.098373
0.123724	0.101605
0.114637	0.0927449
0.110003	0.0984154
0.107244	0.0979977
0.108767	0.0998222
0.116624	0.0969697
0.109171	0.101745
0.111004	0.102264
0.110911	0.104891
0.118382	0.104128
0.120839	0.0966037
0.123449	0.100418
0.123645	0.0977151
0.124709	0.0993598
0.11683	0.104907
0.118921	0.104289
0.145973	0.108069
0.137939	0.107648
0.141556	0.0994241
0.127652	0.109886
0.126744	0.108126
0.126435	0.106762
0.133688	0.101326
0.141484	0.101541
0.134008	0.0898246
0.13233	0.0893609
0.133402	0.0994262
0.132418	0.0995555
0.134766	0.0954448
0.134331	0.0870084
0.136873	0.0825432
0.120497	0.0727606
0.129846	0.0731621
0.131075	0.0780255
0.133567	0.0805725
0.134636	0.0819846
0.135645	0.0835291
0.134699	0.0847944
0.138088	0.0883359
0.124125	0.0765599
0.113569	0.0848598
0.114577	0.087551
0.130485	0.0920785
0.130729	0.078807
0.129752	0.0752965
0.129212	0.0732333
0.130626	0.0750172
0.13006	0.0787303
