-0.0881741	0.07969
-0.104692	0.0850039
-0.117063	0.0800934
-0.11701	0.0719602
-0.11443	0.0685743
-0.112775	0.0733848
-0.1331	0.0554237
-0.138752	0.0468234
-0.147961	0.0431357
-0.149598	0.031491
-0.162383	0.00967117
-0.15773	0.0206825
-0.157845	0.00017237
-0.168289	-0.0141003
-0.161065	-0.0293302
-0.154408	-0.0272633
-0.150182	-0.0164299
-0.151598	-0.0316393
-0.154692	-0.0411049
-0.152793	-0.0433585
-0.15085	-0.0501996
-0.148947	-0.0542691
-0.144533	-0.0430319
-0.144211	-0.0483172
-0.151109	-0.0444596
-0.159014	-0.0456595
-0.155726	-0.0506879
-0.154425	-0.0541475
-0.152157	-0.0602682
-0.140339	-0.0667223
-0.137346	-0.0854307
-0.134048	-0.0877323
-0.132093	-0.094241
-0.130141	-0.0953117
-0.12618	-0.090313
-0.116587	-0.097652
-0.120414	-0.100023
-0.120834	-0.0956786
-0.121868	-0.0944297
-0.125418	-0.0987219
-0.130764	-0.0878683
-0.138244	-0.0843343
-0.146763	-0.0921346
-0.143068	-0.0927733
-0.147101	-0.100061
-0.140266	-0.097288
-0.14197	-0.0992549
-0.14312	-0.104285
-0.139185	-0.10468
-0.12428	-0.102376
-0.125218	-0.111193
-0.139602	-0.118614
-0.137675	-0.124317
-0.145147	-0.128366
-0.137781	-0.124098
-0.130728	-0.134982
-0.128162	-0.12736
-0.125672	-0.117653
-0.113841	-0.116827
-0.110196	-0.121357
-0.109619	-0.1194
-0.118786	-0.126089
-0.117018	-0.115744
-0.105908	-0.117986
-0.0807387	-0.116665
-0.0751884	-0.106202
-0.0501446	-0.121487
-0.0513044	-0.124209
-0.0492874	-0.125466
-0.0436612	-0.123344
-0.0523429	-0.129834
-0.0490896	-0.150689
-0.0613016	-0.153617
-0.0626444	-0.15132
-0.0676071	-0.128881
-0.0716869	-0.129158
-0.0732971	-0.150566
-0.0695179	-0.16092
-0.0683733	-0.159471
-0.0688703	-0.149576
-0.0695145	-0.149674
-0.081091	-0.144912
-0.0858828	-0.139877
-0.0683873	-0.148169
-0.0765297	-0.144315
-0.0732673	-0.137422
-0.0810779	-0.140731
-0.0846766	-0.137085
-0.0891299	-0.129649
-0.0896746	-0.128433
-0.0869844	-0.128693
-0.0960364	-0.127357
-0.0890929	-0.117125
-0.0880093	-0.123104
-0.0897509	-0.137735
-0.0940355	-0.10913
-0.101745	-0.108494
-0.108584	-0.110753
-0.114747	-0.101153
-0.117521	-0.099204
-0.111157	-0.0943058
-0.116299	-0.116502
-0.129826	-0.117048
-0.128956	-0.0993601
-0.132621	-0.118544
-0.133495	-0.114278
-0.132787	-0.109665
-0.133242	-0.107608
-0.126323	-0.106379
-0.130985	-0.11228
-0.123485	-0.0998677
-0.122026	-0.101293
-0.128326	-0.098772
-0.126652	-0.0944634
-0.124642	-0.0927687
-0.130004	-0.0882567
-0.131787	-0.0813112
-0.134626	-0.0864839
-0.13392	-0.0856605
-0.130156	-0.0947421
-0.129797	-0.095807
-0.127442	-0.0776402
-0.124539	-0.0795011
-0.114752	-0.0874709
-0.115809	-0.0894505
-0.121288	-0.0866299
-0.121174	-0.0812639
-0.124159	-0.0832511
-0.124299	-0.0848253
-0.12452	-0.100654
-0.121626	-0.102088
-0.134692	-0.10639
-0.137714	-0.121629
-0.128457	-0.111886
-0.130505	-0.103842
-0.125375	-0.0999701
-0.12304	-0.0978534
-0.118231	-0.103107
-0.133159	-0.105602
-0.132247	-0.102569
-0.130085	-0.0952344
-0.129857	-0.0839694
-0.123839	-0.0926047
-0.133261	-0.0983583
-0.127377	-0.0925037
-0.130377	-0.0863744
-0.127641	-0.0863197
-0.127521	-0.0881871
-0.127075	-0.0856129
-0.14047	-0.0895466
-0.134141	-0.0877331
-0.130789	-0.0939645
-0.133889	-0.0899985
-0.132965	-0.092816
-0.129354	-0.102096
-0.134963	-0.113787
-0.134257	-0.115123
-0.143377	-0.0977151
-0.145756	-0.0987332
-0.148464	-0.0981448
-0.147921	-0.10122
-0.144652	-0.0992693
-0.139813	-0.0986928
-0.137135	-0.0992758
-0.130271	-0.0941804
-0.120699	-0.103002
-0.115608	-0.101773
-0.114327	-0.111559
-0.115167	-0.113729
-0.113433	-0.110196
-0.119703	-0.10997
-0.1184	-0.108541
-0.126355	-0.101044
-0.12576	-0.102813
-0.128772	-0.103849
-0.122927	-0.100974
-0.108607	-0.11177
-0.100859	-0.107208
-0.103436	-0.110712
-0.108983	-0.112828
-0.113529	-0.106316
-0.127481	-0.109614
-0.118462	-0.109749
-0.12234	-0.0995926
-0.120223	-0.0991403
-0.119279	-0.100999
-0.121261	-0.102749
-0.125771	-0.10542
-0.122252	-0.119212
-0.114988	-0.112386
-0.111129	-0.0972336
-0.118293	-0.0958519
-0.11983	-0.099112
-0.109464	-0.0907856
-0.111689	-0.0935062
-0.10907	-0.0945021
-0.110515	-0.0957224
-0.106787	-0.0936062
-0.127595	-0.0877433
-0.130364	-0.0967918
-0.134088	-0.10441
-0.130177	-0.112721
-0.142814	-0.109559
-0.133673	-0.111962
-0.13249	-0.105886
-0.128048	-0.109673
-0.126753	-0.108157
-0.110418	-0.109492
-0.100281	-0.107672
-0.103272	-0.107729
-0.0926716	-0.120327
-0.0941347	-0.120898
-0.0862885	-0.123921
-0.0721763	-0.126065
-0.0671925	-0.135481
-0.0817622	-0.123446
-0.0859161	-0.126244
-0.072609	-0.13399
-0.0799655	-0.132117
-0.0838611	-0.121089
-0.0858258	-0.122579
-0.0908442	-0.124583
-0.0919552	-0.12405
-0.085087	-0.126844
-0.0840953	-0.123509
-0.0778022	-0.11915
-0.0840308	-0.12389
-0.0865844	-0.11694
-0.0922763	-0.114633
-0.0893702	-0.11645
-0.0931953	-0.116662
-0.0921677	-0.115668
-0.0933053	-0.124204
-0.0949136	-0.122841
-0.0962908	-0.122836
-0.0996173	-0.113522
-0.100021	-0.114589
-0.105434	-0.106946
-0.101168	-0.107595
-0.101898	-0.10803
-0.100846	-0.10611
-0.102696	-0.107597
-0.110136	-0.101415
-0.114831	-0.10773
-0.115394	-0.108881
-0.111079	-0.0976016
-0.0978712	-0.0921272
-0.0948916	-0.0996957
-0.0949605	-0.0961138
-0.095524	-0.105025
-0.0964351	-0.115756
-0.10829	-0.114544
-0.100764	-0.115974
-0.0912692	-0.111646
-0.0991662	-0.13958
-0.121123	-0.140596
-0.116726	-0.147189
-0.113752	-0.141773
-0.116872	-0.13595
-0.114469	-0.131926
-0.0890345	-0.130744
-0.0921196	-0.130788
-0.100874	-0.129763
-0.104567	-0.124448
-0.107555	-0.115949
-0.107337	-0.113857
-0.117925	-0.109838
-0.114102	-0.124467
-0.116159	-0.122946
-0.112701	-0.123186
-0.112604	-0.104764
-0.107597	-0.106506
-0.109414	-0.109083
-0.107175	-0.116967
-0.110972	-0.105253
-0.118809	-0.105567
-0.127718	-0.120809
-0.126445	-0.117274
-0.139053	-0.105881
-0.13987	-0.109243
-0.146238	-0.105001
-0.142573	-0.108336
-0.132954	-0.132207
-0.121899	-0.12613
-0.116937	-0.11969
-0.107231	-0.124255
-0.105951	-0.104873
-0.0937841	-0.101879
-0.110419	-0.100626
-0.111315	-0.10359
-0.111483	-0.0972909
-0.108609	-0.107009
-0.103962	-0.109431
-0.104346	-0.111835
-0.105309	-0.116711
-0.104966	-0.100965
-0.114196	-0.0932948
-0.127763	-0.0939388
-0.127705	-0.100176
-0.127393	-0.100089
-0.125325	-0.0978779
-0.122724	-0.0956307
-0.122672	-0.0968183
-0.127983	-0.109076
-0.125042	-0.101042
-0.110792	-0.110402
-0.109287	-0.11039
-0.11873	-0.115146
-0.123508	-0.114065
-0.133111	-0.119063
-0.119196	-0.124889
-0.133443	-0.128781
-0.135664	-0.123746
-0.131403	-0.121693
-0.131031	-0.11952
-0.111537	-0.124051
-0.116037	-0.123686
-0.112325	-0.128385
-0.113861	-0.116951
-0.10921	-0.135998
-0.114662	-0.127216
-0.104149	-0.117967
-0.0990181	-0.109458
-0.0991829	-0.104301
-0.0994898	-0.103976
-0.103075	-0.105604
-0.104678	-0.10641
-0.116978	-0.108709
-0.110355	-0.100673
-0.105756	-0.10135
-0.101366	-0.0890248
-0.10434	-0.0923171
-0.0978421	-0.100447
-0.102933	-0.103139
-0.110259	-0.0990828
-0.109412	-0.101268
-0.109457	-0.108239
-0.110258	-0.108653
-0.111226	-0.106622
-0.11874	-0.086618
-0.120529	-0.0925965
-0.121589	-0.0939067
-0.127687	-0.103021
-0.120705	-0.100423
-0.120353	-0.107651
-0.113945	-0.104778
-0.118592	-0.103741
-0.108896	-0.10399
-0.117609	-0.103079
-0.113138	-0.106686
-0.112426	-0.108253
-0.118907	-0.12193
-0.114463	-0.130166
-0.104651	-0.13461
-0.0942881	-0.122284
-0.0858571	-0.1333
-0.0661781	-0.131336
-0.0588952	-0.134051
-0.0342795	-0.139187
-0.0314738	-0.154633
-0.0261441	-0.155355
-0.0189888	-0.158837
-0.0236742	-0.143415
-0.020501	-0.147786
-0.016053	-0.157953
-0.011872	-0.157425
-0.010575	-0.153109
-0.00663532	-0.15515
0.00897162	-0.161306
0.013021	-0.153129
0.00689233	-0.14188
-0.009886	-0.15747
-0.00593139	-0.157237
-0.00175528	-0.134967
0.00274372	-0.141857
0.000744115	-0.152968
0.0216646	-0.164848
0.0235938	-0.162809
0.0251918	-0.1613
0.0246782	-0.150912
0.0127952	-0.155338
0.02158	-0.14503
0.0364149	-0.137764
0.0380448	-0.13788
0.0368368	-0.145709
0.0391045	-0.146376
0.0393995	-0.146811
0.0410033	-0.147861
0.0436963	-0.150169
0.0380781	-0.146836
0.0333173	-0.147093
0.0350046	-0.147863
0.0373336	-0.144128
0.0409991	-0.144826
0.0430832	-0.142398
0.042989	-0.142653
0.0487633	-0.144814
0.0507077	-0.145247
0.0490264	-0.149035
0.0462722	-0.150132
0.0514598	-0.150813
0.0415388	-0.142863
0.0208405	-0.133934
0.0266007	-0.138997
0.0283677	-0.145813
0.0375699	-0.152851
0.0241946	-0.146901
0.0270885	-0.145539
0.0273181	-0.147597
0.0293875	-0.147702
0.0220419	-0.137647
0.0237551	-0.148737
0.0109912	-0.151504
0.0133702	-0.150777
0.015763	-0.152393
0.0129998	-0.148583
0.0237737	-0.15676
0.0309776	-0.1579
0.0371897	-0.162576
0.0385597	-0.16175
0.0391601	-0.139944
0.0491796	-0.134648
0.0504389	-0.137263
0.0439542	-0.12921
0.0602324	-0.142431
0.0610146	-0.146178
0.0593522	-0.146203
0.0570528	-0.135687
0.0621598	-0.142313
0.0624013	-0.141921
0.0560706	-0.139171
0.0678532	-0.137102
0.0921114	-0.136197
0.0847396	-0.123754
0.0900628	-0.127968
0.0872531	-0.135356
0.0883719	-0.132854
0.0804901	-0.126763
0.0780204	-0.121453
0.0742161	-0.125181
0.083829	-0.12843
0.0885321	-0.131324
0.0881024	-0.127343
0.0909506	-0.12619
0.0920915	-0.129832
0.0872835	-0.126174
0.0864012	-0.128153
0.0833035	-0.124286
0.0937878	-0.119509
0.0909952	-0.120363
0.0949266	-0.108885
0.0796465	-0.104061
0.0786452	-0.109821
0.0802081	-0.118663
0.0625241	-0.109321
0.0650813	-0.114281
0.0769382	-0.119266
0.0870504	-0.12833
0.0890615	-0.128896
0.0879068	-0.130151
0.0873052	-0.1354
0.0884738	-0.119942
0.0893038	-0.131863
0.0789172	-0.126045
0.0829054	-0.142071
0.083156	-0.132596
0.0741182	-0.13007
0.0575531	-0.136433
0.0608206	-0.13826
0.0479858	-0.138386
0.0501707	-0.127835
0.063856	-0.138818
0.0670023	-0.128204
0.0693234	-0.140114
0.0709182	-0.140806
0.0744511	-0.137993
0.0699046	-0.146646
0.0619595	-0.148743
0.0546587	-0.165978
0.0631193	-0.173227
0.0636066	-0.169624
0.0620837	-0.163735
0.070252	-0.172817
0.072994	-0.1637
0.0700456	-0.161893
0.0839196	-0.16127
0.102726	-0.161914
0.0948795	-0.158883
0.0950664	-0.14954
0.106868	-0.151072
0.0972554	-0.144002
0.0814833	-0.132795
0.0753767	-0.146234
0.0708011	-0.147971
0.0660669	-0.143956
0.0657524	-0.148161
0.060738	-0.149167
0.0635007	-0.142118
0.0635173	-0.142422
0.0569315	-0.155227
0.0614253	-0.154623
0.0534958	-0.150085
0.0410115	-0.141722
0.0465147	-0.147539
0.0423344	-0.140601
0.0412289	-0.144486
0.0401476	-0.143935
0.0477993	-0.151149
0.0321277	-0.149678
0.0254991	-0.160003
0.0189613	-0.159663
0.01368	-0.159334
0.00528183	-0.157449
0.0141696	-0.145769
0.0254942	-0.143047
0.0208132	-0.145317
0.014319	-0.146723
0.0121284	-0.14965
0.0125286	-0.152617
0.0039432	-0.153561
0.00808292	-0.150097
0.00137397	-0.150638
-0.00537917	-0.153974
-0.0155598	-0.144736
-0.0123719	-0.12357
-0.00908534	-0.12163
-0.0130615	-0.12736
-0.0238924	-0.109737
-0.0367117	-0.113881
-0.0436465	-0.113125
-0.0393239	-0.122512
-0.0395612	-0.126895
-0.0469846	-0.124895
-0.0502682	-0.12758
-0.0638869	-0.132574
-0.065114	-0.13375
-0.0593435	-0.129552
-0.0608444	-0.1322
-0.0678762	-0.126853
-0.0844268	-0.129151
-0.102297	-0.132826
-0.0950123	-0.132306
-0.0866905	-0.140254
-0.0849274	-0.139768
-0.0964156	-0.13746
-0.0927794	-0.135862
-0.0893078	-0.134073
-0.0851573	-0.130281
-0.0808388	-0.116904
-0.0766036	-0.12448
-0.0784931	-0.117229
-0.0749532	-0.129857
-0.073153	-0.128302
-0.0689969	-0.124039
-0.06167	-0.126124
-0.0603188	-0.130489
-0.0665803	-0.120921
-0.07267	-0.121954
-0.082428	-0.119223
-0.102513	-0.110156
-0.114332	-0.136404
-0.1019	-0.139809
-0.0989028	-0.137871
-0.0991334	-0.145893
-0.110694	-0.146198
-0.109182	-0.146462
-0.119652	-0.14934
-0.110306	-0.152293
-0.104387	-0.153231
-0.101839	-0.147698
-0.104439	-0.13813
-0.0927606	-0.136392
-0.0956361	-0.134207
-0.098734	-0.132262
-0.0948581	-0.132762
-0.094157	-0.130709
-0.0880731	-0.134243
-0.08897	-0.136799
-0.0952453	-0.143504
-0.0947961	-0.139977
-0.0926381	-0.137476
-0.093755	-0.141248
-0.0947803	-0.143836
-0.0921231	-0.135998
-0.0865823	-0.126465
-0.0778495	-0.123232
-0.0761427	-0.119421
-0.0837173	-0.129753
-0.0795044	-0.136202
-0.078848	-0.135646
-0.0772724	-0.134492
-0.0654085	-0.130775
-0.0789778	-0.132379
-0.0765872	-0.13682
-0.0753053	-0.140252
-0.0722948	-0.139966
-0.0674835	-0.143492
-0.0547892	-0.144737
-0.0489679	-0.137226
-0.0504534	-0.141588
-0.0465079	-0.146775
-0.0436947	-0.154407
-0.0242063	-0.158925
-0.0228097	-0.149321
-0.0159274	-0.152432
-0.0116061	-0.146476
-0.0242411	-0.149587
-0.019248	-0.146869
-0.0211363	-0.148118
-0.0225556	-0.166046
-0.0150281	-0.166594
-0.0208738	-0.158648
-0.0188563	-0.164434
-0.0213977	-0.155865
-0.0253229	-0.18301
-0.0280622	-0.197998
-0.0231413	-0.172128
-0.031503	-0.170726
-0.035392	-0.170934
-0.0364177	-0.167192
-0.0351273	-0.166037
-0.0330088	-0.164789
-0.0347044	-0.161628
-0.0340853	-0.165698
-0.0295352	-0.169835
-0.0131295	-0.188446
-0.0144843	-0.181833
-0.0139524	-0.178137
-0.0168911	-0.17096
-0.0105699	-0.165298
-0.00482073	-0.161784
-0.00506322	-0.164899
-0.00616531	-0.163369
-0.018845	-0.160106
-0.0137072	-0.15711
-0.0144623	-0.156861
-0.0147011	-0.157101
-0.0177379	-0.152307
-0.0130593	-0.173234
-0.00775001	-0.17031
-0.00896633	-0.174813
-0.0126914	-0.165605
-0.021033	-0.14864
-0.0137876	-0.143721
-0.0131898	-0.146981
-0.0137942	-0.162681
-0.0120159	-0.163883
-0.014194	-0.16254
-0.00545781	-0.16606
-0.0052431	-0.165429
-0.00943946	-0.163439
0.0115646	-0.17179
0.00598549	-0.168156
0.00576449	-0.165505
0.00584069	-0.16351
0.00501066	-0.160392
0.0089575	-0.15647
-0.00501369	-0.162055
-0.00865333	-0.169969
0.000210108	-0.167468
0.00574943	-0.177012
0.0036844	-0.177539
-0.00222866	-0.176511
0.00392197	-0.169959
-0.00752073	-0.17551
-0.00628296	-0.178833
-0.00882567	-0.187801
-0.0124236	-0.185518
-0.00670247	-0.183402
-0.0110104	-0.182474
-0.0106691	-0.181403
-0.0067982	-0.146887
0.0116711	-0.161301
0.0185164	-0.159901
0.0277157	-0.156623
0.0252421	-0.158533
0.0141366	-0.148347
0.0212576	-0.174529
0.0143451	-0.17347
0.0124834	-0.17006
0.0143545	-0.166617
0.00316074	-0.160266
-0.00194938	-0.158504
-0.00290861	-0.158608
0.000584307	-0.161443
0.00211459	-0.168887
-0.0102572	-0.163513
-0.0151218	-0.165171
-0.00920308	-0.160061
-0.0120635	-0.152744
-0.0152306	-0.157273
-0.0166975	-0.157375
-0.0145803	-0.157987
-0.0127532	-0.151938
-0.00974425	-0.154793
-0.00942969	-0.156658
-0.0107591	-0.158546
0.00141606	-0.163026
-0.00499838	-0.170977
-0.00526384	-0.180377
-0.00775079	-0.172451
-0.0229463	-0.162728
-0.0269122	-0.155126
-0.0347236	-0.156926
-0.0341385	-0.173399
-0.0353967	-0.170283
-0.0185171	-0.1452
-0.0180724	-0.148914
-0.0351361	-0.16012
-0.0180922	-0.145971
-0.0107594	-0.158044
0.0136498	-0.175589
0.0107772	-0.170695
0.015677	-0.165839
-0.000475988	-0.173914
0.00909017	-0.172202
0.0090158	-0.178111
0.00282916	-0.178237
-0.000242828	-0.178352
-0.0125283	-0.176905
-0.0144502	-0.17232
-0.0113744	-0.164726
-0.0108701	-0.166248
-0.0190756	-0.166582
-0.0171341	-0.175768
-0.0133239	-0.174326
-0.0109396	-0.180026
0.00911209	-0.15925
0.00704423	-0.159562
0.00529408	-0.16203
0.0161024	-0.158236
0.0160051	-0.160055
0.0130906	-0.158562
0.00329742	-0.149542
0.00474708	-0.17074
-0.00174482	-0.169002
-0.00943348	-0.16913
-0.0168063	-0.168129
-0.0164118	-0.1631
-0.0217305	-0.157344
-0.0396594	-0.160664
-0.0213746	-0.170128
-0.0243495	-0.172279
-0.0298813	-0.175146
-0.0317065	-0.177284
-0.0315041	-0.172798
-0.0331174	-0.16938
-0.0375134	-0.156485
-0.0375913	-0.154399
-0.0394921	-0.142033
-0.00812546	-0.133458
-0.0119348	-0.162271
-0.0285738	-0.163647
-0.0279095	-0.162013
-0.0398537	-0.149587
-0.0421141	-0.149494
-0.0371054	-0.138018
-0.0471434	-0.121312
-0.0585717	-0.12638
-0.0687609	-0.138202
-0.0701989	-0.135475
-0.0735825	-0.140881
-0.0721154	-0.141589
-0.0808573	-0.142612
-0.0768321	-0.12341
-0.0701556	-0.12566
-0.0716145	-0.131969
-0.0668236	-0.13662
-0.0633611	-0.13995
-0.0624508	-0.142135
-0.0521536	-0.155364
-0.0578699	-0.157602
-0.0638336	-0.157803
-0.0542943	-0.155696
-0.068603	-0.151033
-0.0700905	-0.149982
-0.0693479	-0.146379
-0.0775083	-0.160415
-0.0868289	-0.164492
-0.0860602	-0.160757
-0.0823897	-0.158128
-0.0648785	-0.159074
-0.05325	-0.157661
-0.0451651	-0.147964
-0.0460795	-0.151031
-0.0425581	-0.150675
-0.0565693	-0.155989
-0.0658274	-0.14147
-0.0741265	-0.148421
-0.072908	-0.135555
-0.0707515	-0.131635
-0.0646222	-0.136855
-0.0733757	-0.144545
-0.07028	-0.142807
-0.0754517	-0.147149
-0.0827187	-0.14361
-0.079015	-0.148685
-0.0843737	-0.14981
-0.0768891	-0.150306
-0.0785258	-0.148994
-0.0786745	-0.149659
-0.0779579	-0.151469
-0.0699507	-0.15482
-0.0814359	-0.160221
-0.09524	-0.165704
-0.0912043	-0.160595
-0.0900064	-0.155402
-0.0854904	-0.163404
-0.075216	-0.165982
-0.0724387	-0.159533
-0.0525035	-0.150387
-0.0528368	-0.14917
-0.041317	-0.133239
-0.0421524	-0.152051
-0.0386311	-0.145959
-0.0445596	-0.152391
-0.038583	-0.14161
-0.0408548	-0.149546
-0.0391072	-0.144856
-0.0408756	-0.141058
-0.0371312	-0.138337
-0.0410425	-0.13885
-0.0379439	-0.143853
-0.034334	-0.141555
-0.0306595	-0.13325
-0.0361377	-0.122898
-0.0438884	-0.138703
-0.0228131	-0.132731
-0.0365997	-0.13613
-0.0419105	-0.139737
-0.0338998	-0.142771
-0.0397655	-0.151321
-0.0420674	-0.143466
-0.0431359	-0.145851
-0.0456016	-0.143218
-0.0436748	-0.140387
-0.0505357	-0.146768
-0.0510231	-0.147465
-0.0520056	-0.136014
-0.0574325	-0.154471
-0.0463144	-0.150377
-0.0432769	-0.135264
-0.0388732	-0.137658
-0.0410682	-0.139951
-0.0398413	-0.14194
-0.0366095	-0.142573
-0.0306442	-0.151177
-0.0281874	-0.154848
-0.034475	-0.151672
-0.0441858	-0.148639
-0.0407496	-0.150122
-0.0366523	-0.155754
-0.0457435	-0.161188
-0.0458082	-0.159443
-0.0471383	-0.161229
-0.0417233	-0.15976
-0.045716	-0.157237
-0.0403023	-0.154033
-0.0453227	-0.156647
-0.0422712	-0.157804
-0.0233974	-0.166838
-0.0226842	-0.162461
-0.0273758	-0.164294
-0.0149081	-0.174451
-0.0278486	-0.171116
-0.0490931	-0.171478
-0.0540148	-0.174681
-0.0503863	-0.173531
-0.069857	-0.17949
-0.0682614	-0.169828
-0.0615441	-0.165177
-0.0602223	-0.159837
-0.0514314	-0.168975
-0.0387688	-0.168374
-0.0366701	-0.167197
-0.0361647	-0.163541
-0.0294371	-0.159116
-0.0253173	-0.154658
-0.0335309	-0.140478
-0.0270612	-0.140387
-0.0384505	-0.132984
-0.0408678	-0.142324
-0.0329884	-0.150464
-0.0389499	-0.152151
-0.0368894	-0.150157
-0.0360927	-0.152259
-0.0375261	-0.151581
-0.0489593	-0.154247
-0.0494725	-0.153492
-0.0492965	-0.15853
-0.0505445	-0.156248
-0.0579567	-0.155098
-0.0564554	-0.149571
-0.0469763	-0.155666
-0.0393679	-0.155679
-0.0436204	-0.157172
-0.0436159	-0.152574
-0.0479751	-0.153642
-0.0515354	-0.152944
-0.0541944	-0.162302
-0.0479992	-0.159742
-0.0487084	-0.146039
-0.0463733	-0.148024
-0.0474366	-0.147456
-0.0424061	-0.14097
-0.0428304	-0.142049
-0.0352499	-0.142812
-0.0400215	-0.149473
-0.0416554	-0.15455
-0.0315598	-0.158986
-0.0337904	-0.154624
-0.0201762	-0.145732
-0.0185555	-0.155199
-0.0303951	-0.160257
-0.0248632	-0.17181
-0.0321529	-0.169583
-0.0356669	-0.167205
-0.046856	-0.158975
-0.0302049	-0.143452
-0.0320729	-0.145166
-0.0304727	-0.149019
-0.0302569	-0.149996
-0.0255713	-0.151916
-0.0282379	-0.152418
-0.0320918	-0.151905
-0.0366771	-0.154245
-0.0366808	-0.146539
-0.0368741	-0.150195
-0.0395192	-0.14954
-0.0373879	-0.148277
-0.055891	-0.157675
-0.0540721	-0.169955
-0.054694	-0.154323
-0.0563665	-0.157032
-0.0218112	-0.15017
-0.0199035	-0.149948
-0.0137444	-0.147371
-0.00145726	-0.151526
-0.0146847	-0.156866
-0.0163019	-0.158223
-0.0229867	-0.146847
-0.0248394	-0.145251
-0.0137851	-0.15407
-0.0196541	-0.161612
-0.0145641	-0.170815
-0.00702746	-0.15077
-0.0145358	-0.141671
-0.0175206	-0.144207
-0.0229983	-0.151243
-0.0232432	-0.158832
-0.0306747	-0.154451
-0.0422536	-0.139891
-0.0454038	-0.138647
-0.0480415	-0.138284
-0.0495699	-0.1405
-0.0526371	-0.154119
-0.0569047	-0.157701
-0.0493602	-0.153303
-0.0510704	-0.156048
-0.0459149	-0.149528
-0.0538213	-0.157142
-0.0506768	-0.156012
-0.0419595	-0.143527
-0.0476743	-0.14644
-0.0501079	-0.14532
-0.0467928	-0.151401
-0.0343412	-0.147422
-0.0446085	-0.139526
-0.0437199	-0.157919
-0.0527215	-0.137739
-0.0354457	-0.146033
-0.0395825	-0.143552
-0.0333911	-0.141007
-0.0328011	-0.138142
-0.0456264	-0.129995
-0.0514989	-0.12728
-0.0542198	-0.130179
-0.0645564	-0.124889
-0.0645859	-0.124874
-0.0659501	-0.127898
-0.0692524	-0.125819
-0.0756563	-0.117602
-0.0792103	-0.123527
-0.0799778	-0.135415
-0.0708357	-0.131364
-0.0725279	-0.134155
-0.0739195	-0.124462
-0.0773837	-0.126845
-0.0780208	-0.128798
-0.0842547	-0.125276
-0.0948119	-0.113861
-0.0874252	-0.117682
-0.0837201	-0.115329
-0.0895991	-0.116448
-0.0880612	-0.122932
-0.0876235	-0.120931
-0.0907349	-0.108775
-0.101503	-0.104906
-0.097754	-0.110523
-0.097986	-0.113647
-0.0979054	-0.115006
-0.0918869	-0.104324
-0.0928482	-0.107734
-0.101765	-0.0960209
-0.0775508	-0.105668
-0.0977275	-0.109362
-0.106605	-0.11619
-0.0974603	-0.125262
-0.100826	-0.124257
-0.110601	-0.128305
-0.114538	-0.119436
-0.114637	-0.119344
-0.108055	-0.12266
-0.107206	-0.132279
-0.0967282	-0.128063
-0.11081	-0.141163
-0.114774	-0.126305
-0.107478	-0.121643
-0.119139	-0.12815
-0.116405	-0.130538
-0.103896	-0.122942
-0.103819	-0.124009
-0.0979934	-0.120254
-0.0959554	-0.107161
-0.0943982	-0.107479
-0.0809492	-0.124923
-0.072997	-0.123323
-0.0707407	-0.145817
-0.0510185	-0.13819
-0.0443265	-0.141239
-0.0441949	-0.151632
-0.0345685	-0.142418
-0.0388704	-0.144847
-0.0474838	-0.139095
-0.0406899	-0.141522
-0.0444206	-0.143405
-0.0539093	-0.120526
-0.0546281	-0.125691
-0.054743	-0.129859
-0.0484128	-0.140779
-0.0484466	-0.145645
-0.046065	-0.140974
-0.0487669	-0.149116
-0.0544081	-0.160592
-0.0578779	-0.158099
-0.0528503	-0.147778
-0.0527979	-0.147891
-0.0411522	-0.151083
-0.0539417	-0.153165
-0.0596599	-0.154248
-0.0581688	-0.156404
-0.0472451	-0.153621
-0.0485912	-0.151613
-0.0503179	-0.150262
-0.0515242	-0.152546
-0.0666736	-0.149684
-0.0667888	-0.147165
-0.0531659	-0.131854
-0.0428268	-0.146053
-0.0500175	-0.154883
-0.0497329	-0.153519
-0.049256	-0.153214
-0.0515909	-0.154464
-0.044852	-0.157205
-0.0549191	-0.15848
-0.0506056	-0.148506
-0.0539844	-0.149923
-0.053136	-0.147213
-0.05278	-0.163189
-0.0522163	-0.160473
-0.0643518	-0.168978
-0.0600884	-0.159868
-0.0564148	-0.155946
-0.0394215	-0.154493
-0.0306507	-0.168742
-0.0286241	-0.160406
-0.0269108	-0.157256
-0.0262169	-0.159432
-0.0263446	-0.158086
-0.0352443	-0.153466
-0.143139	-0.143438
-0.126772	-0.151785
-0.114063	-0.16162
-0.0976637	-0.163786
-0.0880566	-0.162859
-0.0842491	-0.161023
-0.0786415	-0.155046
-0.0712582	-0.154624
-0.0581922	-0.16611
-0.0433699	-0.160941
-0.0309491	-0.157162
-0.0370412	-0.146569
-0.0298521	-0.151846
-0.0260919	-0.15722
-0.0286734	-0.157522
-0.0186809	-0.153867
-0.0156074	-0.156941
-0.0136536	-0.149144
-0.0245016	-0.155641
-0.0235612	-0.160785
-0.0323672	-0.156681
-0.0294155	-0.157587
-0.0158979	-0.164435
-0.0065782	-0.163407
-0.0105261	-0.156428
-0.00593431	-0.156502
-0.0062318	-0.140212
-0.0197089	-0.139217
-0.0163849	-0.13898
-0.0275694	-0.142245
-0.025824	-0.125674
-0.0182954	-0.142626
-0.0197073	-0.162323
-0.00912881	-0.147959
-0.0120648	-0.149817
-0.00725518	-0.154166
-0.0157905	-0.155833
-0.0173114	-0.148291
-0.0222006	-0.145694
-0.0231493	-0.144399
-0.0205616	-0.15209
-0.0209384	-0.148132
-0.0157879	-0.146076
-0.0119248	-0.132517
-0.01312	-0.12557
-0.018677	-0.131041
-0.0200535	-0.136024
-0.0255895	-0.145211
-0.0239504	-0.138151
-0.0212613	-0.141483
-0.0326679	-0.142088
-0.0511157	-0.147781
-0.05528	-0.153992
-0.0487607	-0.153395
-0.046325	-0.153652
-0.0439455	-0.153692
-0.0390012	-0.145712
-0.024701	-0.176114
-0.0417005	-0.163782
-0.0261238	-0.17084
-0.0296083	-0.168907
-0.0302281	-0.158352
-0.0412828	-0.167115
-0.0336041	-0.160671
-0.0218686	-0.15916
-0.0310333	-0.161596
-0.025935	-0.164821
-0.0306931	-0.155406
-0.023219	-0.150084
-0.0322781	-0.123819
-0.0263361	-0.133303
-0.0487931	-0.145365
-0.049732	-0.146125
-0.049137	-0.151895
-0.0501483	-0.147154
-0.0401851	-0.155471
-0.0357783	-0.16579
-0.0359293	-0.162372
-0.0356246	-0.15955
-0.0366482	-0.153571
-0.0218928	-0.160237
-0.0166383	-0.170021
-0.0172813	-0.164705
-0.0130061	-0.172222
-0.0139946	-0.160404
-0.00947097	-0.165367
-0.00434766	-0.162069
-0.00628017	-0.157228
-0.00387832	-0.154147
-0.00545885	-0.156163
-0.00860885	-0.155851
0.00598408	-0.156671
0.00513864	-0.158064
-0.00618618	-0.165597
0.00653749	-0.167692
-0.00576115	-0.160224
-0.00542357	-0.159474
-0.00558802	-0.160967
-0.00017446	-0.150503
0.00416679	-0.151305
0.00697243	-0.160827
0.00520354	-0.165414
0.00649	-0.16603
0.010435	-0.16722
0.00383195	-0.16604
-0.0106923	-0.165087
-0.0102102	-0.162835
0.00285606	-0.165039
-0.00769909	-0.170553
-0.00870486	-0.159461
-0.0235494	-0.166131
-0.0188307	-0.159594
-0.0159983	-0.160967
-0.0187539	-0.16708
-0.0166425	-0.164979
-0.0167325	-0.163022
-0.0163625	-0.161287
-0.0126027	-0.161127
-0.018065	-0.164422
-0.0190015	-0.178386
-0.016599	-0.168611
-0.0119861	-0.168819
-0.0118317	-0.166666
-0.00600943	-0.156163
-0.017495	-0.167232
-0.0176318	-0.160569
-0.0165904	-0.164394
-0.0155831	-0.162951
-0.0135368	-0.160726
-0.0134512	-0.161704
-0.0176278	-0.15611
-0.0139611	-0.14662
-0.0116538	-0.147829
-0.00868577	-0.153362
-0.00913678	-0.157806
-0.021929	-0.154447
-0.024603	-0.141211
-0.0217236	-0.143402
-0.0210595	-0.146867
-0.0229758	-0.149891
-0.0238575	-0.147171
-0.0278571	-0.16274
-0.0287088	-0.161118
-0.0186942	-0.154766
-0.0263764	-0.152845
-0.027054	-0.152386
-0.020222	-0.152131
-0.0362938	-0.148026
-0.0275324	-0.149102
-0.0124176	-0.147401
-0.0318288	-0.151967
-0.0301143	-0.14272
-0.0234844	-0.140634
-0.0356381	-0.147724
-0.0363388	-0.147429
-0.0377865	-0.1467
-0.0457072	-0.14625
-0.0349531	-0.142753
-0.0346779	-0.144654
-0.0470789	-0.139305
-0.0440097	-0.155744
-0.0608502	-0.154178
-0.053378	-0.150877
-0.0352675	-0.16213
-0.0448055	-0.166717
-0.0419705	-0.165736
-0.0410868	-0.155095
-0.0408744	-0.162571
-0.0357783	-0.150049
-0.0330304	-0.151672
-0.0362237	-0.153756
-0.0391833	-0.14593
-0.024004	-0.140028
-0.0267891	-0.139395
-0.0237646	-0.149348
-0.0246471	-0.15683
-0.0239302	-0.161012
-0.0250391	-0.164609
-0.0212728	-0.165204
-0.0186237	-0.149803
-0.016815	-0.15371
-0.0147572	-0.160766
-0.0109406	-0.163598
-0.0105498	-0.162719
-0.00810714	-0.155665
0.0105951	-0.167325
0.00935344	-0.164968
0.00973121	-0.149006
0.00814434	-0.150621
0.0191607	-0.14658
0.0365483	-0.138717
0.0414957	-0.136857
0.0469911	-0.150506
0.0433978	-0.139262
0.0462374	-0.14434
0.0445289	-0.147318
0.0411727	-0.153241
0.0407744	-0.15296
0.0419655	-0.166166
0.0434496	-0.162971
0.0417691	-0.161164
0.0492101	-0.176242
0.0441006	-0.166285
0.0432688	-0.169219
0.0500967	-0.171483
0.0388305	-0.16924
0.0425032	-0.162318
0.041654	-0.174809
0.0414923	-0.159862
0.0388484	-0.166397
0.0353714	-0.163873
0.0319837	-0.173645
0.024701	-0.164246
0.0229634	-0.172733
0.0193459	-0.163432
0.0126901	-0.169088
0.0194901	-0.163879
0.021822	-0.161571
0.0214327	-0.160316
0.0317908	-0.145732
0.0385653	-0.140822
0.0385361	-0.142574
0.0381934	-0.141582
0.0210854	-0.13247
0.0224686	-0.137733
0.0347971	-0.166938
0.0231473	-0.175768
0.0133827	-0.172577
0.0121397	-0.167667
0.0144305	-0.163477
0.0115091	-0.157727
0.012812	-0.158634
0.013004	-0.157454
0.0168625	-0.166281
0.0184201	-0.152232
0.018905	-0.148995
0.0258931	-0.147155
0.0297996	-0.15604
0.039177	-0.158988
0.0510273	-0.147621
0.0466898	-0.13914
0.0540528	-0.151301
0.0519808	-0.137054
0.0506411	-0.137264
0.0538136	-0.138485
0.0615527	-0.142723
0.0629534	-0.154683
0.0599132	-0.160502
0.0682749	-0.160091
0.0643394	-0.163505
0.0372256	-0.159588
0.0417026	-0.162793
0.0605556	-0.153102
0.0780136	-0.161916
0.0657658	-0.146276
0.0629269	-0.147205
0.0602951	-0.144171
0.0593339	-0.138906
0.0549372	-0.137115
0.0599742	-0.144032
0.0525656	-0.149266
0.0552007	-0.13969
0.0545533	-0.140529
0.0477968	-0.147675
0.0476465	-0.148281
0.0684513	-0.141499
0.0697404	-0.13949
0.0674022	-0.14187
0.0649016	-0.135365
0.0654848	-0.126793
0.0624385	-0.132239
0.063947	-0.135747
0.0666955	-0.138514
0.0644852	-0.142967
0.0640507	-0.139843
0.0653355	-0.141141
0.0650411	-0.141689
0.0641459	-0.134635
0.0727453	-0.134667
0.0825168	-0.133997
0.0833891	-0.14507
0.0819358	-0.144325
0.0808651	-0.14931
0.0857767	-0.142012
0.0869033	-0.135831
0.0855434	-0.138307
0.0837699	-0.147822
0.0955029	-0.14612
0.0954944	-0.142894
0.0902583	-0.144994
0.0948597	-0.139094
0.0856196	-0.147895
0.0764922	-0.160124
0.0714642	-0.140184
0.0701637	-0.156447
0.0692193	-0.153814
0.0622805	-0.161716
0.0666223	-0.144318
0.0685081	-0.142462
0.0747211	-0.146348
0.0791249	-0.137392
0.0790049	-0.141661
0.0783008	-0.142499
0.0776336	-0.141624
0.0764096	-0.136648
0.0798591	-0.143623
0.0853181	-0.15879
0.0874175	-0.155624
0.0751227	-0.147431
0.0762214	-0.136931
0.0740336	-0.145103
0.0756623	-0.127423
0.0778667	-0.115213
0.0663315	-0.133867
0.061368	-0.123514
0.0553097	-0.132975
0.0534485	-0.146393
0.0517885	-0.159842
0.0341111	-0.159761
0.0313757	-0.162278
0.0300851	-0.155633
0.0362067	-0.152061
0.0400431	-0.153024
0.0401575	-0.144413
0.0411407	-0.14389
0.039283	-0.151489
0.0480936	-0.144979
0.0598735	-0.145194
0.0569677	-0.14438
0.0590463	-0.136827
0.0624669	-0.139144
0.0665436	-0.127189
0.0782895	-0.136398
0.0883583	-0.131027
0.0948213	-0.126449
0.104461	-0.107062
0.118041	-0.105007
0.122025	-0.0971963
0.135153	-0.0865505
0.147824	-0.0834254
0.15409	-0.0664252
0.157389	-0.052675
0.161805	-0.037864
0.160379	-0.0159487
0.161983	-0.00117828
0.155499	0.0173147
0.139807	0.0333824
0.137313	0.052271
0.123845	0.0643643
0.121272	0.0814058
0.115528	0.0934102
0.116277	0.0947913
0.0944435	0.114844
0.0742591	0.129947
0.0679977	0.132736
0.0619968	0.126639
0.0563743	0.132995
0.0472478	0.137697
0.0385334	0.145955
0.0273905	0.152144
0.0275875	0.160751
0.0267286	0.156684
0.0319332	0.161187
0.0237795	0.163386
0.0169413	0.163657
0.00688447	0.160649
0.00240273	0.162641
-0.0158407	0.153562
-0.0188121	0.149136
-0.0218927	0.147676
-0.0234502	0.146898
-0.0385669	0.148125
-0.0378023	0.15265
-0.0478134	0.141684
-0.0459357	0.140136
-0.0361352	0.138052
-0.0449361	0.140675
-0.0406919	0.13847
-0.0404305	0.154772
-0.0409998	0.157223
-0.040986	0.154762
-0.0450203	0.157537
-0.0501253	0.142843
-0.0510789	0.145442
-0.0525728	0.143954
-0.0468657	0.147757
-0.0354909	0.146836
-0.0328282	0.151279
-0.0357311	0.156829
-0.0406645	0.15395
-0.0414703	0.156829
-0.0390994	0.145794
-0.0369773	0.147724
-0.0341729	0.154456
-0.0334251	0.15222
-0.0361811	0.153213
-0.0460413	0.140811
-0.0484346	0.142019
-0.0490497	0.143832
-0.0514263	0.140403
-0.0525369	0.145051
-0.0369394	0.143585
-0.0368758	0.1444
-0.0461547	0.144789
-0.053632	0.146047
-0.0541775	0.145924
-0.0433009	0.143965
-0.047023	0.1446
-0.0414832	0.137179
-0.0403811	0.142998
-0.0454334	0.144492
-0.0413598	0.152407
-0.0484046	0.159647
-0.0468676	0.157297
-0.0467521	0.157544
-0.0551008	0.159119
-0.0567694	0.165894
-0.0611999	0.155734
-0.0560781	0.152178
-0.051324	0.149667
-0.0521066	0.142307
-0.0472933	0.142973
-0.0484867	0.144699
-0.0492301	0.145495
-0.0525975	0.148655
-0.0526728	0.148251
-0.0506666	0.150997
-0.0506307	0.151528
-0.051384	0.144378
-0.0534224	0.14686
-0.0520795	0.146216
-0.04992	0.143933
-0.0504153	0.147947
-0.0492378	0.144619
-0.0466102	0.14249
-0.0467308	0.143622
-0.0376637	0.146209
-0.0388162	0.146472
-0.0486054	0.15088
-0.0533307	0.149046
-0.0519903	0.138704
-0.0538678	0.134942
-0.0532137	0.137903
-0.0527156	0.140158
-0.0525391	0.142685
-0.0540768	0.142124
-0.0540981	0.144532
-0.0562823	0.146605
-0.05491	0.146827
-0.056349	0.154661
-0.0531798	0.15449
-0.0515129	0.149163
-0.0521997	0.151359
-0.0484607	0.14249
-0.0423766	0.138145
-0.0567874	0.132019
-0.0557826	0.133947
-0.0613073	0.129079
-0.0596497	0.130309
-0.0667357	0.12303
-0.0576353	0.130595
-0.0565289	0.134213
-0.0516288	0.140771
-0.0492417	0.151304
-0.0503823	0.149531
-0.0482181	0.155659
-0.0408409	0.163316
-0.0381371	0.154138
-0.0342025	0.152957
-0.0453603	0.158768
-0.0443005	0.155351
-0.0427411	0.155801
-0.0435414	0.160336
-0.0411129	0.155603
-0.0375805	0.148928
-0.0243887	0.152082
-0.00607849	0.151665
-0.0145139	0.172747
-0.0137125	0.169605
-0.00982059	0.170914
-0.00847778	0.184741
-0.00607053	0.180318
-0.0194977	0.18114
-0.0228107	0.173913
-0.0179342	0.174238
-0.0246956	0.16978
-0.0289867	0.168685
-0.0222907	0.169206
-0.0266087	0.174186
-0.0306718	0.175619
-0.0209589	0.182885
-0.01926	0.17785
-0.0168362	0.166542
-0.0145701	0.166578
-0.0125515	0.164484
-0.000974021	0.144121
0.000440073	0.160688
-0.0247335	0.154139
-0.0200569	0.150987
-0.0191161	0.151547
-0.0189915	0.146824
-0.0144994	0.149681
-0.0108451	0.146978
-0.00778653	0.169207
-0.00645827	0.168381
0.00266261	0.164263
0.0143949	0.152139
0.0194651	0.161837
0.0191553	0.153646
0.0206277	0.144559
0.0263286	0.14678
0.0238142	0.145641
0.0199961	0.144601
0.0222463	0.145899
0.0152019	0.135532
-0.00313136	0.139023
0.00684903	0.141938
0.0102542	0.137055
-0.0190511	0.13911
-0.00288481	0.135627
-0.00350908	0.139569
0.00588392	0.151892
0.0126616	0.158798
0.0256053	0.158169
0.0162302	0.159697
0.0158835	0.159294
0.0132768	0.151783
0.0126962	0.150508
0.0172926	0.162382
0.0169408	0.160902
0.0158432	0.156149
0.0269883	0.153141
0.0292635	0.153881
0.0298183	0.154438
0.0296051	0.154191
0.0285877	0.153649
0.0256793	0.157163
0.0291041	0.154166
0.0350852	0.168695
0.0352749	0.166595
0.022725	0.16293
0.0165094	0.156395
0.0116044	0.15781
0.0188497	0.145507
0.0190833	0.133913
0.00162817	0.144532
0.00645038	0.167917
0.00736426	0.152538
0.00806379	0.150477
0.0125736	0.150238
0.0189982	0.148579
0.0176895	0.153583
0.0164806	0.155877
0.0255107	0.160422
0.0241487	0.158821
0.02097	0.159336
0.027374	0.155922
0.00864243	0.161909
0.0110013	0.163347
-0.00488762	0.155191
-0.00493172	0.160495
0.0135811	0.149587
0.0124648	0.149755
0.0256855	0.158211
0.0207198	0.156041
0.0203695	0.158734
0.0260465	0.153514
0.0277349	0.156549
0.0244911	0.171498
0.0303408	0.185369
0.0265232	0.177662
0.0150216	0.166603
0.0188425	0.155386
0.0179307	0.155559
0.0166057	0.144177
0.0158788	0.146621
0.0158066	0.150467
0.0148941	0.1516
0.0138532	0.135071
0.0236063	0.141712
0.0238189	0.144523
0.0210886	0.146038
0.0220361	0.141065
0.0184438	0.144009
0.0145039	0.147412
0.0150058	0.13899
0.00972387	0.15945
0.0139995	0.14719
0.0173292	0.143191
0.0164014	0.144453
0.0100204	0.144068
0.0105953	0.149029
0.0113248	0.146837
0.0145592	0.145193
0.0164354	0.14165
0.0160278	0.144711
0.0195083	0.145711
0.0299932	0.137771
0.0284183	0.149608
0.0215293	0.14986
0.0233851	0.144186
0.0274842	0.1414
0.0205505	0.141796
0.0282714	0.156606
0.00872295	0.137724
0.0106577	0.139771
0.0104799	0.145202
-0.00105909	0.140762
-0.0097829	0.155831
-0.00504894	0.165076
-0.00851996	0.150842
-0.00220312	0.151606
-7.86281e-05	0.154
-0.00178021	0.150924
-0.00332034	0.156541
-0.00307346	0.15665
-0.00713761	0.164539
-0.000442061	0.165592
0.0123404	0.158141
0.0235774	0.161745
0.0178056	0.167452
0.0178726	0.173318
0.0176427	0.176612
0.0245318	0.185429
0.014259	0.162286
0.0131945	0.151236
0.017202	0.15473
0.0230319	0.16457
0.0193212	0.164123
0.00835117	0.159374
0.010294	0.173517
0.00697649	0.171215
0.00876029	0.170692
0.00328451	0.16006
0.00783938	0.158495
-0.00553876	0.15122
0.0275476	0.160488
0.0339792	0.155795
0.0346398	0.145466
0.0297942	0.141856
0.0377951	0.154103
0.0330074	0.157942
0.04929	0.145783
0.047994	0.148258
0.0587184	0.140394
0.0765454	0.122029
0.0740062	0.128535
0.0755265	0.128007
0.076885	0.130077
0.0848837	0.135044
0.0869596	0.129675
0.0790403	0.122032
0.0783469	0.12625
0.0697111	0.120168
0.0625464	0.120759
0.0611467	0.125834
0.0650196	0.12247
0.0644903	0.11914
0.064397	0.120941
0.0652682	0.129816
0.064854	0.135188
0.061687	0.137036
0.0707108	0.13236
0.0694523	0.138072
0.0797556	0.152879
0.0740739	0.167825
0.067241	0.169087
0.0620562	0.164842
0.0576521	0.160287
0.0531577	0.154939
0.0427669	0.147655
0.0440443	0.141234
0.0323916	0.141992
0.0280024	0.159277
0.0552206	0.164112
0.0473994	0.141095
0.0531971	0.145386
0.0531829	0.150872
0.0539272	0.144173
0.04918	0.146703
0.0490925	0.151697
0.0467218	0.151952
0.0447977	0.141775
0.0420658	0.145466
0.0476847	0.121735
0.0309297	0.117156
0.0419379	0.139053
0.0406852	0.141699
0.0375552	0.136129
0.0167357	0.137451
0.0193614	0.139626
0.0245315	0.152623
0.0208266	0.156934
0.021201	0.143702
0.0200828	0.148291
0.0178214	0.149277
0.0189172	0.145428
0.0278902	0.127421
0.0306017	0.134667
0.0236199	0.139085
0.0246656	0.140347
0.0238097	0.142364
0.0317952	0.137225
0.0340521	0.139276
0.0389721	0.145561
0.0367235	0.152095
0.0283383	0.142018
0.0290644	0.142963
0.0213889	0.147543
0.017115	0.155787
0.0257504	0.163645
0.0224151	0.172274
0.0201811	0.170011
0.0205903	0.167604
0.020353	0.162165
0.0204774	0.147354
0.00886233	0.153528
-0.00920401	0.160202
-0.000739406	0.161964
-0.00660806	0.158333
-0.0189067	0.148931
-0.0276095	0.158408
-0.0317528	0.157337
-0.0292224	0.143108
-0.0372575	0.160288
-0.0510455	0.1617
-0.0459625	0.144699
-0.0318493	0.14619
-0.0290327	0.147826
-0.0306357	0.148934
-0.0145641	0.144674
-0.0178888	0.148581
-0.016711	0.159051
-0.0125974	0.160278
-0.00796521	0.163484
0.000286944	0.156914
0.00875651	0.164169
0.0109381	0.162295
0.00862121	0.165556
0.0103305	0.158778
-0.00651854	0.162655
-0.00908552	0.162721
-0.0125328	0.154843
-0.0144342	0.155119
-0.0186747	0.151346
-0.00842001	0.151112
0.000993256	0.15364
0.000621225	0.150599
0.00112821	0.150508
0.00600085	0.144104
0.00599711	0.142343
0.00345306	0.143135
0.00624384	0.138359
0.00488191	0.141402
0.00525664	0.142435
0.0206363	0.143606
0.0240081	0.145785
0.0192453	0.145731
0.0195418	0.150503
0.0136272	0.139435
0.0183852	0.138548
0.0174083	0.143489
0.0160801	0.146935
0.0101107	0.152065
0.00651189	0.148745
-0.00088194	0.141445
-0.000654344	0.143279
0.00348394	0.133219
0.0129478	0.141088
0.00944955	0.142978
0.00275212	0.143044
0.006397	0.133056
0.0120851	0.144221
0.0117557	0.137719
0.00680915	0.140507
0.00148017	0.148987
0.00121122	0.150724
-0.0020477	0.154664
0.00158214	0.162089
-0.0162085	0.150115
-0.0216948	0.158346
-0.030332	0.156381
-0.0292797	0.155026
-0.021078	0.141498
-0.046381	0.141436
-0.0532296	0.14032
-0.0601654	0.140035
-0.0591798	0.135494
-0.0756493	0.137666
-0.0714014	0.143007
-0.0541466	0.138923
-0.0473525	0.14734
-0.0500724	0.14909
-0.0539104	0.13788
-0.0513861	0.14059
-0.0524596	0.146373
-0.053724	0.161459
-0.0597372	0.167409
-0.0532213	0.175846
-0.0417401	0.165917
-0.0403298	0.165489
-0.0427474	0.162756
-0.033519	0.154791
-0.0337311	0.153133
-0.0383052	0.156764
-0.0365958	0.161948
-0.0326623	0.171405
-0.0476418	0.171329
-0.0456093	0.169119
-0.0433896	0.165805
-0.0388426	0.161702
-0.0287698	0.157605
-0.0401748	0.148344
-0.0385763	0.14955
-0.0367661	0.1514
-0.036405	0.150818
-0.0473334	0.145813
-0.0488942	0.154446
-0.0536078	0.155011
-0.0550223	0.156724
-0.0517184	0.156599
-0.0557074	0.150382
-0.0411286	0.154898
-0.0309932	0.154456
-0.0338298	0.151055
-0.0371628	0.168796
-0.0270261	0.1679
-0.0328609	0.168299
-0.0194486	0.166388
-0.0129174	0.159069
-0.0099228	0.159056
-0.00775015	0.159346
-0.0161965	0.168236
-0.015132	0.172894
-0.00303337	0.161628
0.00157908	0.171387
-0.00398433	0.17159
-0.000768437	0.1683
-0.00460823	0.168665
0.00772758	0.173365
0.0101014	0.173182
0.0187095	0.17628
0.028774	0.172304
0.0333753	0.161798
0.0354695	0.156537
0.0415925	0.157337
0.0465195	0.154598
0.0543866	0.151125
0.0456646	0.139011
0.0552974	0.122122
0.0624731	0.116911
0.0652574	0.120755
0.06775	0.122679
0.0888399	0.120565
0.0928221	0.121563
0.0930383	0.129686
0.0963027	0.129922
0.0957901	0.135891
0.0866143	0.141104
0.0877016	0.150473
0.0772209	0.137644
0.0779468	0.137505
0.0764445	0.137846
0.0803613	0.127561
0.0803368	0.134461
0.0942274	0.129508
0.0912869	0.126809
0.0919573	0.129584
0.0948653	0.14133
0.0946399	0.129222
0.096075	0.128889
0.0918909	0.130878
0.10211	0.139784
0.0930841	0.131282
0.0922196	0.1311
0.0915032	0.132136
0.0906621	0.131946
0.0808162	0.152126
0.0935297	0.139173
0.0958022	0.145474
0.0866314	0.158134
0.0828434	0.152625
0.0781306	0.15173
0.0763776	0.152598
0.0746027	0.143916
0.0616849	0.141369
0.0708337	0.145472
0.0785476	0.146255
0.0644471	0.136202
0.0701951	0.132526
0.0761584	0.125685
0.0659509	0.133597
0.0696863	0.124691
0.0763319	0.132735
0.0754344	0.133244
0.0713426	0.13253
0.0740567	0.135049
0.0773199	0.134707
0.0765224	0.13469
0.0687244	0.138671
0.0652718	0.136361
0.0851289	0.141184
0.0856856	0.13888
0.0816627	0.140218
0.0606736	0.137038
0.0525603	0.144051
0.0224548	0.154936
-0.0357115	0.166065
-0.039743	0.162387
-0.0690842	0.148265
-0.0730077	0.144189
-0.0813557	0.132705
-0.0865669	0.130862
-0.0884825	0.134018
-0.0915196	0.139098
-0.0923427	0.13792
-0.0933222	0.1338
-0.0917518	0.13366
-0.0912443	0.133218
-0.0705774	0.14621
-0.0742455	0.14088
