0.995536	0.00548952
0.99223	0.0123538
0.98928	0.019478
0.986217	0.0264506
0.983539	0.033433
0.981129	0.0410075
0.979113	0.0490524
0.976831	0.0566682
0.974661	0.0646591
0.973105	0.0728839
0.971932	0.0807392
0.971183	0.0886635
0.970689	0.0974195
0.970995	0.106031
0.971686	0.113907
0.972291	0.122194
0.973189	0.130519
0.974803	0.139089
0.976514	0.147437
0.978146	0.155453
0.979398	0.1635
0.980976	0.171312
0.982028	0.179256
0.982912	0.186901
0.983757	0.194427
0.985116	0.201676
0.986392	0.209458
0.988103	0.217706
0.989858	0.225654
0.99183	0.233614
0.994204	0.241724
0.996766	0.249699
0.999299	0.257893
1.002	0.265928
1.00484	0.273824
1.00747	0.281541
1.01038	0.288812
1.01323	0.297276
1.01601	0.305653
1.01888	0.313759
1.0217	0.321499
1.02451	0.330138
1.02786	0.337661
1.03127	0.345101
1.03462	0.352442
1.03669	0.359306
1.03909	0.365664
1.04213	0.37165
1.04525	0.37807
1.04803	0.384364
1.05121	0.390427
1.0545	0.396877
1.05789	0.403392
1.06136	0.409989
1.06479	0.416807
1.06806	0.423141
1.07141	0.429786
1.07505	0.436289
1.07808	0.441617
1.08141	0.447124
1.08561	0.452826
1.08997	0.458624
1.09456	0.464465
1.0992	0.470517
1.10401	0.476042
1.10884	0.481405
1.11376	0.486875
1.1188	0.492429
1.12384	0.498096
1.12899	0.503753
1.13407	0.509708
1.13921	0.515663
1.14429	0.52154
1.14972	0.527489
1.15504	0.533823
1.15922	0.540022
1.16347	0.546328
1.16767	0.55283
1.17183	0.55943
1.1763	0.56579
1.18019	0.572032
1.18393	0.578136
1.18784	0.584653
1.19214	0.590431
1.19659	0.596325
1.20108	0.602344
1.20585	0.60846
1.21051	0.614631
1.21518	0.621234
1.22007	0.6271
1.22491	0.633032
1.22973	0.638916
1.23503	0.645759
1.24032	0.652318
1.24614	0.65891
1.25148	0.66487
1.25671	0.671336
1.26193	0.677982
1.26655	0.684474
1.27088	0.690436
1.2746	0.696143
1.27842	0.702039
1.28242	0.708055
1.28643	0.713936
1.29046	0.720056
1.29431	0.726847
1.29799	0.733686
1.30147	0.740424
1.3049	0.747027
1.30808	0.754223
1.31141	0.761546
1.31548	0.768565
1.3193	0.775515
1.3232	0.7826
1.3265	0.789657
1.32904	0.796568
1.33177	0.803244
1.33453	0.810055
1.33719	0.816678
1.33963	0.823855
1.34206	0.831087
1.34403	0.838933
1.34601	0.846734
1.34783	0.854495
1.34972	0.862173
1.35191	0.869777
1.35388	0.877392
1.35668	0.884547
1.35918	0.892108
1.36169	0.89995
1.36417	0.90816
1.36642	0.915769
1.36884	0.923044
1.37127	0.930872
1.37355	0.938591
1.37518	0.946914
1.37671	0.955148
1.3786	0.963371
1.38082	0.971719
1.38278	0.979527
1.38487	0.987254
1.38787	0.994681
1.39049	1.00212
1.39286	1.00951
1.39549	1.01722
1.39837	1.02469
1.40106	1.0324
1.40336	1.04031
1.40575	1.04888
1.40798	1.05714
1.41012	1.06535
1.41208	1.07349
1.41406	1.08156
1.41563	1.08968
1.41727	1.09786
1.41876	1.10597
1.41999	1.11394
1.42146	1.12263
1.42266	1.13106
1.42451	1.1394
1.4264	1.14793
1.42814	1.15624
1.42988	1.16477
1.43157	1.1732
1.43362	1.1813
1.43504	1.18912
1.43647	1.19686
1.438	1.20486
1.43936	1.21269
1.44125	1.22075
1.44332	1.22832
1.44522	1.23536
1.44771	1.24309
1.45022	1.25051
1.45251	1.25801
1.454	1.26544
1.45507	1.27307
1.45584	1.28083
1.45645	1.28857
1.45683	1.29675
1.45707	1.30495
1.45731	1.31296
1.45609	1.32193
1.45466	1.33076
1.45252	1.33929
1.44991	1.34735
1.44698	1.35617
1.44418	1.36531
1.44138	1.3741
1.43908	1.38271
1.43747	1.39095
1.4356	1.39947
1.43363	1.4078
1.43142	1.41606
1.42916	1.42417
1.42706	1.43239
1.42489	1.44048
1.42263	1.44832
1.41983	1.45572
1.41692	1.46308
1.41364	1.47042
1.40955	1.47752
1.40542	1.48418
1.40088	1.49108
1.39623	1.49769
1.39182	1.50402
1.3877	1.51038
1.38409	1.51665
1.38079	1.52201
1.37725	1.52797
1.37321	1.53504
1.36925	1.54202
1.36542	1.54908
1.36163	1.55638
1.35784	1.56355
1.35453	1.57034
1.35138	1.57706
1.34775	1.58397
1.34417	1.5907
1.34123	1.59775
1.33819	1.60488
1.33506	1.61207
1.33205	1.61907
1.3285	1.62659
1.32437	1.63438
1.32011	1.64219
1.31578	1.64989
1.31161	1.65733
1.30736	1.66446
1.30324	1.67167
1.29926	1.6786
1.29523	1.68487
1.29159	1.68989
1.28737	1.69495
1.28243	1.70082
1.27756	1.70639
1.27258	1.71221
1.26732	1.71789
1.26201	1.72358
1.25662	1.72926
1.25137	1.73493
1.24609	1.74069
1.24066	1.74615
1.23554	1.75137
1.23081	1.75662
1.22594	1.76201
1.22141	1.76714
1.21639	1.77223
1.21108	1.77751
1.20559	1.78279
1.20027	1.78803
1.19485	1.79344
1.18923	1.79882
1.18398	1.80465
1.17862	1.811
1.17362	1.81756
1.16858	1.82397
1.16401	1.83039
1.15927	1.83672
1.15459	1.8429
1.14986	1.84942
1.14531	1.85545
1.14069	1.86161
1.13604	1.86765
1.13176	1.8735
1.12724	1.88002
1.12257	1.88668
1.11744	1.89388
1.11236	1.9011
1.10718	1.90811
1.10235	1.91508
1.09793	1.92211
1.09347	1.92901
1.08881	1.93565
1.08392	1.94213
1.07906	1.9487
1.07442	1.95503
1.06934	1.9615
1.06421	1.96803
1.05966	1.97458
1.05488	1.98119
1.05015	1.9873
1.0454	1.99351
1.0407	2.00048
1.03589	2.00713
1.0303	2.0133
1.02511	2.01969
1.01973	2.02602
1.01462	2.03233
1.00988	2.03865
1.0049	2.04495
1.00012	2.05091
0.995359	2.05639
0.990343	2.06125
0.985337	2.06635
0.980052	2.07152
0.974046	2.07697
0.968061	2.08228
0.962051	2.08762
0.955899	2.09288
0.949847	2.09816
0.943804	2.10329
0.937829	2.10859
0.931961	2.11278
0.925921	2.11675
0.920129	2.12054
0.914178	2.12444
0.907696	2.12871
0.901309	2.13313
0.894952	2.13762
0.889134	2.1424
0.884306	2.14743
0.878737	2.152
0.873241	2.15648
0.867701	2.16104
0.861457	2.1651
0.854725	2.16965
0.848591	2.17489
0.842396	2.18016
0.836077	2.18537
0.829556	2.19051
0.823483	2.19491
0.81704	2.19954
0.810343	2.20433
0.803651	2.20906
0.797171	2.21378
0.790761	2.21793
0.784391	2.22294
0.77793	2.22768
0.771676	2.23275
0.765444	2.23798
0.758738	2.24301
0.752283	2.24763
0.745649	2.2522
0.738548	2.25669
0.731032	2.26118
0.723636	2.26563
0.716097	2.26997
0.708682	2.27419
0.70175	2.27803
0.694785	2.28185
0.687924	2.2862
0.680812	2.29054
0.673922	2.29474
0.667288	2.29904
0.660699	2.30276
0.653991	2.30656
0.647254	2.31065
0.641019	2.31622
0.63422	2.32087
0.627545	2.32529
0.620625	2.32924
0.613486	2.33289
0.606183	2.3363
0.598814	2.33912
0.591498	2.34192
0.58369	2.34462
0.57585	2.34701
0.568009	2.34923
0.56017	2.35125
0.552054	2.35234
0.544048	2.35324
0.536299	2.35401
0.528556	2.35418
0.519941	2.3544
0.511564	2.35427
0.503916	2.35375
0.495714	2.35313
0.487236	2.3529
0.478441	2.35185
0.469896	2.35089
0.461987	2.35019
0.454005	2.34967
0.445961	2.34946
0.437952	2.34915
0.429864	2.34862
0.421713	2.34803
0.413739	2.34722
0.405897	2.34606
0.397981	2.34487
0.390337	2.34367
0.38354	2.34252
0.376793	2.34147
0.36995	2.34087
0.362841	2.34035
0.355646	2.33971
0.348678	2.33913
0.341598	2.3387
0.333335	2.33871
0.324715	2.33884
0.316525	2.33926
0.308388	2.33958
0.30028	2.33977
0.292179	2.33998
0.283037	2.34045
0.274181	2.34108
0.265548	2.34156
0.257027	2.34186
0.248593	2.34214
0.240283	2.3423
0.231939	2.34181
0.223725	2.34082
0.215047	2.33993
0.206946	2.33909
0.198875	2.3385
0.190835	2.3379
0.182561	2.33733
0.17422	2.33662
0.16668	2.33553
0.159106	2.33434
0.151431	2.33302
0.143577	2.33133
0.135767	2.32958
0.127948	2.32809
0.120318	2.32648
0.113348	2.32475
0.106011	2.32327
0.0986967	2.3218
0.0907323	2.31985
0.083228	2.31864
0.0759675	2.31718
0.0685459	2.31551
0.0617691	2.31346
0.0550681	2.31141
0.0481547	2.30951
0.0411296	2.30751
0.0334285	2.3054
0.0264183	2.30233
0.0193931	2.29918
0.0123274	2.296
0.00614586	2.2931
0.000276341	2.28995
-0.00617715	2.28671
-0.0128286	2.28332
-0.0193174	2.27982
-0.0256301	2.27675
-0.0327255	2.27381
-0.0398377	2.27082
-0.0470552	2.26765
-0.0540232	2.26468
-0.0616317	2.26237
-0.0692265	2.25991
-0.0767447	2.25755
-0.0842609	2.2553
-0.0917963	2.25318
-0.0998329	2.25111
-0.107946	2.2489
-0.116284	2.24635
-0.124169	2.24382
-0.132452	2.24123
-0.141044	2.23788
-0.149809	2.23415
-0.158024	2.22992
-0.16664	2.22617
-0.173639	2.223
-0.180582	2.21901
-0.187234	2.21434
-0.193888	2.20978
-0.200295	2.20547
-0.206952	2.20102
-0.213022	2.19678
-0.218613	2.19274
-0.224322	2.18829
-0.229792	2.18366
-0.235505	2.17906
-0.240731	2.17397
-0.245978	2.16895
-0.251676	2.1646
-0.257566	2.15989
-0.263647	2.15545
-0.269729	2.15082
-0.275859	2.14619
-0.28206	2.14129
-0.288357	2.13713
-0.294231	2.13289
-0.30018	2.12857
-0.306492	2.12413
-0.312676	2.1196
-0.318858	2.11507
-0.325077	2.1104
-0.331517	2.10587
-0.33802	2.10149
-0.343861	2.09724
-0.350391	2.0924
-0.357233	2.08793
-0.363707	2.08339
-0.371196	2.07857
-0.377963	2.07373
-0.384175	2.06893
-0.390323	2.06366
-0.396853	2.05856
-0.403527	2.05371
-0.410139	2.04889
-0.417162	2.04419
-0.423843	2.03886
-0.430455	2.03361
-0.437205	2.02837
-0.443641	2.02333
-0.449748	2.01807
-0.455918	2.01329
-0.462074	2.00889
-0.468505	2.00493
-0.475354	2.00124
-0.482965	1.99734
-0.490261	1.99346
-0.497532	1.98942
-0.50447	1.98531
-0.511492	1.98165
-0.518476	1.97792
-0.525903	1.9752
-0.533116	1.97234
-0.540308	1.96964
-0.547316	1.96618
-0.554414	1.96294
-0.561319	1.95871
-0.568003	1.95318
-0.574315	1.94753
-0.580963	1.94219
-0.587779	1.93642
-0.594432	1.93119
-0.600798	1.92571
-0.607771	1.92064
-0.614451	1.91506
-0.621057	1.91015
-0.626432	1.90531
-0.631747	1.90017
-0.637167	1.89497
-0.641748	1.89006
-0.646503	1.88497
-0.651171	1.87985
-0.656337	1.87456
-0.661292	1.86943
-0.666293	1.86472
-0.671447	1.86018
-0.676775	1.85557
-0.682116	1.8515
-0.687634	1.84661
-0.693238	1.84173
-0.698722	1.83676
-0.704258	1.83171
-0.709397	1.82669
-0.714122	1.82115
-0.719316	1.81573
-0.724873	1.81012
-0.730243	1.80388
-0.734757	1.79806
-0.739624	1.79179
-0.744624	1.78565
-0.750063	1.77959
-0.755652	1.77343
-0.76119	1.76708
-0.766667	1.76084
-0.772065	1.75465
-0.777378	1.74843
-0.782685	1.74224
-0.788376	1.73643
-0.793757	1.73062
-0.798928	1.72535
-0.803634	1.71979
-0.807967	1.71434
-0.81285	1.70912
-0.817806	1.70456
-0.822954	1.69975
-0.828239	1.69523
-0.834098	1.69009
-0.840852	1.68528
-0.847794	1.68037
-0.854675	1.67554
-0.861615	1.67105
-0.868432	1.66562
-0.874775	1.6598
-0.880872	1.65354
-0.886437	1.64667
-0.891449	1.63968
-0.896414	1.63265
-0.90072	1.62445
-0.904949	1.61651
-0.909529	1.60843
-0.913809	1.60053
-0.918189	1.59304
-0.922431	1.58606
-0.9264	1.57907
-0.930627	1.57231
-0.934965	1.56595
-0.939317	1.55945
-0.943847	1.55222
-0.948777	1.54499
-0.953643	1.53828
-0.958393	1.53164
-0.963439	1.52511
-0.967927	1.51872
-0.972564	1.51253
-0.976805	1.50598
-0.98061	1.49954
-0.984502	1.49341
-0.989209	1.48747
-0.992643	1.48232
-0.996273	1.47699
-1.00008	1.47141
-1.00316	1.46553
-1.00627	1.45916
-1.00925	1.45264
-1.01227	1.44584
-1.01546	1.43886
-1.01757	1.43182
-1.01978	1.42494
-1.02201	1.41761
-1.02366	1.41033
-1.02503	1.4027
-1.02665	1.3946
-1.02821	1.38658
-1.03088	1.37765
-1.03348	1.36918
-1.03619	1.36081
-1.03885	1.35256
-1.04148	1.34432
-1.04405	1.33665
-1.04676	1.32891
-1.05001	1.32055
-1.0532	1.31238
-1.05654	1.30495
-1.06005	1.29772
-1.06354	1.29051
-1.06684	1.28305
-1.07012	1.27567
-1.07334	1.26835
-1.07683	1.26092
-1.07977	1.25325
-1.08241	1.24555
-1.0851	1.2378
-1.08701	1.22939
-1.08887	1.22089
-1.09089	1.21244
-1.0924	1.20468
-1.09402	1.19679
-1.09561	1.18865
-1.09714	1.18058
-1.09824	1.17309
-1.09942	1.16503
-1.1011	1.15705
-1.10273	1.14842
-1.10413	1.13997
-1.10529	1.13189
-1.10645	1.12388
-1.10748	1.11564
-1.10799	1.10805
-1.10854	1.1004
-1.10959	1.0929
-1.11062	1.08574
-1.11135	1.07861
-1.112	1.07111
-1.11223	1.064
-1.11218	1.05637
-1.11219	1.04841
-1.11238	1.04058
-1.11331	1.03258
-1.11344	1.02504
-1.11335	1.0179
-1.11348	1.01075
-1.11376	1.0034
-1.11412	0.996015
-1.11507	0.987823
-1.11725	0.979253
-1.11935	0.971181
-1.12161	0.963004
-1.12347	0.954548
-1.12528	0.945953
-1.12746	0.937796
-1.12961	0.929446
-1.13131	0.920617
-1.13286	0.911829
-1.13502	0.903362
-1.13723	0.895368
-1.13944	0.887457
-1.14162	0.879547
-1.14357	0.871185
-1.14587	0.862948
-1.14726	0.853677
-1.14861	0.844676
-1.1496	0.835894
-1.15042	0.827467
-1.15113	0.819104
-1.15204	0.810599
-1.15295	0.802278
-1.15378	0.79354
-1.15478	0.784923
-1.15522	0.776465
-1.15593	0.768514
-1.15659	0.7607
-1.15748	0.752396
-1.1587	0.74427
-1.15984	0.735969
-1.161	0.727841
-1.16184	0.719251
-1.16278	0.711089
-1.16495	0.702528
-1.16711	0.694486
-1.16893	0.686722
-1.17054	0.679255
-1.17227	0.671721
-1.17405	0.663944
-1.17574	0.656175
-1.17692	0.647814
-1.17805	0.639483
-1.17918	0.631441
-1.18043	0.623483
-1.18188	0.615742
-1.18409	0.608162
-1.18567	0.59997
-1.18693	0.592259
-1.18831	0.584474
-1.18964	0.576458
-1.19073	0.568864
-1.19198	0.56087
-1.1932	0.552917
-1.19514	0.544659
-1.19673	0.536198
-1.19829	0.52758
-1.19994	0.519691
-1.20124	0.511012
-1.20251	0.502509
-1.20393	0.494155
-1.20447	0.485897
-1.20503	0.47772
-1.20541	0.469626
-1.20597	0.461521
-1.20554	0.452795
-1.20507	0.443912
-1.20433	0.435222
-1.20414	0.426187
-1.2047	0.417412
-1.20571	0.40856
-1.20755	0.399466
-1.20961	0.390647
-1.21169	0.382414
-1.2136	0.373837
-1.21501	0.36503
-1.21621	0.356656
-1.21768	0.348689
-1.21983	0.340846
-1.2218	0.332677
-1.22377	0.324616
-1.22588	0.31678
-1.22747	0.309287
-1.22974	0.301244
-1.23185	0.29349
-1.23426	0.285549
-1.23578	0.277341
-1.23711	0.269836
-1.239	0.262147
-1.24131	0.254358
-1.24358	0.246662
-1.24592	0.238945
-1.24865	0.230651
-1.25137	0.222717
-1.25511	0.214742
-1.25884	0.207083
-1.26266	0.199538
-1.26654	0.19211
-1.2703	0.185296
-1.27393	0.178419
-1.27754	0.171504
-1.28093	0.164498
-1.2843	0.157432
-1.28764	0.14993
-1.29025	0.141858
-1.29243	0.134049
-1.29471	0.126405
-1.297	0.119839
-1.29942	0.112713
-1.30139	0.105045
-1.30334	0.0974891
-1.30535	0.0899508
-1.30721	0.0823267
-1.309	0.0746951
-1.31077	0.0672059
-1.31261	0.059682
-1.31453	0.0522382
-1.31662	0.0444843
-1.31961	0.0359036
-1.32269	0.0269696
-1.32492	0.0183213
-1.32718	0.0107462
-1.32986	0.00362951
-1.33196	-0.00359537
-1.33406	-0.0114298
-1.3362	-0.0191994
-1.33838	-0.0269649
-1.34013	-0.0351852
-1.34228	-0.0429825
-1.3446	-0.0506902
-1.34713	-0.0582522
-1.34911	-0.0649619
-1.35149	-0.0716005
-1.35406	-0.0777435
-1.35581	-0.0842831
-1.35754	-0.0909918
-1.35949	-0.0979182
-1.36195	-0.105067
-1.36416	-0.112777
-1.36632	-0.120226
-1.36833	-0.127978
-1.37057	-0.136229
-1.37279	-0.14443
-1.37503	-0.152452
-1.3777	-0.160274
-1.38068	-0.167408
-1.38337	-0.174593
-1.38678	-0.181654
-1.39045	-0.188683
-1.39486	-0.194977
-1.39906	-0.201054
-1.40322	-0.207101
-1.40736	-0.213247
-1.41139	-0.21958
-1.41603	-0.226198
-1.42077	-0.231765
-1.42643	-0.23736
-1.43212	-0.242911
-1.43715	-0.248298
-1.44202	-0.253414
-1.44725	-0.258224
-1.45243	-0.262839
-1.45756	-0.267593
-1.46277	-0.27265
-1.46809	-0.277453
-1.47331	-0.282415
-1.47821	-0.288275
-1.48258	-0.294787
-1.48699	-0.301541
-1.49128	-0.307868
-1.49557	-0.314253
-1.4995	-0.320628
-1.50344	-0.327121
-1.50737	-0.333988
-1.51123	-0.340881
-1.51456	-0.346972
-1.51797	-0.353335
-1.52108	-0.359978
-1.52414	-0.36732
-1.52675	-0.374418
-1.5294	-0.381571
-1.53153	-0.38832
-1.53357	-0.395288
-1.53582	-0.402357
-1.53783	-0.409851
-1.53977	-0.417493
-1.54172	-0.425115
-1.54318	-0.432951
-1.54454	-0.440951
-1.54539	-0.448611
-1.54672	-0.456184
-1.54828	-0.464235
-1.54968	-0.472124
-1.55151	-0.480048
-1.55344	-0.48787
-1.55567	-0.495759
-1.55767	-0.503276
-1.55986	-0.510819
-1.56244	-0.517908
-1.56458	-0.524838
-1.56697	-0.532272
-1.56977	-0.539417
-1.57267	-0.546683
-1.57559	-0.553956
-1.57868	-0.561299
-1.5816	-0.568716
-1.58471	-0.575902
-1.58775	-0.583022
-1.59101	-0.590333
-1.59425	-0.597858
-1.59777	-0.605176
-1.60195	-0.612433
-1.60655	-0.61945
-1.61115	-0.626247
-1.61574	-0.6328
-1.62031	-0.639237
-1.62472	-0.64541
-1.62902	-0.65186
-1.63339	-0.658334
-1.63777	-0.66487
-1.64213	-0.671116
-1.64656	-0.677568
-1.65135	-0.68371
-1.65651	-0.690272
-1.6616	-0.696954
-1.66657	-0.703684
-1.67138	-0.710402
-1.67631	-0.716436
-1.6817	-0.722536
-1.68604	-0.729146
-1.69033	-0.735591
-1.69475	-0.742321
-1.69904	-0.749145
-1.70322	-0.7561
-1.70734	-0.76308
-1.7113	-0.770632
-1.71514	-0.77808
-1.71882	-0.78548
-1.72244	-0.793052
-1.72693	-0.800109
-1.73049	-0.806963
-1.73374	-0.814409
-1.73789	-0.821113
-1.742	-0.8279
-1.746	-0.834692
-1.74998	-0.84157
-1.75386	-0.848254
-1.75752	-0.854885
-1.76086	-0.861913
-1.76414	-0.868862
-1.76743	-0.875844
-1.77039	-0.883017
-1.77326	-0.889849
-1.77612	-0.896739
-1.77892	-0.903725
-1.78193	-0.910911
-1.78539	-0.917758
-1.78876	-0.924697
-1.79251	-0.931921
-1.79698	-0.938621
-1.80128	-0.945127
-1.80484	-0.951968
-1.80852	-0.958564
-1.81216	-0.965254
-1.81569	-0.972091
-1.81925	-0.979113
-1.82254	-0.98641
-1.82627	-0.993711
-1.82994	-1.00139
-1.8333	-1.00904
-1.83626	-1.01669
-1.83909	-1.02437
-1.84247	-1.03308
-1.84566	-1.04171
-1.84881	-1.05101
-1.85175	-1.05995
-1.85457	-1.0686
-1.85853	-1.07646
-1.86227	-1.08474
-1.86604	-1.09282
-1.86962	-1.10064
-1.87311	-1.10805
-1.87648	-1.11593
-1.88003	-1.1234
-1.88318	-1.13088
-1.88683	-1.13809
-1.88953	-1.14505
-1.89262	-1.15178
-1.89569	-1.15876
-1.8989	-1.16526
-1.90265	-1.17268
-1.9063	-1.18005
-1.90985	-1.18739
-1.9135	-1.19466
-1.91759	-1.20194
-1.92158	-1.20919
-1.92527	-1.21665
-1.92876	-1.22398
-1.93208	-1.23117
-1.93495	-1.23784
-1.93799	-1.24535
-1.941	-1.25279
-1.94416	-1.26047
-1.94649	-1.26801
-1.94866	-1.27588
-1.95096	-1.28422
-1.95303	-1.2921
-1.95541	-1.29979
-1.95771	-1.30775
-1.95988	-1.31583
-1.9617	-1.32383
-1.96204	-1.33233
-1.96252	-1.34061
-1.96326	-1.3492
-1.96394	-1.35768
-1.96386	-1.36598
-1.96386	-1.37338
-1.96414	-1.38166
-1.96446	-1.38988
-1.96445	-1.39746
-1.96511	-1.40559
-1.96589	-1.4137
-1.96727	-1.42165
-1.96928	-1.42959
-1.97135	-1.43746
-1.97397	-1.44545
-1.97665	-1.45356
-1.97827	-1.46188
-1.9803	-1.4698
-1.9819	-1.47782
-1.98365	-1.48569
-1.98556	-1.49368
-1.98764	-1.50163
-1.98862	-1.50935
-1.98981	-1.51707
-1.99182	-1.52428
-1.99392	-1.53149
-1.99603	-1.53886
-1.99753	-1.54557
-1.99891	-1.55262
-2.00043	-1.55977
-2.0025	-1.5674
-2.00433	-1.57552
-2.00624	-1.58353
-2.00874	-1.59145
-2.01108	-1.59874
-2.01367	-1.60541
-2.01653	-1.61208
-2.01953	-1.61927
-2.0224	-1.62673
-2.0253	-1.63436
-2.02836	-1.6429
-2.03134	-1.65171
-2.03408	-1.66043
-2.0368	-1.66893
-2.039	-1.67653
-2.0407	-1.68374
-2.04283	-1.69134
-2.04487	-1.69853
-2.0472	-1.70612
-2.04906	-1.71387
-2.05096	-1.72113
-2.05309	-1.7288
-2.05531	-1.73667
-2.05754	-1.74456
-2.05988	-1.75261
-2.06266	-1.76063
-2.06488	-1.76905
-2.06712	-1.77769
-2.07026	-1.78607
-2.073	-1.79383
-2.07565	-1.80153
-2.07863	-1.80879
-2.08124	-1.81575
-2.08411	-1.82313
-2.0876	-1.83018
-2.09012	-1.83732
-2.09259	-1.8452
-2.09542	-1.85296
-2.09809	-1.86062
-2.101	-1.86815
-2.10352	-1.8762
-2.10598	-1.88447
-2.10835	-1.89259
-2.11046	-1.90054
-2.11245	-1.90803
-2.11515	-1.91463
-2.11799	-1.9215
-2.12103	-1.92839
-2.12399	-1.9346
-2.12724	-1.94097
-2.13055	-1.94746
-2.13384	-1.95413
-2.13727	-1.96086
-2.14068	-1.968
-2.14407	-1.97513
-2.14787	-1.98258
-2.15222	-1.99028
-2.156	-1.99829
-2.15962	-2.00598
-2.16313	-2.01315
-2.16635	-2.01985
-2.16941	-2.02694
-2.17382	-2.03399
-2.17785	-2.03989
-2.18192	-2.0461
-2.18637	-2.05227
-2.19075	-2.05855
-2.19594	-2.0648
-2.20138	-2.07108
-2.20666	-2.07739
-2.21225	-2.08509
-2.2171	-2.0925
-2.22223	-2.10014
-2.22709	-2.10815
-2.23215	-2.11614
-2.23691	-2.1242
-2.24183	-2.13233
-2.24671	-2.1396
-2.25064	-2.14713
-2.25465	-2.15462
-2.25827	-2.16214
-2.26158	-2.16956
-2.26531	-2.17686
-2.2692	-2.18428
-2.27323	-2.19175
-2.27634	-2.19905
-2.27933	-2.2064
-2.28212	-2.21383
-2.28456	-2.22118
-2.28713	-2.22928
-2.28946	-2.23702
-2.29165	-2.2449
-2.2938	-2.25323
-2.29547	-2.2611
-2.29687	-2.26917
-2.29817	-2.27724
-2.29887	-2.28489
-2.29969	-2.29252
-2.30047	-2.30011
-2.30133	-2.30771
-2.30245	-2.31613
-2.30289	-2.32499
-2.30342	-2.3341
-2.304	-2.34281
-2.30491	-2.35182
-2.30534	-2.36005
-2.30549	-2.36813
-2.30528	-2.37642
-2.30509	-2.38447
-2.30552	-2.39279
-2.30608	-2.4014
-2.30663	-2.41021
-2.30725	-2.41913
-2.30834	-2.42772
-2.30927	-2.43655
-2.31005	-2.44528
-2.31047	-2.45387
-2.3111	-2.46231
-2.31187	-2.4704
-2.31207	-2.47812
-2.31275	-2.48633
-2.31299	-2.49482
-2.31275	-2.50311
-2.31248	-2.51087
-2.31245	-2.51834
-2.312	-2.52575
-2.31113	-2.53305
-2.31043	-2.54041
-2.30962	-2.54822
-2.30913	-2.55598
-2.30867	-2.56373
-2.30829	-2.57107
-2.30798	-2.57834
-2.30755	-2.58565
-2.30694	-2.59273
-2.30636	-2.59997
-2.3048	-2.60717
-2.30337	-2.61435
-2.30144	-2.62262
-2.29937	-2.6314
-2.29716	-2.63935
-2.29541	-2.64733
-2.29372	-2.65519
-2.29232	-2.66303
-2.29092	-2.67062
-2.28948	-2.67814
-2.2881	-2.68572
-2.28679	-2.69277
-2.28642	-2.70052
-2.28601	-2.70829
-2.28539	-2.71632
-2.28488	-2.72466
-2.28486	-2.73261
-2.28518	-2.74067
-2.28565	-2.74832
-2.28615	-2.75597
-2.28682	-2.76318
-2.28871	-2.77017
-2.29054	-2.77719
-2.29376	-2.78423
-2.29692	-2.79138
-2.29969	-2.79881
-2.30233	-2.80628
-2.30492	-2.81403
-2.30756	-2.82186
-2.31022	-2.82949
-2.3128	-2.83712
-2.31603	-2.84397
-2.3191	-2.85097
-2.32228	-2.85828
-2.32554	-2.86569
-2.32815	-2.87255
-2.33075	-2.87941
-2.33328	-2.8862

-2.33599	2.88735
-2.3383	2.88088
-2.34103	2.87376
-2.34308	2.86655
-2.34496	2.85933
-2.34687	2.85198
-2.34824	2.84447
-2.34886	2.83663
-2.3497	2.82932
-2.35093	2.82182
-2.35203	2.81423
-2.35327	2.80674
-2.3545	2.7993
-2.35548	2.79179
-2.35654	2.784
-2.35761	2.7762
-2.35852	2.76828
-2.35933	2.7603
-2.36001	2.75229
-2.36094	2.74434
-2.36148	2.73602
-2.36158	2.72784
-2.36228	2.72005
-2.36291	2.71225
-2.36334	2.70456
-2.36403	2.6972
-2.36473	2.69005
-2.36521	2.68314
-2.36589	2.67643
-2.36616	2.66918
-2.3672	2.66168
-2.36764	2.65439
-2.36688	2.64733
-2.36642	2.63945
-2.36557	2.63125
-2.3647	2.62281
-2.36391	2.61448
-2.36312	2.60661
-2.36199	2.59883
-2.36087	2.59103
-2.3597	2.58343
-2.35846	2.57577
-2.35788	2.56905
-2.35725	2.56229
-2.35616	2.55562
-2.3551	2.5493
-2.35394	2.54281
-2.35277	2.53549
-2.35161	2.52809
-2.35012	2.52088
-2.34822	2.5135
-2.34628	2.50596
-2.34482	2.49829
-2.34235	2.49087
-2.34005	2.48308
-2.33772	2.47552
-2.33632	2.46801
-2.33482	2.46001
-2.33308	2.4523
-2.33126	2.44395
-2.32916	2.43631
-2.32694	2.42843
-2.32441	2.42031
-2.32192	2.41233
-2.31947	2.40442
-2.31763	2.39644
-2.31566	2.38856
-2.314	2.37982
-2.3128	2.37101
-2.311	2.36256
-2.30962	2.35433
-2.30821	2.34623
-2.30706	2.33773
-2.30585	2.32937
-2.30449	2.32171
-2.30307	2.31431
-2.30185	2.30701
-2.30121	2.3
-2.30059	2.29373
-2.29985	2.28704
-2.29944	2.28043
-2.29918	2.27315
-2.29843	2.26595
-2.29771	2.25851
-2.29557	2.25113
-2.29345	2.24382
-2.29117	2.2364
-2.28903	2.22913
-2.28683	2.22157
-2.28397	2.21426
-2.28147	2.20682
-2.2793	2.19923
-2.27699	2.19171
-2.27457	2.18376
-2.27203	2.17576
-2.26915	2.16795
-2.26605	2.16025
-2.26332	2.15328
-2.26071	2.14724
-2.25788	2.141
-2.25486	2.13483
-2.25242	2.12807
-2.24985	2.12119
-2.24737	2.11455
-2.24462	2.10799
-2.24201	2.10044
-2.23971	2.09303
-2.23791	2.08572
-2.23624	2.07859
-2.23426	2.07133
-2.23223	2.06428
-2.22995	2.05671
-2.2282	2.0492
-2.2261	2.04168
-2.22369	2.03421
-2.22128	2.02699
-2.21939	2.01994
-2.21746	2.01279
-2.21565	2.00551
-2.21365	1.99778
-2.21206	1.98971
-2.21004	1.98153
-2.20823	1.97343
-2.20627	1.9653
-2.20426	1.95682
-2.20231	1.94858
-2.19995	1.94058
-2.19755	1.93263
-2.19605	1.92502
-2.1952	1.91737
-2.19442	1.91021
-2.19381	1.90271
-2.19288	1.89524
-2.19193	1.8875
-2.19092	1.87979
-2.18988	1.87221
-2.18908	1.86522
-2.18814	1.85785
-2.18672	1.84998
-2.18665	1.84176
-2.18693	1.83364
-2.18684	1.82525
-2.18609	1.81652
-2.18523	1.80795
-2.18446	1.79897
-2.1835	1.79058
-2.18238	1.78212
-2.18149	1.77368
-2.18068	1.76564
-2.18037	1.75725
-2.17944	1.74865
-2.17846	1.74056
-2.17744	1.73239
-2.17662	1.72441
-2.17563	1.71579
-2.1744	1.70769
-2.17291	1.69946
-2.17138	1.69142
-2.16953	1.683
-2.16702	1.67491
-2.16438	1.667
-2.16213	1.65918
-2.15957	1.65193
-2.15683	1.64571
-2.15363	1.63961
-2.15	1.63439
-2.14616	1.62897
-2.14186	1.623
-2.13754	1.61694
-2.1325	1.61067
-2.12723	1.6044
-2.12271	1.59853
-2.11809	1.59243
-2.1131	1.58645
-2.10846	1.58095
-2.10459	1.57565
-2.10081	1.57085
-2.09672	1.56592
-2.09256	1.56084
-2.08855	1.55614
-2.08439	1.55146
-2.07984	1.5462
-2.07493	1.5411
-2.07019	1.53618
-2.06483	1.53072
-2.0593	1.52522
-2.05308	1.5205
-2.04662	1.51606
-2.0395	1.51154
-2.03237	1.50758
-2.02586	1.50338
-2.01982	1.50017
-2.01395	1.49742
-2.00773	1.49405
-2.00137	1.49066
-1.99465	1.48732
-1.98773	1.48404
-1.9811	1.48181
-1.97433	1.47988
-1.96736	1.47803
-1.96044	1.47647
-1.95311	1.4746
-1.94581	1.47265
-1.93803	1.4718
-1.93027	1.47076
-1.92158	1.47018
-1.91346	1.46979
-1.90491	1.47008
-1.8966	1.47047
-1.88856	1.47062
-1.87995	1.47078
-1.87209	1.47147
-1.86436	1.47261
-1.85748	1.4735
-1.85031	1.47483
-1.84291	1.4764
-1.83535	1.47798
-1.82784	1.47974
-1.82033	1.48167
-1.81305	1.48372
-1.80577	1.48621
-1.79854	1.48885
-1.79078	1.49149
-1.78333	1.4949
-1.77594	1.49889
-1.7689	1.50271
-1.76219	1.50659
-1.75559	1.51069
-1.74906	1.51498
-1.74203	1.51943
-1.73515	1.52405
-1.72854	1.52855
-1.72223	1.5335
-1.71591	1.53886
-1.7104	1.54322
-1.70567	1.54768
-1.70089	1.55248
-1.69613	1.55762
-1.69178	1.5626
-1.68741	1.5675
-1.6829	1.57269
-1.67851	1.57822
-1.67416	1.58453
-1.66985	1.59103
-1.66582	1.5982
-1.66232	1.60559
-1.65863	1.61298
-1.65505	1.62005
-1.65153	1.62717
-1.64823	1.63427
-1.64535	1.64143
-1.64258	1.64866
-1.64057	1.65601
-1.63889	1.66327
-1.63727	1.67063
-1.63579	1.67803
-1.63443	1.68557
-1.63316	1.69316
-1.63149	1.70054
-1.63012	1.70762
-1.62878	1.7153
-1.62775	1.72327
-1.62665	1.73134
-1.62512	1.73895
-1.62399	1.74672
-1.62299	1.75456
-1.62202	1.76202
-1.62158	1.76945
-1.62121	1.77678
-1.62006	1.78396
-1.6191	1.79133
-1.6182	1.79839
-1.6178	1.80528
-1.61788	1.81203
-1.61715	1.81817
-1.61652	1.82468
-1.61559	1.83182
-1.61533	1.8388
-1.6148	1.84603
-1.61441	1.85344
-1.61466	1.86084
-1.61466	1.86773
-1.61526	1.8744
-1.61656	1.88138
-1.61852	1.88912
-1.62074	1.89676
-1.62358	1.90461
-1.62561	1.9121
-1.62736	1.91971
-1.62902	1.92752
-1.63073	1.93528
-1.63252	1.94303
-1.63455	1.95047
-1.63662	1.95786
-1.63883	1.96545
-1.64096	1.97288
-1.64325	1.98042
-1.64578	1.98849
-1.64828	1.99641
-1.65069	2.00306
-1.65261	2.00936
-1.6546	2.01559
-1.65696	2.02155
-1.65947	2.02803
-1.6615	2.03503
-1.66339	2.042
-1.6654	2.04899
-1.66719	2.05577
-1.66831	2.06306
-1.66976	2.06991
-1.67142	2.07708
-1.67274	2.08465
-1.67433	2.09222
-1.67592	2.0998
-1.67752	2.10733
-1.67899	2.11536
-1.68063	2.12293
-1.68272	2.13041
-1.68483	2.13794
-1.68685	2.1451
-1.68907	2.1523
-1.69118	2.15949
-1.69302	2.16673
-1.69432	2.17472
-1.69611	2.18267
-1.69796	2.19103
-1.69979	2.19923
-1.70154	2.20749
-1.70326	2.21546
-1.70475	2.22408
-1.70658	2.23262
-1.70879	2.24062
-1.71111	2.2493
-1.71344	2.25771
-1.71534	2.2651
-1.71672	2.27228
-1.71857	2.27958
-1.72102	2.28731
-1.72312	2.29485
-1.72514	2.30225
-1.72713	2.30911
-1.72942	2.31619
-1.73131	2.32322
-1.73313	2.3302
-1.73531	2.33696
-1.73746	2.34395
-1.74018	2.35043
-1.74294	2.35717
-1.74585	2.36396
-1.74893	2.37076
-1.75178	2.37695
-1.75462	2.38335
-1.75748	2.38994
-1.76055	2.39683
-1.76341	2.40377
-1.76631	2.41081
-1.7683	2.41813
-1.76997	2.42532
-1.77101	2.43241
-1.77201	2.44011
-1.77312	2.44765
-1.77443	2.4553
-1.77585	2.46243
-1.77658	2.46946
-1.77735	2.47642
-1.77777	2.48383
-1.77807	2.49165
-1.77868	2.49917
-1.7795	2.50681
-1.77953	2.51437
-1.78009	2.52136
-1.78078	2.52858
-1.78147	2.5361
-1.78219	2.54411
-1.78369	2.55102
-1.78485	2.55861
-1.78591	2.56623
-1.7869	2.57374
-1.78777	2.58147
-1.78836	2.58936
-1.78883	2.59732
-1.78932	2.60531
-1.78996	2.61318
-1.79073	2.62042
-1.79155	2.62746
-1.79257	2.63484
-1.79348	2.64266
-1.79339	2.65064
-1.79319	2.65924
-1.79321	2.66785
-1.79366	2.67554
-1.79416	2.68312
-1.7946	2.69079
-1.79501	2.69852
-1.79499	2.70644
-1.79493	2.71405
-1.79478	2.72161
-1.79566	2.72918
-1.79645	2.73713
-1.79765	2.74442
-1.79846	2.75167
-1.79958	2.75951
-1.80054	2.76753
-1.8015	2.77538
-1.80277	2.78301
-1.80424	2.79126
-1.80562	2.79941
-1.80699	2.80766
-1.8084	2.8159
-1.81026	2.82428
-1.81203	2.8323
-1.81376	2.84026
-1.81618	2.84772
-1.81897	2.85572
-1.82134	2.86354
-1.82366	2.87099
-1.82572	2.87857
-1.82751	2.88629

-1.8289	-2.88625
-1.83002	-2.87832
-1.83107	-2.87041
-1.83188	-2.86237
-1.83187	-2.85462
-1.83118	-2.84658
-1.8307	-2.83884
-1.83027	-2.8311
-1.82988	-2.82333
-1.82939	-2.81495
-1.82911	-2.8063
-1.82913	-2.79751
-1.82942	-2.7889
-1.82935	-2.77996
-1.82928	-2.77124
-1.82894	-2.76276
-1.82806	-2.75412
-1.82713	-2.74558
-1.82669	-2.73655
-1.82566	-2.72787
-1.82433	-2.71902
-1.82234	-2.70952
-1.8205	-2.70028
-1.81839	-2.69108
-1.81581	-2.68269
-1.81343	-2.67434
-1.81106	-2.66673
-1.80885	-2.65934
-1.80759	-2.6527
-1.80617	-2.64601
-1.80488	-2.63906
-1.80386	-2.63219
-1.80273	-2.62454
-1.80169	-2.61563
-1.80159	-2.60609
-1.8015	-2.59662
-1.80151	-2.58687
-1.80175	-2.57737
-1.80192	-2.56819
-1.80222	-2.55993
-1.80253	-2.55178
-1.80293	-2.54369
-1.80311	-2.53594
-1.80341	-2.52809
-1.80421	-2.52039
-1.8051	-2.5124
-1.80587	-2.50418
-1.80709	-2.49509
-1.8087	-2.48624
-1.81021	-2.47801
-1.81105	-2.46981
-1.81112	-2.46197
-1.81152	-2.45388
-1.81207	-2.44593
-1.81234	-2.43738
-1.81231	-2.42981
-1.81289	-2.42133
-1.8135	-2.41308
-1.8139	-2.40494
-1.81383	-2.39701
-1.81384	-2.38901
-1.81377	-2.3811
-1.8138	-2.37252
-1.81392	-2.36381
-1.814	-2.35515
-1.81408	-2.34666
-1.81432	-2.33841
-1.81447	-2.33019
-1.81471	-2.32147
-1.8149	-2.31238
-1.8152	-2.30399
-1.81554	-2.29566
-1.81611	-2.28713
-1.81583	-2.27915
-1.81614	-2.27
-1.81679	-2.26124
-1.81798	-2.25267
-1.81926	-2.24414
-1.82079	-2.2352
-1.82214	-2.22677
-1.82349	-2.2186
-1.82427	-2.21022
-1.82546	-2.20199
-1.82653	-2.19423
-1.82759	-2.18655
-1.82847	-2.179
-1.82902	-2.17079
-1.82913	-2.16287
-1.8286	-2.15536
-1.82785	-2.14823
-1.82774	-2.14049
-1.82761	-2.13287
-1.82747	-2.12503
-1.82808	-2.11729
-1.82862	-2.10984
-1.82907	-2.10229
-1.82927	-2.09484
-1.82969	-2.08751
-1.83055	-2.08003
-1.83182	-2.07236
-1.83309	-2.06471
-1.83431	-2.05702
-1.83581	-2.04949
-1.83735	-2.04271
-1.83887	-2.03558
-1.84008	-2.02825
-1.84174	-2.0209
-1.84332	-2.01342
-1.84538	-2.00546
-1.84754	-1.9975
-1.84946	-1.98989
-1.85147	-1.98199
-1.8533	-1.9741
-1.85551	-1.96549
-1.85784	-1.95716
-1.86014	-1.94976
-1.86249	-1.94219
-1.86431	-1.93463
-1.86563	-1.92703
-1.86738	-1.91882
-1.86929	-1.91052
-1.8712	-1.90278
-1.87304	-1.89502
-1.87471	-1.88723
-1.87638	-1.87947
-1.87801	-1.8717
-1.87964	-1.86393
-1.88116	-1.85618
-1.88235	-1.84802
-1.88355	-1.84006
-1.8839	-1.83255
-1.88468	-1.82425
-1.88551	-1.81588
-1.88629	-1.8077
-1.88701	-1.79962
-1.88717	-1.79198
-1.88734	-1.78404
-1.88728	-1.77579
-1.88744	-1.76747
-1.88758	-1.75902
-1.8877	-1.75096
-1.88757	-1.74312
-1.88789	-1.73504
-1.88816	-1.727
-1.88867	-1.71902
-1.88894	-1.71018
-1.88916	-1.70153
-1.88904	-1.6937
-1.88899	-1.68613
-1.88821	-1.67865
-1.88682	-1.67113
-1.88525	-1.66349
-1.88378	-1.65609
-1.88278	-1.64957
-1.88168	-1.64295
-1.88005	-1.63635
-1.87853	-1.62949
-1.87676	-1.62135
-1.87494	-1.61333
-1.87353	-1.60543
-1.87207	-1.59772
-1.87063	-1.58998
-1.86883	-1.58181
-1.86719	-1.57365
-1.8653	-1.56677
-1.8625	-1.56002
-1.85987	-1.55448
-1.85723	-1.54858
-1.85485	-1.54233
-1.85245	-1.53575
-1.8503	-1.52927
-1.84829	-1.52258
-1.84649	-1.5159
-1.84503	-1.50891
-1.84357	-1.50179
-1.8428	-1.49469
-1.84177	-1.48796
-1.84065	-1.481
-1.83954	-1.47379
-1.83845	-1.46661
-1.83734	-1.45924
-1.83693	-1.45155
-1.83647	-1.44369
-1.83601	-1.43586
-1.8353	-1.42795
-1.83418	-1.41985
-1.83299	-1.41186
-1.83148	-1.40363
-1.83014	-1.39643
-1.82896	-1.38911
-1.82721	-1.38244
-1.82522	-1.37612
-1.82293	-1.36915
-1.82094	-1.36255
-1.81898	-1.35546
-1.81629	-1.34774
-1.81365	-1.33905
-1.81132	-1.33012
-1.80919	-1.32138
-1.80725	-1.31287
-1.8055	-1.30471
-1.80363	-1.29674
-1.80191	-1.28882
-1.80024	-1.28092
-1.79835	-1.27344
-1.79533	-1.26611
-1.79271	-1.2586
-1.79094	-1.25068
-1.78946	-1.24338
-1.78812	-1.23547
-1.78679	-1.22752
-1.7856	-1.21945
-1.78441	-1.21072
-1.78407	-1.20226
-1.78388	-1.19388
-1.78374	-1.18625
-1.78323	-1.17845
-1.78261	-1.17048
-1.78191	-1.16236
-1.78101	-1.15506
-1.78016	-1.14765
-1.77947	-1.139
-1.77902	-1.13111
-1.77892	-1.12322
-1.77866	-1.11569
-1.77766	-1.10874
-1.7766	-1.10153
-1.77576	-1.09418
-1.77511	-1.08684
-1.7745	-1.07921
-1.77366	-1.07145
-1.77289	-1.06381
-1.77195	-1.05559
-1.77078	-1.04717
-1.76939	-1.0384
-1.76808	-1.02985
-1.76704	-1.02157
-1.76603	-1.01339
-1.76492	-1.00493
-1.76388	-0.996591
-1.76287	-0.988274
-1.76245	-0.980136
-1.76213	-0.971952
-1.76203	-0.964454
-1.76204	-0.957568
-1.76164	-0.950089
-1.76146	-0.942242
-1.76116	-0.934469
-1.76165	-0.926786
-1.76242	-0.919066
-1.76365	-0.911669
-1.76467	-0.904131
-1.76538	-0.896482
-1.76571	-0.888525
-1.76604	-0.880595
-1.76633	-0.872661
-1.76662	-0.864744
-1.767	-0.856333
-1.76735	-0.848001
-1.76774	-0.839763
-1.7681	-0.831509
-1.76791	-0.823479
-1.7678	-0.815507
-1.76753	-0.807637
-1.76585	-0.800628
-1.76449	-0.793757
-1.76306	-0.78641
-1.76199	-0.778185
-1.76084	-0.769242
-1.75987	-0.760303
-1.75889	-0.751485
-1.75798	-0.742875
-1.75664	-0.735402
-1.75548	-0.727726
-1.75456	-0.720135
-1.75352	-0.711657
-1.75206	-0.703322
-1.75064	-0.696036
-1.74924	-0.690347
-1.74783	-0.683773
-1.74554	-0.677521
-1.74287	-0.671427
-1.73929	-0.664892
-1.73577	-0.657809
-1.73194	-0.650622
-1.72825	-0.643502
-1.72449	-0.636423
-1.72103	-0.629281
-1.71698	-0.6219
-1.71328	-0.614382
-1.70973	-0.606899
-1.70643	-0.599009
-1.70379	-0.591316
-1.7013	-0.583878
-1.69825	-0.576924
-1.6954	-0.56977
-1.69224	-0.562949
-1.68881	-0.556191
-1.68484	-0.549061
-1.68088	-0.54188
-1.67685	-0.534187
-1.67343	-0.526347
-1.67014	-0.518515
-1.66713	-0.510779
-1.66506	-0.503466
-1.6628	-0.496643
-1.6607	-0.489616
-1.6587	-0.48241
-1.65674	-0.475067
-1.65459	-0.468032
-1.65153	-0.460247
-1.64869	-0.45251
-1.64626	-0.444794
-1.64397	-0.43658
-1.64229	-0.4288
-1.64034	-0.421091
-1.63895	-0.412546
-1.63729	-0.404488
-1.63605	-0.396896
-1.63473	-0.388928
-1.6336	-0.380799
-1.63256	-0.372722
-1.63183	-0.365039
-1.63152	-0.35687
-1.63112	-0.348937
-1.63092	-0.341056
-1.63061	-0.333921
-1.63049	-0.326481
-1.6308	-0.319143
-1.63126	-0.311495
-1.63156	-0.303835
-1.63185	-0.296049
-1.63237	-0.288351
-1.63313	-0.280739
-1.63389	-0.273393
-1.63443	-0.265996
-1.63447	-0.258425
-1.63452	-0.250547
-1.6346	-0.242677
-1.63509	-0.23507
-1.63573	-0.227227
-1.63645	-0.219538
-1.63759	-0.211873
-1.63856	-0.204745
-1.63976	-0.197447
-1.6409	-0.189754
-1.64148	-0.182496
-1.64245	-0.175158
-1.64343	-0.167863
-1.64424	-0.16049
-1.64491	-0.152783
-1.64521	-0.144885
-1.64539	-0.136785
-1.6455	-0.128749
-1.64557	-0.120395
-1.64582	-0.11249
-1.64589	-0.104625
-1.64548	-0.0967324
-1.64515	-0.0888954
-1.64348	-0.0803466
-1.64187	-0.0719319
-1.64062	-0.0640186
-1.6393	-0.056606
-1.63792	-0.0491247
-1.63637	-0.0417973
-1.63486	-0.0346752
-1.63334	-0.0274872
-1.63146	-0.0203471
-1.62847	-0.0139875
-1.62573	-0.00778742
-1.6225	-0.00132088
-1.61926	0.00520864
-1.61637	0.0122596
-1.61327	0.0193283
-1.6101	0.026413
-1.60691	0.033555
-1.60356	0.0410062
-1.60014	0.0481629
-1.59701	0.0549069
-1.59378	0.0622069
-1.59039	0.0700591
-1.58741	0.0770832
-1.58417	0.0841532
-1.58131	0.0914765
-1.5784	0.098495
-1.57513	0.104934
-1.57185	0.111248
-1.56886	0.117643
-1.56567	0.12457
-1.56232	0.13148
-1.55914	0.138653
-1.55655	0.146267
-1.55384	0.153805
-1.55157	0.161544
-1.54917	0.169244
-1.54685	0.176785
-1.5437	0.185697
-1.54049	0.19424
-1.5372	0.202172
-1.53369	0.210083
-1.52986	0.218745
-1.52552	0.226787
-1.52142	0.234347
-1.51723	0.241706
-1.51266	0.249226
-1.50799	0.255845
-1.50363	0.262452
