###  Units are X_hat = 1.73cm.
0	0
0.00142183	-0.000509678
0.0031589	-0.00112753
0.0052123	-0.00188255
0.00748731	-0.00270827
0.00999188	-0.0036189
0.0127037	-0.00459701
0.015619	-0.0056242
0.0187915	-0.00671735
0.0220772	-0.00785138
0.0255047	-0.00895977
0.0290009	-0.0101064
0.0326288	-0.0112447
0.0363183	-0.0124074
0.0401454	-0.0135793
0.0440648	-0.0147242
0.0480483	-0.0158152
0.0521201	-0.0168728
0.0562957	-0.0179181
0.0605104	-0.0189483
0.0647363	-0.0199412
0.0689572	-0.0209151
0.0731736	-0.0218909
0.0773379	-0.0228141
0.0815628	-0.0236697
0.0858052	-0.0245076
0.0900407	-0.0252975
0.0943519	-0.0260835
0.098646	-0.0268139
0.102955	-0.0274214
0.10723	-0.0279784
0.111492	-0.0284739
0.11574	-0.0289194
0.120067	-0.0292368
0.1244	-0.0294784
0.128664	-0.0296351
0.132949	-0.0296996
0.137236	-0.0296909
0.141546	-0.0296668
0.145842	-0.0295513
0.150103	-0.0294695
0.154385	-0.0292953
0.158689	-0.0290129
0.162953	-0.0286496
0.167175	-0.0282232
0.17146	-0.0276958
0.175765	-0.0271762
0.18017	-0.0265203
0.184644	-0.0258355
0.189093	-0.0251103
0.193553	-0.0242411
0.197942	-0.0232714
0.202389	-0.0222528
0.20687	-0.0211402
0.211421	-0.0198536
0.216	-0.0184608
0.220604	-0.0169227
0.225249	-0.0152686
0.22993	-0.0135106
0.234649	-0.0116591
0.239379	-0.0096893
0.244131	-0.00763863
0.248893	-0.00550685
0.253674	-0.00326107
0.258474	-0.00090853
0.263274	0.00155204
0.268142	0.00413369
0.273035	0.00680586
0.277885	0.00963246
0.282724	0.01258
0.287561	0.0156269
0.292401	0.0187749
0.297228	0.0220221
0.302134	0.025396
0.306941	0.028929
0.311717	0.0325702
0.316487	0.0363316
0.321246	0.040102
0.325994	0.0439688
0.330732	0.0479367
0.33543	0.0520404
0.340073	0.056219
0.344795	0.060473
0.349475	0.0647714
0.354097	0.0691286
0.358669	0.0735478
0.363215	0.0780724
0.367719	0.0826858
0.372156	0.0873483
0.37654	0.0920797
0.380959	0.0969373
0.38534	0.101885
0.38974	0.10684
0.394039	0.111818
0.398284	0.116836
0.402511	0.121912
0.406681	0.127023
0.410767	0.132131
0.414788	0.137239
0.41878	0.142378
0.42269	0.147547
0.426586	0.152683
0.430416	0.157846
0.434212	0.163009
0.438004	0.168144
0.441695	0.173314
0.4453	0.178445
0.448901	0.183568
0.452391	0.188686
0.455828	0.193817
0.459206	0.198921
0.462508	0.204074
0.465779	0.209217
0.469004	0.214368
0.472182	0.219521
0.475252	0.224675
0.478338	0.22979
0.481444	0.234909
0.484504	0.240002
0.487502	0.245044
0.49045	0.250015
0.493413	0.254937
0.496307	0.259824
0.499159	0.264695
0.501993	0.269536
0.504857	0.274254
0.507694	0.278912
0.510476	0.283519
0.513204	0.288053
0.515911	0.292584
0.518611	0.297018
0.521278	0.301334
0.523933	0.305669
0.526549	0.309973
0.529092	0.31424
0.531594	0.318459
0.534072	0.32267
0.536553	0.326865
0.539003	0.330963
0.541386	0.335074
0.54375	0.339088
0.546168	0.343062
0.54858	0.347005
0.550936	0.350922
0.553326	0.354769
0.555747	0.358568
0.558121	0.362304
0.560514	0.366001
0.562901	0.369553
0.565228	0.373038
0.567516	0.376513
0.569815	0.379917
0.57213	0.383257
0.574409	0.38656
0.576656	0.389809
0.578984	0.392969
0.581274	0.396061
0.583596	0.399115
0.585953	0.402105
0.588368	0.404984
0.590844	0.407726
0.593346	0.410487
0.5959	0.413188
0.598571	0.415849
0.601334	0.418334
0.604243	0.420844
0.607272	0.423388
0.610405	0.425917
0.613607	0.428439
0.616853	0.430962
0.620191	0.433456
0.623631	0.435923
0.627178	0.438332
0.630795	0.440721
0.634513	0.443124
0.638329	0.445574
0.642248	0.448002
0.646311	0.45039
0.650412	0.452753
0.654588	0.455052
0.658894	0.457331
0.663275	0.459586
0.667733	0.461805
0.672286	0.46397
0.676981	0.466089
0.681771	0.468163
0.686648	0.47019
0.691655	0.472103
0.696745	0.473963
0.701906	0.475713
0.707181	0.477458
0.712566	0.479153
0.718015	0.480793
0.723513	0.482371
0.729072	0.483896
0.734699	0.485363
0.740361	0.486751
0.746101	0.488019
0.751962	0.489289
0.757864	0.490479
0.763779	0.491623
0.769735	0.49271
0.775741	0.493735
0.781678	0.494677
0.787612	0.495501
0.79359	0.496262
0.799551	0.496971
0.805589	0.497554
0.811673	0.498107
0.81778	0.498596
0.82386	0.499025
0.830009	0.499432
0.836167	0.499731
0.842297	0.50001
0.848372	0.500248
0.85454	0.500356
0.860738	0.500468
0.867054	0.500519
0.87345	0.500489
0.87979	0.500353
0.886176	0.500165
0.892539	0.499963
0.898861	0.499731
0.905162	0.49947
0.911477	0.499166
0.9178	0.498803
0.924122	0.498364
0.930422	0.497926
0.936711	0.497473
0.942969	0.496979
0.949143	0.496455
0.955321	0.495829
0.96149	0.495168
0.967624	0.494438
0.973747	0.493602
0.979873	0.492731
0.986028	0.491776
0.992188	0.490761
0.998318	0.48964
1.00443	0.488476
1.01052	0.48729
1.01662	0.486097
1.02272	0.484829
1.02884	0.483559
1.03494	0.482229
1.04101	0.480871
1.04709	0.479518
1.05317	0.47814
1.05924	0.476644
1.06526	0.475129
1.07124	0.473584
1.07724	0.472043
1.08318	0.470417
1.08909	0.468811
1.09503	0.467108
1.10092	0.465378
1.10677	0.463628
1.1126	0.461858
1.11848	0.459991
1.12427	0.458111
1.13001	0.456159
1.13563	0.454187
1.14122	0.452197
1.14677	0.450177
1.15232	0.448136
1.15783	0.446076
1.16332	0.443944
1.16878	0.441803
1.1742	0.439651
1.1796	0.437505
1.18496	0.435349
1.19032	0.433175
1.19567	0.430996
1.20104	0.428834
1.20635	0.426696
1.21163	0.424509
1.21691	0.422306
1.22214	0.420119
1.22741	0.417912
1.23265	0.415616
1.23784	0.413302
1.24301	0.411042
1.24822	0.408851
1.25336	0.406772
1.25843	0.404705
1.2635	0.402639
1.26854	0.400578
1.27357	0.398521
1.27855	0.39653
1.28352	0.39452
1.28853	0.392487
1.29353	0.390449
1.29856	0.388344
1.30351	0.386166
1.30846	0.383967
1.3134	0.381789
1.31835	0.37961
1.32325	0.377423
1.32814	0.375248
1.33293	0.37306
1.33764	0.370909
