-0.00502726	0.00476026
-0.0103358	0.0100759
-0.0151402	0.0154683
-0.020033	0.021244
-0.0252685	0.027369
-0.0312508	0.0335848
-0.0372259	0.0397041
-0.0426662	0.0456219
-0.0489686	0.0520184
-0.0552256	0.0582631
-0.0610894	0.0642743
-0.066769	0.0704479
-0.072288	0.0766193
-0.0775457	0.0835104
-0.0825143	0.0899816
-0.0882474	0.0958653
-0.0931961	0.102792
-0.0981153	0.110508
-0.102757	0.117935
-0.107279	0.125646
-0.111549	0.132868
-0.115639	0.140226
-0.11973	0.146846
-0.123755	0.153632
-0.12766	0.160518
-0.131201	0.167364
-0.135177	0.174125
-0.138754	0.181047
-0.14125	0.187997
-0.143609	0.195101
-0.145682	0.203113
-0.147207	0.211196
-0.148012	0.219617
-0.14932	0.228287
-0.150226	0.236119
-0.151306	0.244809
-0.151916	0.253083
-0.152528	0.261332
-0.152258	0.268705
-0.15157	0.276434
-0.150203	0.284353
-0.14864	0.29264
-0.147271	0.300854
-0.145017	0.308792
-0.143088	0.316933
-0.141113	0.324941
-0.138379	0.332184
-0.135652	0.339703
-0.132344	0.347407
-0.128461	0.354542
-0.124553	0.361637
-0.120469	0.367763
-0.116548	0.373961
-0.112642	0.380432
-0.108681	0.386723
-0.104611	0.39315
-0.100576	0.399604
-0.0966185	0.406125
-0.0929252	0.411943
-0.0889816	0.417913
-0.0848949	0.423866
-0.0805103	0.429367
-0.0757474	0.4354
-0.0711169	0.441602
-0.066453	0.447773
-0.0618454	0.454338
-0.0568692	0.460993
-0.0524437	0.467145
-0.0475844	0.473429
-0.042733	0.478942
-0.0380864	0.485163
-0.0331699	0.491207
-0.0280478	0.496948
-0.0233739	0.502264
-0.018272	0.507623
-0.0131166	0.512956
-0.00734685	0.518972
-0.000652486	0.524327
0.00594022	0.529437
0.0123339	0.534613
0.0185236	0.539824
0.0242578	0.544925
0.0300738	0.549682
0.0360452	0.554672
0.0419138	0.559737
0.0478801	0.564855
0.0538262	0.570061
0.0597699	0.575283
0.0659602	0.580563
0.072459	0.585443
0.0787057	0.59031
0.084842	0.595424
0.0908521	0.600417
0.0965241	0.605585
0.101739	0.611079
0.106468	0.616914
0.111024	0.622185
0.115683	0.627498
0.120481	0.633122
0.125388	0.638687
0.131405	0.64473
0.137208	0.650705
0.142929	0.656609
0.148562	0.66129
0.154401	0.665645
0.160215	0.670205
0.16608	0.674854
0.17193	0.679657
0.17689	0.685375
0.181301	0.691177
0.185195	0.697206
0.189292	0.703016
0.193236	0.709436
0.196515	0.716496
0.199603	0.72348
0.204265	0.730325
0.209087	0.737376
0.213816	0.744461
0.218428	0.751516
0.223036	0.758455
0.227448	0.765641
0.231746	0.772587
0.23603	0.779418
0.240131	0.786178
0.24446	0.793035
0.248934	0.799733
0.253332	0.806566
0.257974	0.813143
0.262595	0.819304
0.267754	0.825916
0.273294	0.83208
0.27833	0.838645
0.283343	0.844763
0.288444	0.850774
0.292801	0.855756
0.296574	0.861271
0.299982	0.866621
0.303016	0.872175
0.306099	0.877785
0.309458	0.883561
0.313378	0.889828
0.317438	0.895738
0.321271	0.901703
0.325939	0.907692
0.330265	0.913757
0.334642	0.919589
0.338523	0.924776
0.342621	0.93006
0.3472	0.934825
0.352766	0.939662
0.358084	0.944153
0.363223	0.948167
0.368137	0.952704
0.373212	0.957433
0.378123	0.961115
0.383363	0.965077
0.389035	0.969409
0.394872	0.973772
0.400768	0.97857
0.407037	0.982947
0.413082	0.987049
0.419259	0.991395
0.425342	0.995477
0.432012	0.999897
0.438607	1.00434
0.445041	1.00897
0.450577	1.0136
0.455941	1.0183
0.461509	1.02245
0.468201	1.0267
0.474902	1.03106
0.48084	1.03573
0.486781	1.04051
0.492909	1.04541
0.499	1.05036
0.505073	1.05549
0.511452	1.06109
0.517793	1.06678
0.523726	1.07157
0.529306	1.07636
0.534817	1.08121
0.540081	1.08676
0.545105	1.09237
0.550182	1.09803
0.555048	1.10354
0.560259	1.10972
0.564951	1.11565
0.569655	1.12154
0.57438	1.12763
0.579155	1.1337
0.584037	1.13976
0.588464	1.14514
0.593024	1.15069
0.597909	1.15711
0.602313	1.16366
0.606744	1.17007
0.611024	1.17719
0.61564	1.1842
0.619382	1.19167
0.623046	1.199
0.626569	1.20525
0.630311	1.2114
0.633534	1.21736
0.636939	1.22347
0.640422	1.22971
0.64424	1.23652
0.648349	1.24282
0.65271	1.24913
0.657183	1.25551
0.661658	1.26226
0.665939	1.26902
0.669102	1.2757
0.672658	1.2818
0.676798	1.28787
0.681657	1.29504
0.685969	1.30218
0.689908	1.30877
0.692775	1.3158
0.695873	1.32275
0.698576	1.32961
0.701284	1.33653
0.70486	1.34378
0.708499	1.35077
0.712213	1.35769
0.715632	1.36471
0.719191	1.37175
0.722728	1.37879
0.726233	1.38546
0.730157	1.39237
0.734679	1.39907
0.7392	1.40595
0.743898	1.41294
0.748571	1.41984
0.753302	1.42673
0.757944	1.43362
0.762685	1.44047
0.767682	1.44695
0.772581	1.45326
0.778006	1.45892
0.783493	1.46477
0.788931	1.47063
0.793581	1.47651
0.798338	1.4822
0.80316	1.48797
0.808761	1.49401
0.814354	1.50052
0.819852	1.50669
0.8252	1.51264
0.830715	1.51836
0.836285	1.52431
0.84185	1.52966
0.847379	1.53565
0.853016	1.54139
0.858628	1.5469
0.864593	1.55235
0.870722	1.55812
0.876342	1.56381
0.88192	1.56915
0.887104	1.57401
0.892119	1.57874
0.8968	1.58281
0.90209	1.58661
0.907702	1.59096
0.914393	1.59561
0.920999	1.60038
0.927395	1.60536
0.933615	1.61032
0.940069	1.61482
0.946244	1.6197
0.952306	1.62463
0.958282	1.62959
0.963769	1.63448
0.968644	1.63968
0.9734	1.64489
0.977829	1.6501
0.982884	1.65563
0.987985	1.66124
0.992872	1.66716
0.997553	1.67197
1.00248	1.6771
1.00762	1.68265
1.01284	1.6882
1.01788	1.69391
1.02302	1.70001
1.02812	1.70562
1.03377	1.71234
1.03965	1.71853
1.04464	1.72441
1.04985	1.73034
1.05533	1.73613
1.06077	1.74162
1.06593	1.7473
1.07112	1.75301
1.07614	1.75918
1.08069	1.76477
1.0848	1.7704
1.08877	1.77617
1.09287	1.78202
1.09714	1.78813
1.10153	1.79452
1.1058	1.80124
1.1101	1.80813
1.11439	1.81435
1.11851	1.82083
1.12267	1.82684
1.12696	1.8329
1.13113	1.83873
1.13571	1.84428
1.14019	1.85023
1.14475	1.85619
1.14954	1.86354
1.15401	1.87059
1.15823	1.87757
1.16242	1.88421
1.16687	1.89063
1.17092	1.89631
1.17487	1.90193
1.17927	1.9074
1.1845	1.91285
1.18969	1.9185
1.1947	1.92435
1.19978	1.93068
1.20484	1.93698
1.21023	1.94279
1.21565	1.94821
1.22131	1.95379
1.22698	1.95916
1.2328	1.96441
1.23866	1.97023
1.24458	1.97582
1.24998	1.98157
1.25483	1.987
1.25994	1.9922
1.26513	1.99748
1.27003	2.00271
1.27497	2.00825
1.28026	2.01357
1.28572	2.01906
1.2914	2.02486
1.29759	2.0303
1.3033	2.03721
1.30931	2.04451
1.31446	2.05111
1.31993	2.05732
1.32547	2.06362
1.33087	2.07027
1.33615	2.07668
1.34101	2.08238
1.34596	2.08813
1.35082	2.09417
1.35564	2.10022
1.36004	2.10531
1.36431	2.11049
1.36876	2.11587
1.37333	2.12143
1.37802	2.12744
1.38264	2.13319
1.38787	2.13961
1.39288	2.14589
1.39807	2.15177
1.40346	2.15781
1.40877	2.16364
1.41404	2.16998
1.41933	2.17661
1.42461	2.18341
1.42976	2.1901
1.43483	2.1968
1.43967	2.20332
1.44445	2.21001
1.44878	2.21693
1.4538	2.22382
1.45934	2.23053
1.46479	2.23712
1.47013	2.24332
1.47553	2.24956
1.48054	2.25555
1.48509	2.26161
1.48972	2.26784
1.49484	2.27418
1.49986	2.28061
1.50491	2.28741
1.50983	2.29415
1.51474	2.30086
1.51947	2.30744
1.52418	2.31399
1.52938	2.32059
1.53415	2.32718
1.53884	2.33373
1.5434	2.34045
1.54703	2.34802
1.55067	2.35493
1.55473	2.36171
1.55917	2.36857
1.56383	2.37508
1.56849	2.38151
1.57249	2.38862
1.57699	2.39597
1.58147	2.40315
1.58607	2.41074
1.59081	2.41797
1.59525	2.42517
1.59934	2.43211
1.60456	2.43955
1.60981	2.44681
1.61539	2.45415
1.62081	2.46126
1.62608	2.46854
1.63107	2.47532
1.636	2.48208
1.64026	2.48903
1.64464	2.49569
1.64923	2.50235
1.65365	2.50985
1.65695	2.51695
1.65962	2.52363
1.66292	2.52984
1.66672	2.53587
1.67084	2.54188
1.67524	2.54765
1.67981	2.55354
1.68453	2.5595
1.68923	2.56557
1.69398	2.57165
1.69896	2.5774
1.70334	2.58358
1.70776	2.5898
1.71223	2.5954
1.71716	2.60071
1.72204	2.60622
1.72707	2.61201
1.73206	2.61796
1.73743	2.6246
1.74293	2.63112
1.7484	2.63752
1.75365	2.64434
1.75903	2.65082
1.76433	2.65763
1.76961	2.66436
1.77483	2.67097
1.78018	2.67754
1.78546	2.68419
1.79069	2.69086
1.79568	2.69733
1.80091	2.7036
1.8057	2.70952
1.81159	2.71557
1.81696	2.72148
1.82244	2.72712
1.82845	2.73283
1.83445	2.73851
1.84082	2.74458
1.84808	2.75083
1.85515	2.7566
1.86213	2.76204
1.86888	2.76743
1.87536	2.77283
1.88231	2.77842
1.88905	2.78398
1.89565	2.78985
1.902	2.79576
1.90817	2.80145
1.91405	2.80706
1.91987	2.81197
1.92543	2.81743
1.9307	2.8227
1.93555	2.82757
1.94073	2.8327
1.94597	2.83794
1.95064	2.84332
1.95595	2.84879
1.961	2.85416
1.96637	2.8592
1.97121	2.86459
1.97569	2.87131
1.98037	2.87796
1.98487	2.88451
1.98978	2.89072
1.99459	2.89702
1.9993	2.90339
2.00363	2.91043
2.00778	2.9176
2.01194	2.92463
2.01619	2.93179
2.02055	2.93823
2.02379	2.94419
2.02685	2.9505
2.02988	2.95686
2.03309	2.96331
2.0365	2.96981
2.0402	2.97634
2.04397	2.98293
2.0476	2.98944
2.05097	2.99562
2.05441	3.00188
2.05732	3.00865
2.06019	3.01547
2.06346	3.02224
2.06681	3.02897
2.06999	3.03563
2.07314	3.04238
2.07657	3.04906
2.07998	3.05587
2.08221	3.06229
2.08481	3.06887
2.08703	3.07593
2.0894	3.08302
2.09253	3.08993
2.09632	3.09591
2.10014	3.10184
2.10398	3.10777
2.10804	3.11382
2.11221	3.11997
2.11684	3.12588
2.12153	3.13191
2.1255	3.13806
2.12918	3.14448
2.13295	3.15181
2.13672	3.15882
2.14029	3.16648
2.14423	3.17382
2.14821	3.18082
2.15233	3.18831
2.15647	3.19572
2.1605	3.203
2.16472	3.21024
2.16883	3.21738
2.17369	3.2237
2.1786	3.22979
2.18364	3.23573
2.18841	3.24183
2.19421	3.24731
2.19971	3.25283
2.20562	3.25783
2.21148	3.2628
2.21733	3.26797
2.22316	3.27415
2.2289	3.28024
2.23436	3.28659
2.24029	3.29297
2.24574	3.29935
2.25088	3.30536
2.25618	3.31129
2.26165	3.3174
2.26712	3.32333
2.27274	3.32895
2.27884	3.33373
2.2845	3.33896
2.29015	3.34426
2.29593	3.34961
2.30241	3.35482
2.30926	3.3605
2.31572	3.3662
2.32177	3.37216
2.32776	3.37804
2.33378	3.38316
2.33966	3.3885
2.34568	3.39395
2.35169	3.4002
2.3576	3.40599
2.36353	3.41214
2.36901	3.41823
2.37461	3.42445
2.38007	3.43038
2.38543	3.43621
2.3908	3.4421
2.396	3.44776
2.40174	3.45347
2.4076	3.45899
2.41348	3.46447
2.41816	3.47012
2.42277	3.47645
2.42791	3.48296
2.43287	3.48958
2.43818	3.49646
2.44346	3.5031
2.44886	3.5094
2.4542	3.51563
2.45962	3.52176
2.46494	3.52802
2.47025	3.53433
2.4756	3.54106
2.48043	3.54759
2.48465	3.55401
2.48902	3.56047
2.49337	3.56733
2.49818	3.57376
2.50278	3.58019
2.50677	3.58659
2.51034	3.59274
2.51421	3.59912
2.51854	3.60515
2.52173	3.61152
2.52483	3.61795
2.52775	3.62477
2.53078	3.63214
2.53391	3.63965
2.53713	3.64711
2.54041	3.65457
2.5444	3.66157
2.54812	3.66881
2.55249	3.67677
2.55676	3.68441
2.56087	3.69131
2.56569	3.69814
2.57028	3.70479
2.57494	3.71128
2.57936	3.71785
2.58329	3.7243
2.5875	3.7307
2.59189	3.73732
2.59632	3.74339
2.6013	3.74927
2.60644	3.75537
2.6114	3.76151
2.61635	3.76783
2.6214	3.77407
2.62659	3.78012
2.63167	3.78618
2.63733	3.79263
2.64288	3.79898
2.64809	3.80526
2.65374	3.81161
2.65924	3.81775
2.66433	3.82428
2.66941	3.83066
2.67432	3.83775
2.67925	3.84436
2.6841	3.85084
2.68903	3.85729
2.6939	3.86363
2.69913	3.87075
2.70459	3.8775
2.70999	3.88409
2.71527	3.89082
2.72041	3.89773
2.72543	3.90463
2.7304	3.91148
2.73605	3.91807
2.74136	3.92492
2.74672	3.9318
2.75314	3.93911
2.7598	3.94585
2.76708	3.95244
2.77418	3.95896
2.78112	3.96492
2.78764	3.9708
2.79413	3.97641
2.80096	3.98196
2.80697	3.98757
2.81286	3.99327
2.81883	3.99891
2.82485	4.00542
2.83048	4.01163
2.83617	4.0175
2.84209	4.02262
2.84806	4.02762
2.85451	4.03296
2.86148	4.0379
2.86833	4.04285
2.8749	4.04807
2.882	4.05386
2.88878	4.05941
2.8957	4.06475
2.90184	4.07063
2.90775	4.07646
2.91284	4.08173
2.91751	4.0868
2.923	4.09152
2.92859	4.09684
2.93386	4.10165
2.93969	4.1067
2.94577	4.11158
2.95183	4.11656
2.95805	4.12185
2.9643	4.12721
2.97142	4.13235
2.97865	4.13619
2.98581	4.14023
2.99298	4.14426
2.99988	4.14871
3.0068	4.15339
3.01331	4.15803
3.01971	4.16268
3.0261	4.16736
3.03166	4.17288
3.03658	4.17802
3.04167	4.18352
3.04748	4.18949
3.05403	4.19487
3.06077	4.20047
3.06764	4.20611
3.07399	4.21244
3.07994	4.21872
3.08621	4.22459
3.09184	4.23046
3.09699	4.23693
3.1022	4.24297
3.10692	4.24957
3.11143	4.25611
3.11595	4.26237
3.12017	4.26839
3.12489	4.27424
3.12959	4.2798
3.13443	4.28555
3.13935	4.29174
3.14437	4.29794
3.14974	4.30424
3.15518	4.31
3.15986	4.31554
3.16498	4.32179
3.17004	4.32822
3.1748	4.33366
3.17966	4.33918
3.18446	4.34482
3.18852	4.35101
3.19304	4.35751
3.19757	4.36403
3.20237	4.37033
3.20696	4.37674
3.21182	4.38298
3.2167	4.38922
3.22135	4.39505
3.22605	4.40094
3.23045	4.40688
3.235	4.41197
3.24	4.41741
3.24506	4.42292
3.25018	4.4283
3.25504	4.43449
3.25959	4.44065
3.26372	4.44731
3.26812	4.45416
3.27253	4.46065
3.27673	4.46758
3.28112	4.47469
3.2856	4.48167
3.29011	4.48852
3.29474	4.49529
3.29997	4.50164
3.30514	4.50811
3.31023	4.51419
3.31542	4.52022
3.3206	4.52625
3.32556	4.53209
3.33028	4.53836
3.33418	4.5446
3.33899	4.55081
3.34393	4.55709
3.34838	4.56382
3.35324	4.57025
3.35846	4.5762
3.36514	4.5825
3.37102	4.58852
3.37693	4.5945
3.3833	4.60067
3.38934	4.60663
3.3953	4.61264
3.40136	4.61856
3.40733	4.62437
3.41323	4.63014
3.4188	4.6358
3.42428	4.64181
3.42999	4.64761
3.4354	4.65351
3.44045	4.65892
3.44623	4.66505
3.45346	4.67092
3.46017	4.67644
3.46665	4.68214
3.47303	4.68782
3.47902	4.6938
3.48498	4.69964
3.49028	4.70547
3.49565	4.71139
3.5018	4.71747
3.50733	4.72274
3.51282	4.72783
3.51902	4.73315
3.52559	4.73901
3.53203	4.74483
3.53814	4.75077
3.54438	4.75663
3.55081	4.76245
3.55727	4.76727
3.56392	4.77213
3.57108	4.77703
3.5781	4.78193
3.5847	4.78728
3.59101	4.7925
3.59735	4.79781
3.60338	4.80288
3.60904	4.80836
3.61468	4.81386
3.61954	4.81915
3.62436	4.82367
3.62936	4.82828
3.63454	4.83301
3.63979	4.83786
3.64474	4.84289
3.64945	4.84781
3.6538	4.85322
3.65836	4.85894
3.66273	4.86499
3.66722	4.87214
3.67173	4.87919
3.67661	4.88588
3.6817	4.8929
3.68644	4.90016
3.69171	4.90764
3.69676	4.91508
3.70174	4.92229
3.70717	4.92963
3.71276	4.9373
3.71795	4.94472
3.72298	4.95182
3.72789	4.95899
3.73356	4.96604
3.73856	4.97254
3.74334	4.97858
3.7479	4.98482
3.75235	4.99097
3.75657	4.99719
3.76092	5.00333
3.76507	5.00954
3.76885	5.01589
3.77319	5.02232
3.77732	5.02914
3.78152	5.03592
3.78577	5.04264
3.78998	5.04897
3.794	5.05527
3.79795	5.06189
3.80242	5.0684
3.80704	5.07486
3.8118	5.08133
3.8164	5.08813
3.82106	5.09497
3.82562	5.10182
3.83018	5.10853
3.83475	5.11516
3.83898	5.1213
3.84284	5.12704
3.84774	5.13341
3.85257	5.13978
3.85732	5.14601
3.86192	5.15242
3.86652	5.15885
3.87092	5.16494
3.87537	5.17133
3.88098	5.17942
3.88629	5.18716
3.89162	5.19453
3.89668	5.20216
3.90164	5.2096
3.90645	5.21637
3.91085	5.22294
3.91529	5.22957
3.91967	5.23607
3.924	5.24261
3.92873	5.24928
3.93355	5.25588
3.93888	5.26295
3.94394	5.26933
3.949	5.27602
3.95391	5.2825
3.95949	5.28901
3.96503	5.29539
3.97072	5.3015
3.9759	5.307
3.98138	5.3121
3.98753	5.31722
3.99343	5.32249
3.99923	5.32751
4.00529	5.33232
4.01119	5.33796
4.01703	5.34447
4.02257	5.35138
4.02843	5.35829
4.0335	5.36475
4.03867	5.37142
4.04381	5.37796
4.04888	5.3844
4.05423	5.3909
4.05937	5.39716
4.0643	5.40336
4.06923	5.40952
4.07472	5.4162
4.08004	5.4227
4.08571	5.42936
4.09137	5.43598
4.0969	5.4421
4.10294	5.44847
4.10911	5.45517
4.115	5.46151
4.12114	5.46803
4.12737	5.47452
4.13366	5.48052
4.13957	5.48716
4.14525	5.49363
4.15031	5.49836
4.15535	5.5033
4.16053	5.50834
4.16587	5.51381
4.17125	5.51886
4.17651	5.52408
4.18167	5.52933
4.18626	5.53407
4.19146	5.53929
4.19647	5.54487
4.20174	5.55005
4.2072	5.55541
4.21278	5.56085
4.21811	5.56556
4.22369	5.57071
4.23006	5.57537
4.23641	5.58007
4.24203	5.58464
4.24796	5.58922
4.25393	5.594
4.26031	5.59843
4.26664	5.60294
4.27352	5.60752
4.28036	5.61229
4.28699	5.61695
4.29353	5.62198
4.30018	5.62725
4.3066	5.63266
4.31302	5.63838
4.31942	5.64359
4.32554	5.64931
4.33152	5.65545
4.33687	5.66204
4.34236	5.66857
4.34776	5.6752
4.35309	5.6817
4.35851	5.68814
4.3639	5.69461
4.36873	5.70063
4.37304	5.70702
4.37727	5.71351
4.38167	5.71969
4.38599	5.72565
4.39064	5.73157
4.39536	5.73756
4.39979	5.74322
4.40495	5.74852
4.41011	5.7542
4.41515	5.76017
4.42018	5.76613
4.42502	5.77281
4.43022	5.77976
4.43487	5.78607
4.43923	5.79235
4.44388	5.79862
4.44824	5.80542
4.45259	5.81214
4.45671	5.8187
4.46107	5.82535
4.46552	5.83201
4.47026	5.83889
4.47563	5.84592
4.48119	5.85268
4.48665	5.85927
4.49216	5.86578
4.49771	5.87234
4.50311	5.87829
4.50818	5.88421
4.51423	5.89074
4.52011	5.89802
4.52577	5.90487
4.53136	5.91172
4.53756	5.91864
4.54376	5.925
4.55099	5.93029
4.55803	5.93558
4.56498	5.94081
4.57224	5.94636
4.5794	5.95166
4.58587	5.95679
4.59231	5.96169
4.59806	5.96669
4.6037	5.97231
4.6092	5.97758
4.61467	5.98253
4.61981	5.98718
4.6248	5.9925
4.62993	5.99885
4.63484	6.00528
4.6397	6.01162
4.64456	6.01852
4.64866	6.02468
4.65374	6.03095
4.65893	6.03771
4.66411	6.0443
4.66885	6.05127
4.67346	6.05806
4.67818	6.06424
4.68314	6.07054
4.68799	6.07663
4.69286	6.08262
4.69721	6.08857
4.70159	6.09459
4.706	6.10067
4.7104	6.10693
4.71549	6.11271
4.72053	6.11796
4.72536	6.12335
4.73034	6.12853
4.73551	6.13419
4.74104	6.13907
4.74773	6.1436
4.75442	6.14798
4.76125	6.15236
4.76738	6.15684
4.77263	6.16146
4.77768	6.16653
4.78293	6.17165
4.78821	6.17689
4.7931	6.18169
4.79832	6.18681
4.80371	6.19182
4.8091	6.19681
4.81512	6.20152
4.82145	6.20629
4.82753	6.21114
4.83343	6.2157
4.84017	6.22062
4.84711	6.22551
4.85391	6.23035
4.86074	6.23555
4.86861	6.24049
4.8761	6.24505
4.88345	6.24957
4.89108	6.25412
4.89841	6.25873
4.90589	6.2635
4.91298	6.26839
4.92035	6.27337
4.92746	6.27816
4.93446	6.28287
4.94094	6.28773
4.94762	6.29248
4.95353	6.29742
4.95946	6.30237
4.96549	6.30768
4.97152	6.313
4.97765	6.3183
4.98361	6.32364
4.98945	6.3292
4.99527	6.3354
5.00114	6.34146
5.007	6.34743
5.01299	6.35384
5.01929	6.35969
5.02541	6.36564
5.03148	6.37137
5.0379	6.3761
5.04453	6.38062
5.05109	6.38591
5.05795	6.39122
5.06448	6.39624
5.07088	6.40132
5.07685	6.40603
5.08241	6.41009
5.08791	6.41436
5.09383	6.41931
5.09971	6.42393
5.10545	6.42861
5.11144	6.43347
5.11787	6.43799
5.12395	6.44287
5.12918	6.44801
5.13467	6.45347
5.14043	6.45903
5.14631	6.46493
5.15272	6.47075
5.15888	6.47642
5.16503	6.48139
5.17112	6.48637
5.17742	6.49109
5.18371	6.49582
5.19038	6.50012
5.19697	6.50454
5.20365	6.50843
5.21046	6.51221
5.21711	6.516
5.22434	6.51945
5.23175	6.52302
5.2388	6.52641
5.24657	6.52905
5.25413	6.53181
5.26157	6.53464
5.26885	6.53809
5.27612	6.54211
5.28385	6.54613
5.2912	6.54985
5.29829	6.55387
5.30527	6.55799
5.3129	6.56181
5.32043	6.56566
5.32892	6.56935
5.3369	6.57335
5.34468	6.57748
5.35192	6.582
5.35882	6.58648
5.3649	6.59063
5.37122	6.59487
5.37799	6.59959
5.38502	6.60421
5.39214	6.60894
5.39883	6.61307
5.40546	6.6173
5.4122	6.62177
5.41914	6.62643
5.42602	6.63098
5.43317	6.63546
5.43999	6.64004
5.44668	6.64478
5.45298	6.64931
5.4591	6.6539
5.4653	6.65891
5.47183	6.66461
5.47857	6.67034
5.48514	6.67596
5.49148	6.68121
5.49736	6.68627
5.50317	6.69184
5.50864	6.69724
5.51437	6.70264
5.52044	6.70768
5.52677	6.71308
5.53288	6.71868
5.54001	6.72455
5.54648	6.73055
5.5528	6.73685
5.55871	6.7429
5.56435	6.74856
5.57	6.75415
5.57524	6.76001
5.58027	6.76614
5.5854	6.77198
5.59065	6.77788
5.59491	6.78345
5.59934	6.78896
5.60374	6.79496
5.60849	6.80063
5.61384	6.80583
5.61951	6.81209
5.62542	6.81818
5.6315	6.82399
5.63719	6.83037
5.64346	6.83647
5.64951	6.84224
5.65552	6.84788
5.66148	6.85348
5.66844	6.85938
5.67575	6.86479
5.68356	6.87014
5.69097	6.87544
5.69831	6.88078
5.70543	6.88609
5.71229	6.89133
5.71922	6.8972
5.72585	6.90281
5.73252	6.90841
5.73871	6.91379
5.74455	6.9194
5.74976	6.92465
5.75479	6.93015
5.75996	6.93602
5.76552	6.94261
5.77104	6.94814
5.77633	6.95377
5.78129	6.95915
5.78634	6.96461
5.79141	6.9708
5.79649	6.97792
5.80158	6.98487
5.80691	6.99137
5.81219	6.99775
5.81755	7.004
5.82321	7.01004
5.82849	7.01572
5.83386	7.0212
5.83939	7.02715
5.84481	7.03311
5.85027	7.03907
5.85573	7.04511
5.86079	7.05065
5.86553	7.05622
5.8701	7.06176
5.87412	7.06726
5.87827	7.0731
5.88252	7.07906
5.88694	7.08506
5.89141	7.09107
5.89625	7.09729
5.90108	7.10308
5.90593	7.10888
5.91093	7.11468
5.91564	7.12033
5.92094	7.12669
5.92616	7.13288
5.9314	7.139
5.93652	7.14632
5.9415	7.15329
5.94648	7.16025
5.95153	7.1669
5.95632	7.17317
5.96118	7.17937
5.96614	7.18547
5.97113	7.19162
5.97681	7.19763
5.9824	7.20356
5.98711	7.20931
5.99128	7.21546
5.99567	7.22185
5.99972	7.22762
6.00391	7.23335
6.0084	7.23933
6.01285	7.2454
6.01681	7.25187
6.02084	7.25832
6.02495	7.26477
6.02876	7.27042
6.03251	7.27636
6.03643	7.28209
6.0404	7.28755
6.04501	7.29319
6.04908	7.29979
6.05312	7.30617
6.05775	7.31322
6.06202	7.31944
6.06688	7.32536
6.07172	7.33141
6.07627	7.33756
6.08092	7.34371
6.08608	7.34984
6.09083	7.35646
6.09563	7.36306
6.10045	7.36961
6.10575	7.37592
6.11077	7.38202
6.11546	7.38792
6.12061	7.39342
6.12575	7.39937
6.13093	7.40519
6.13612	7.41102
6.14104	7.41743
6.14584	7.42371
6.1504	7.43013
6.155	7.43724
6.15949	7.44415
6.16387	7.45023
6.16834	7.45636
6.17267	7.46195
6.17755	7.46743
6.1825	7.47298
6.18755	7.47851
6.19273	7.48424
6.19794	7.49
6.20289	7.49596
6.20846	7.5021
6.21362	7.50823
6.21878	7.51453
6.22443	7.52157
6.22998	7.52847
6.23544	7.53532
6.24098	7.5421
6.24662	7.54842
6.25207	7.5548
6.25743	7.56091
6.26292	7.56725
6.26848	7.57254
6.27391	7.57747
6.28025	7.58192
6.28613	7.58694
6.2913	7.59179
6.29688	7.59688
6.30239	7.60219
6.3075	7.60773
6.31272	7.61332
6.31755	7.61884
6.32203	7.62455
6.32701	7.63033
6.33209	7.63638
6.33714	7.64246
6.34237	7.64854
6.34782	7.65465
6.35335	7.66021
6.35855	7.66548
6.36398	7.67096
6.3694	7.67658
6.37453	7.68227
6.37976	7.68815
6.38476	7.69448
6.39002	7.7009
6.39515	7.70723
6.40024	7.71351
6.40549	7.71966
6.41073	7.72578
6.41601	7.73178
6.42191	7.73734
6.42775	7.743
6.43363	7.74857
6.43954	7.75415
6.44555	7.76003
6.45203	7.76605
6.457	7.77218
6.46161	7.77828
6.46639	7.78424
6.47153	7.79003
6.47553	7.79678
6.47995	7.8028
6.48441	7.80864
6.48879	7.81451
6.49394	7.82016
6.4989	7.82577
6.50358	7.83154
6.50758	7.83849
6.51164	7.84538
6.5168	7.85225
6.52207	7.85872
6.52746	7.86529
6.53336	7.87169
6.53912	7.87797
6.5448	7.88422
6.5505	7.89034
6.55563	7.89695
6.561	7.90369
6.56574	7.91011
6.57041	7.91611
6.57558	7.92163
6.58104	7.92684
6.58652	7.93211
6.59217	7.93722
6.59752	7.94227
6.60323	7.94694
6.60915	7.95143
6.61511	7.95569
6.62147	7.96033
6.62746	7.96494
6.63278	7.96901
6.63845	7.97311
6.64475	7.97744
6.65083	7.9826
6.65692	7.98766
6.66299	7.99284
6.66907	7.9981
6.67536	8.00314
6.68157	8.00823
6.68782	8.0134
6.69426	8.01848
6.70074	8.02381
6.7067	8.02884
6.71278	8.03423
6.71875	8.0396
6.72492	8.04553
6.73104	8.05145
6.73666	8.05723
6.74234	8.06324
6.74809	8.06954
6.75375	8.07572
6.75953	8.08203
6.76576	8.08819
6.77064	8.09522
6.77558	8.10202
6.78006	8.10865
6.78481	8.11436
6.78942	8.12027
6.79427	8.12635
6.79953	8.13267
6.80476	8.13895
6.81027	8.14397
6.81616	8.14848
6.82284	8.15327
6.82932	8.1579
6.83535	8.16273
6.84116	8.16803
6.84706	8.1732
6.85299	8.17837
6.85805	8.1837
6.86344	8.189
6.86907	8.19439
6.87425	8.19962
6.87962	8.20457
6.88621	8.20973
6.89259	8.21404
6.89817	8.2184
6.90406	8.22254
6.9103	8.22687
6.91638	8.23169
6.92215	8.23642
6.928	8.24132
6.93425	8.24639
6.94131	8.25161
6.94817	8.25691
6.95513	8.26163
6.96199	8.2664
6.96873	8.27094
6.97538	8.27553
6.9822	8.28065
6.98908	8.28591
6.99575	8.29126
7.00244	8.29626
7.00919	8.30094
7.01556	8.30563
7.02098	8.31022
7.02694	8.31545
7.0326	8.32091
7.03855	8.32641
7.0442	8.33247
7.05034	8.33839
7.05657	8.34415
7.06218	8.3501
7.06767	8.35616
7.07311	8.36211
7.07919	8.36815
7.08526	8.37428
7.09142	8.38071
7.09721	8.38688
7.10281	8.39296
7.10825	8.39929
7.11362	8.40551
7.1187	8.41098
7.12487	8.41699
7.13109	8.42329
7.13775	8.42855
7.14449	8.43311
7.15126	8.43714
7.15747	8.44194
7.16388	8.44624
7.17004	8.45057
7.17573	8.45455
7.18146	8.45878
7.18684	8.46325
7.19314	8.46824
7.19906	8.4731
7.2048	8.47813
7.21043	8.48268
7.21607	8.48802
7.22142	8.49363
7.2264	8.49952
7.23144	8.50517
7.23635	8.51209
7.24184	8.51902
7.24746	8.52578
7.2532	8.53243
7.25876	8.539
7.26422	8.54543
7.26923	8.55197
7.27411	8.55814
7.27886	8.56411
7.28356	8.57014
7.28862	8.57741
7.29353	8.58417
7.29809	8.59012
7.30247	8.59551
7.30708	8.60086
7.31131	8.60653
7.31549	8.61204
7.31965	8.61747
7.32481	8.62278
7.32984	8.62878
7.33473	8.63421
7.33928	8.63998
7.34368	8.64603
7.34828	8.65207
7.35308	8.65767
7.35799	8.66331
7.36353	8.66919
7.36907	8.67504
7.37473	8.68115
7.38066	8.68708
7.38655	8.69302
7.39226	8.69895
7.39757	8.705
7.40342	8.71067
7.40944	8.7166
7.41569	8.72291
7.42172	8.72902
7.42799	8.73493
7.43422	8.74075
7.44006	8.7464
7.44596	8.75197
7.45188	8.75777
7.45715	8.76375
7.46276	8.77016
7.46759	8.77633
7.47264	8.78262
7.47765	8.78907
7.48264	8.79546
7.48797	8.80182
7.49329	8.80797
7.49784	8.81431
7.50089	8.82072
7.50407	8.82724
7.5068	8.83314
7.50966	8.83916
7.512	8.84538
7.51466	8.85175
