-0.00498386	0.00498532
-0.00987057	0.0101569
-0.0152897	0.0154475
-0.0206186	0.0206496
-0.026221	0.0258141
-0.0317451	0.0307368
-0.0374424	0.0354533
-0.0437081	0.040301
-0.0498653	0.0451249
-0.0558878	0.0498648
-0.0617319	0.054304
-0.0665946	0.0585537
-0.0709244	0.0632352
-0.0752837	0.0675417
-0.0795695	0.0722063
-0.0845779	0.0768237
-0.0894056	0.0815329
-0.094373	0.0862179
-0.0989634	0.0909333
-0.103552	0.095562
-0.10803	0.100295
-0.111655	0.105173
-0.115515	0.110039
-0.120484	0.114822
-0.125877	0.11928
-0.131311	0.123683
-0.136546	0.127824
-0.141852	0.131738
-0.147223	0.135675
-0.152545	0.139623
-0.157877	0.144354
-0.163444	0.148737
-0.168544	0.153164
-0.173367	0.157728
-0.179042	0.162849
-0.184923	0.167798
-0.190858	0.172663
-0.197012	0.177782
-0.202743	0.18273
-0.208481	0.18762
-0.21397	0.192321
-0.219761	0.197084
-0.223902	0.202065
-0.228121	0.207227
-0.232099	0.212987
-0.235371	0.219228
-0.238667	0.225701
-0.24185	0.231995
-0.244776	0.238364
-0.247828	0.244658
-0.250765	0.251008
-0.254093	0.257498
-0.256421	0.264755
-0.25879	0.27204
-0.261302	0.27949
-0.263807	0.286934
-0.266323	0.294583
-0.269367	0.302614
-0.272059	0.310626
-0.274775	0.318457
-0.2774	0.32606
-0.279522	0.333433
-0.281932	0.340434
-0.284097	0.347415
-0.286723	0.354731
-0.289258	0.36158
-0.291482	0.368031
-0.293688	0.37375
-0.296031	0.379609
-0.297927	0.385728
-0.299362	0.391781
-0.301158	0.398558
-0.302925	0.405343
-0.305118	0.412305
-0.308	0.419682
-0.310645	0.426834
-0.313886	0.43377
-0.316946	0.440753
-0.320056	0.447322
-0.32341	0.453953
-0.326933	0.460476
-0.3301	0.467174
-0.3331	0.473547
-0.335777	0.47981
-0.338622	0.485154
-0.341556	0.490498
-0.345347	0.495773
-0.348727	0.500897
-0.353132	0.505332
-0.358111	0.509714
-0.363133	0.514125
-0.367741	0.519072
-0.37246	0.52389
-0.376794	0.528959
-0.380887	0.533628
-0.384922	0.539013
-0.388754	0.544414
-0.392114	0.548549
-0.395346	0.552975
-0.398725	0.557877
-0.402206	0.563088
-0.405741	0.568485
-0.409154	0.573869
-0.413278	0.579035
-0.416856	0.58394
-0.420586	0.588961
-0.424546	0.59389
-0.428683	0.598524
-0.433172	0.603078
-0.43779	0.607627
-0.442277	0.61157
-0.446827	0.616055
-0.451498	0.620985
-0.455981	0.626039
-0.460648	0.631035
-0.463986	0.636777
-0.466508	0.642683
-0.469056	0.648716
-0.472056	0.654682
-0.475183	0.660684
-0.478142	0.666977
-0.48068	0.67348
-0.482876	0.679421
-0.485326	0.685001
-0.487466	0.690383
-0.490171	0.695909
-0.493037	0.701547
-0.496509	0.707202
-0.49983	0.712994
-0.503731	0.718847
-0.507445	0.724828
-0.511225	0.730714
-0.513869	0.736372
-0.516986	0.74168
-0.520916	0.747077
-0.525051	0.752355
-0.529466	0.757554
-0.53383	0.763048
-0.53829	0.768737
-0.543361	0.774494
-0.548266	0.779649
-0.553818	0.785076
-0.559399	0.790314
-0.564947	0.79555
-0.570541	0.801812
-0.576006	0.807799
-0.581537	0.813217
-0.587082	0.818513
-0.592963	0.823705
-0.597902	0.828872
-0.602651	0.833735
-0.607529	0.838509
-0.612425	0.843299
-0.617005	0.848009
-0.621771	0.852936
-0.626354	0.857659
-0.631002	0.861948
-0.635545	0.866355
-0.640177	0.870518
-0.644745	0.874951
-0.649368	0.87954
-0.654065	0.884129
-0.658796	0.888714
-0.663465	0.893439
-0.668442	0.898314
-0.67337	0.902979
-0.67841	0.907565
-0.683506	0.911789
-0.688685	0.915189
-0.694013	0.918952
-0.699258	0.92272
-0.704744	0.9265
-0.709962	0.929887
-0.71565	0.933249
-0.721658	0.936772
-0.728213	0.939157
-0.734807	0.941756
-0.741293	0.944774
-0.747827	0.948133
-0.754221	0.951416
-0.761012	0.95398
-0.76822	0.956991
-0.77567	0.959207
-0.782969	0.96196
-0.790452	0.964412
-0.797675	0.966588
-0.804809	0.968527
-0.811661	0.970794
-0.818399	0.973428
-0.824881	0.975879
-0.831444	0.978252
-0.838065	0.980932
-0.844545	0.983593
-0.850892	0.986164
-0.856843	0.989244
-0.862864	0.992337
-0.868848	0.995265
-0.875011	0.998132
-0.88111	1.00112
-0.887127	1.00421
-0.893977	1.00678
-0.900754	1.00933
-0.907371	1.01185
-0.913654	1.01474
-0.920399	1.01742
-0.927526	1.02028
-0.934299	1.02289
-0.941109	1.02554
-0.948079	1.02833
-0.954919	1.03101
-0.961706	1.03354
-0.968436	1.03609
-0.975362	1.0395
-0.981465	1.04185
-0.987852	1.04397
-0.994192	1.04693
-0.999733	1.05006
-1.0056	1.05363
-1.01241	1.05782
-1.01907	1.06204
-1.02595	1.06608
-1.03253	1.07005
-1.03934	1.07419
-1.04585	1.07836
-1.05185	1.08255
-1.05774	1.08661
-1.06359	1.0903
-1.06993	1.09389
-1.07552	1.09747
-1.08123	1.10092
-1.08706	1.10483
-1.09298	1.10854
-1.09889	1.11225
-1.10471	1.11596
-1.11103	1.11908
-1.11707	1.12203
-1.12279	1.12465
-1.12859	1.12729
-1.13357	1.12952
-1.13874	1.13204
-1.14414	1.13466
-1.14932	1.13736
-1.15483	1.14047
-1.16074	1.14369
-1.16665	1.1472
-1.1728	1.15055
-1.17879	1.15415
-1.18473	1.15774
-1.19068	1.16124
-1.19642	1.16501
-1.20207	1.16867
-1.2077	1.17255
-1.21368	1.17642
-1.2198	1.17986
-1.22588	1.18327
-1.23138	1.18604
-1.2382	1.18895
-1.2448	1.19226
-1.25111	1.19668
-1.25725	1.2011
-1.26319	1.20558
-1.26811	1.21088
-1.27309	1.2162
-1.27738	1.22133
-1.28131	1.22688
-1.28433	1.23306
-1.28737	1.23893
-1.29075	1.24492
-1.29393	1.25072
-1.29731	1.25689
-1.30075	1.26307
-1.30397	1.26948
-1.30635	1.27669
-1.30869	1.28379
-1.31086	1.29097
-1.31286	1.29809
-1.31445	1.30562
-1.31563	1.31328
-1.31682	1.32046
-1.31718	1.32695
-1.31767	1.33331
-1.31819	1.33974
-1.31918	1.34632
-1.32039	1.35318
-1.3216	1.35985
-1.32265	1.36616
-1.32278	1.37257
-1.3229	1.37909
-1.32311	1.38558
-1.32366	1.3921
-1.32412	1.39869
-1.3242	1.40573
-1.32442	1.41272
-1.32427	1.41996
-1.32407	1.42739
-1.32384	1.43563
-1.32302	1.44461
-1.3224	1.45327
-1.32187	1.46166
-1.32111	1.47022
-1.32028	1.47821
-1.31905	1.48584
-1.31736	1.49274
-1.31584	1.4995
-1.31427	1.50631
-1.31259	1.51324
-1.31106	1.52021
-1.30949	1.52716
-1.30715	1.53458
-1.30481	1.54205
-1.30238	1.5493
-1.2992	1.55666
-1.29626	1.56362
-1.29376	1.57058
-1.29139	1.57741
-1.28894	1.58408
-1.28636	1.59078
-1.28409	1.59747
-1.2819	1.60416
-1.27994	1.61092
-1.27798	1.61767
-1.27602	1.62435
-1.27401	1.63056
-1.27149	1.63687
-1.26936	1.64327
-1.26751	1.64962
-1.26575	1.65628
-1.26329	1.66211
-1.26074	1.6682
-1.25838	1.67429
-1.25671	1.68007
-1.25523	1.6859
-1.25393	1.69147
-1.25251	1.69724
-1.25071	1.70384
-1.24929	1.71054
-1.24799	1.71743
-1.2466	1.72532
-1.24594	1.73365
-1.24531	1.7417
-1.24434	1.74979
-1.24339	1.75749
-1.24178	1.76467
-1.24	1.77169
-1.23878	1.77887
-1.23754	1.78598
-1.23634	1.79306
-1.23538	1.79996
-1.23513	1.80649
-1.23434	1.81254
-1.23289	1.8187
-1.23153	1.82468
-1.23048	1.83074
-1.22884	1.8373
-1.2272	1.84383
-1.2253	1.85045
-1.22424	1.85728
-1.22327	1.86407
-1.22286	1.87129
-1.22239	1.87843
-1.222	1.88555
-1.22205	1.8925
-1.22258	1.89937
-1.22249	1.90663
-1.22218	1.91413
-1.22176	1.92208
-1.2213	1.92987
-1.2208	1.93753
-1.2203	1.94512
-1.22012	1.95241
-1.21975	1.95969
-1.22002	1.96652
-1.21998	1.97359
-1.21983	1.9805
-1.22001	1.98719
-1.2189	1.99407
-1.2181	2.00083
-1.21759	2.00806
-1.21719	2.01545
-1.21701	2.02202
-1.21681	2.02869
-1.21699	2.03542
-1.21722	2.04219
-1.21823	2.04851
-1.21911	2.05516
-1.21994	2.06235
-1.22083	2.06935
-1.22195	2.07673
-1.22308	2.08401
-1.2246	2.09107
-1.22578	2.09838
-1.22739	2.10582
-1.22851	2.1137
-1.22986	2.12152
-1.2312	2.12913
-1.23265	2.13688
-1.23362	2.14426
-1.23482	2.15121
-1.23488	2.15904
-1.23637	2.16707
-1.23777	2.17488
-1.23912	2.18235
-1.24097	2.19005
-1.24248	2.19784
-1.24356	2.20546
-1.24456	2.21273
-1.24545	2.21982
-1.24652	2.22765
-1.24706	2.23549
-1.24734	2.24318
-1.24773	2.25016
-1.24816	2.25701
-1.24914	2.26393
-1.25011	2.27084
-1.25113	2.27787
-1.25256	2.28496
-1.25367	2.29225
-1.25458	2.29938
-1.25552	2.30681
-1.25645	2.31413
-1.25741	2.32067
-1.25858	2.32733
-1.25999	2.33436
-1.26134	2.34129
-1.26276	2.34854
-1.26584	2.35609
-1.26969	2.36361
-1.27315	2.37104
-1.27649	2.3782
-1.27975	2.38519
-1.28241	2.39233
-1.28526	2.39945
-1.28801	2.40641
-1.29051	2.41264
-1.29327	2.41905
-1.29551	2.42521
-1.2985	2.43127
-1.30166	2.43745
-1.30526	2.4438
-1.30851	2.45007
-1.31167	2.4561
-1.3149	2.46219
-1.31815	2.46835
-1.32139	2.47455
-1.32467	2.48093
-1.32782	2.48716
-1.33039	2.49369
-1.33221	2.49992
-1.33393	2.50628
-1.3351	2.51211
-1.33639	2.51759
-1.33771	2.52274
-1.33897	2.52955
-1.34025	2.53637
-1.34098	2.5437
-1.34138	2.551
-1.34187	2.5573
-1.34252	2.56314
-1.34311	2.56905
-1.34368	2.57521
-1.34411	2.58135
-1.34458	2.58768
-1.34458	2.5945
-1.34475	2.60109
-1.34487	2.60762
-1.34505	2.6144
-1.34459	2.62165
-1.34449	2.62911
-1.34451	2.63619
-1.3449	2.64266
-1.34483	2.64916
-1.34455	2.65556
-1.34456	2.66103
-1.34465	2.6668
-1.34501	2.6726
-1.34523	2.67862
-1.34484	2.68514
-1.34438	2.6931
-1.3442	2.70054
-1.34394	2.70854
-1.34373	2.71641
-1.34371	2.72453
-1.34387	2.73249
-1.3442	2.74028
-1.34449	2.74799
-1.34469	2.7559
-1.3451	2.76345
-1.34514	2.77096
-1.34487	2.77876
-1.34482	2.78769
-1.3446	2.79626
-1.34467	2.80473
-1.34411	2.81362
-1.34343	2.82193
-1.34281	2.82972
-1.34281	2.83726
-1.34334	2.845
-1.34397	2.85247
-1.34433	2.85997
-1.34468	2.86735
-1.34502	2.87458
-1.34556	2.88115
-1.34639	2.88728
-1.3481	2.89395
-1.34984	2.90054
-1.35159	2.9081
-1.35339	2.91521
-1.3551	2.92251
-1.35586	2.92916
-1.35589	2.93637
-1.35598	2.94367
-1.35608	2.95084
-1.35617	2.95796
-1.35629	2.96524
-1.35623	2.97247
-1.35738	2.97958
-1.35877	2.98623
-1.36023	2.99278
-1.36163	2.99901
-1.36322	3.00536
-1.3649	3.01153
-1.36628	3.01788
-1.36754	3.02402
-1.36908	3.02918
-1.37049	3.03522
-1.373	3.04185
-1.37553	3.04863
-1.37811	3.0558
-1.38077	3.06286
-1.38372	3.07039
-1.38689	3.0773
-1.39016	3.08398
-1.39344	3.09056
-1.39589	3.09738
-1.39821	3.10411
-1.40031	3.11062
-1.40338	3.1169
-1.40642	3.12328
-1.40946	3.12888
-1.41241	3.1345
-1.41571	3.14021
-1.41925	3.14596
-1.42279	3.15133
-1.42678	3.15626
-1.4313	3.16136
-1.43611	3.16657
-1.44135	3.17146
-1.4466	3.17604
-1.45171	3.18061
-1.45677	3.1852
-1.46179	3.19
-1.46643	3.19468
-1.47092	3.20072
-1.4755	3.2066
-1.47966	3.21208
-1.48369	3.21787
-1.48753	3.22367
-1.49138	3.23015
-1.49511	3.23648
-1.49818	3.24282
-1.50214	3.24906
-1.50633	3.255
-1.51036	3.26063
-1.51455	3.26578
-1.51878	3.27099
-1.52297	3.27613
-1.52742	3.28144
-1.53185	3.28673
-1.53575	3.29197
-1.54014	3.29728
-1.54463	3.30266
-1.54854	3.30815
-1.55271	3.31411
-1.5569	3.31997
-1.5609	3.32593
-1.56483	3.33187
-1.56891	3.33752
-1.57284	3.34315
-1.57684	3.34877
-1.58056	3.354
-1.5842	3.359
-1.58763	3.36465
-1.59131	3.37057
-1.59535	3.37639
-1.59943	3.38208
-1.60339	3.38788
-1.60729	3.39399
-1.61117	3.40004
-1.61469	3.40617
-1.61834	3.41206
-1.62235	3.41808
-1.62641	3.42388
-1.63091	3.42948
-1.63538	3.43412
-1.63959	3.43866
-1.64366	3.44347
-1.64823	3.44862
-1.6529	3.45432
-1.65688	3.4594
-1.66107	3.46461
-1.66557	3.46922
-1.67064	3.47377
-1.6759	3.47836
-1.68219	3.48318
-1.68894	3.48765
-1.69553	3.4925
-1.70223	3.49759
-1.70816	3.50288
-1.71385	3.50807
-1.71982	3.51324
-1.72582	3.51841
-1.73082	3.52335
-1.73585	3.52866
-1.74048	3.53375
-1.74513	3.53881
-1.74974	3.54391
-1.75456	3.54919
-1.75986	3.55428
-1.76499	3.55975
-1.77051	3.56522
-1.77682	3.57056
-1.78316	3.57582
-1.7894	3.58062
-1.79539	3.58532
-1.80122	3.59075
-1.80747	3.59588
-1.81337	3.6012
-1.81868	3.60644
-1.82453	3.61222
-1.82995	3.61773
-1.8352	3.62312
-1.84012	3.62887
-1.8451	3.63407
-1.85037	3.63894
-1.85562	3.6438
-1.86103	3.64845
-1.86615	3.65357
-1.87071	3.65864
-1.87548	3.66444
-1.88047	3.67057
-1.88513	3.67666
-1.88918	3.68238
-1.89312	3.68823
-1.89681	3.69394
-1.90052	3.6997
-1.90427	3.70542
-1.90717	3.71082
-1.90999	3.71544
-1.91301	3.72047
-1.91592	3.72621
-1.91906	3.73232
-1.92271	3.73859
-1.9263	3.74482
-1.92998	3.75039
-1.93364	3.75597
-1.9373	3.76125
-1.94175	3.76566
-1.94683	3.77074
-1.95137	3.77539
-1.95599	3.78001
-1.96002	3.78483
-1.96428	3.78993
-1.96874	3.79563
-1.97229	3.80133
-1.97577	3.80697
-1.97885	3.81237
-1.98173	3.81729
-1.98489	3.82242
-1.988	3.82827
-1.99122	3.834
-1.99448	3.83975
-1.99777	3.8456
-2.00062	3.85244
-2.00363	3.85937
-2.00663	3.86616
-2.00937	3.87325
-2.01178	3.87996
-2.01431	3.88657
-2.01655	3.89285
-2.01937	3.89922
-2.02232	3.9059
-2.02532	3.91188
-2.0288	3.91737
-2.03177	3.92359
-2.03493	3.9297
-2.03826	3.93566
-2.04132	3.94211
-2.04435	3.94853
-2.04715	3.95401
-2.05009	3.95966
-2.05316	3.96544
-2.05592	3.97081
-2.05906	3.97655
-2.06236	3.98246
-2.06576	3.98826
-2.06942	3.99428
-2.07296	4.00009
-2.07643	4.00673
-2.08022	4.01351
-2.0838	4.01984
-2.08758	4.0258
-2.09136	4.03182
-2.0951	4.03747
-2.09957	4.04358
-2.10464	4.04958
-2.10915	4.05648
-2.1128	4.06381
-2.11628	4.07094
-2.11928	4.07845
-2.12161	4.08534
-2.12415	4.09247
-2.12679	4.09956
-2.12937	4.10655
-2.13112	4.11413
-2.13274	4.12151
-2.13427	4.12878
-2.13578	4.13625
-2.13732	4.14368
-2.13884	4.1507
-2.13991	4.15745
-2.14067	4.16405
-2.14142	4.1707
-2.14231	4.17679
-2.14318	4.18305
-2.14347	4.18974
-2.1439	4.19666
-2.14412	4.20429
-2.14417	4.21228
-2.14454	4.2199
-2.14513	4.22722
-2.14517	4.23417
-2.14532	4.24075
-2.14537	4.2474
-2.14565	4.25396
-2.1457	4.26063
-2.14548	4.26743
-2.14446	4.27482
-2.1443	4.2829
-2.14396	4.29071
-2.14365	4.29894
-2.14279	4.30683
-2.14196	4.3146
-2.14097	4.32184
-2.13973	4.32879
-2.13837	4.33557
-2.137	4.34241
-2.13564	4.34868
-2.13426	4.35494
-2.13185	4.36084
-2.12936	4.36695
-2.12709	4.37272
-2.12475	4.37866
-2.12199	4.38441
-2.11907	4.3904
-2.11714	4.39631
-2.11538	4.40186
-2.11328	4.40761
-2.11171	4.41334
-2.11	4.41901
-2.10754	4.4253
-2.10481	4.43252
-2.10216	4.43962
-2.09949	4.44683
-2.0968	4.45398
-2.09424	4.46093
-2.09268	4.46746
-2.09111	4.47376
-2.08948	4.4801
-2.08782	4.48644
-2.08639	4.49317
-2.08467	4.49955
-2.08269	4.50587
-2.0805	4.51175
-2.07842	4.51761
-2.07636	4.52367
-2.07476	4.53015
-2.0732	4.53691
-2.0713	4.54344
-2.06948	4.54991
-2.06703	4.55667
-2.06388	4.56359
-2.06035	4.57027
-2.05644	4.57626
-2.05241	4.58145
-2.04817	4.58662
-2.04394	4.59185
-2.03965	4.59713
-2.03484	4.60232
-2.03023	4.60749
-2.02638	4.61354
-2.02251	4.61958
-2.01853	4.62575
-2.01445	4.63187
-2.01039	4.63806
-2.0064	4.64419
-2.00255	4.65073
-1.99919	4.65701
-1.99563	4.6634
-1.99257	4.66987
-1.98884	4.67641
-1.98546	4.68264
-1.98208	4.68884
-1.97881	4.69504
-1.97553	4.70158
-1.97243	4.70855
-1.96945	4.7156
-1.96528	4.72298
-1.9613	4.72951
-1.95781	4.73639
-1.95493	4.74334
-1.95073	4.74963
-1.94666	4.75554
-1.94256	4.76177
-1.93848	4.7679
-1.93472	4.77415
-1.93105	4.78035
-1.92791	4.78649
-1.92464	4.79291
-1.92102	4.79922
-1.91622	4.80493
-1.91146	4.81085
-1.90683	4.81654
-1.90206	4.82253
-1.89737	4.82843
-1.89306	4.83418
-1.88901	4.8396
-1.88492	4.84504
-1.88097	4.85008
-1.87689	4.85577
-1.87255	4.86089
-1.86813	4.86534
-1.86381	4.86985
-1.85967	4.87479
-1.85547	4.87951
-1.8512	4.88433
-1.84752	4.88892
-1.84371	4.89338
-1.84023	4.89742
-1.83633	4.90149
-1.8318	4.90615
-1.82766	4.91114
-1.82315	4.91591
-1.81919	4.92086
-1.81515	4.92541
-1.811	4.93008
-1.80661	4.93489
-1.80234	4.94011
-1.79808	4.94532
-1.79406	4.95074
-1.78999	4.95599
-1.78631	4.96159
-1.78296	4.96776
-1.78025	4.97395
-1.77701	4.9801
-1.77357	4.98646
-1.76971	4.99286
-1.76545	4.99916
-1.76098	5.00636
-1.75662	5.01324
-1.75246	5.01972
-1.74836	5.02607
-1.74444	5.03229
-1.74043	5.03822
-1.73701	5.04429
-1.73302	5.05044
-1.72925	5.05639
-1.725	5.06255
-1.72086	5.06893
-1.71707	5.07554
-1.71356	5.082
-1.71009	5.08838
-1.70639	5.09457
-1.70307	5.10056
-1.69972	5.10632
-1.69594	5.11213
-1.69183	5.11813
-1.68786	5.12387
-1.68394	5.12991
-1.68092	5.13585
-1.67783	5.14184
-1.67422	5.14759
-1.67051	5.15364
-1.66681	5.15891
-1.66342	5.16403
-1.65974	5.16932
-1.65639	5.17462
-1.65305	5.18007
-1.64975	5.1858
-1.64683	5.19148
-1.64392	5.1971
-1.64076	5.20283
-1.63869	5.20882
-1.63609	5.21488
-1.63416	5.22075
-1.63262	5.22652
-1.63132	5.23294
-1.62999	5.23949
-1.62816	5.24604
-1.62565	5.25225
-1.62346	5.2585
-1.62108	5.26514
-1.6187	5.27166
-1.61634	5.27818
-1.61385	5.28483
-1.61078	5.29291
-1.60791	5.30068
-1.60515	5.30817
-1.60258	5.31547
-1.5995	5.32324
-1.59578	5.33076
-1.5923	5.33811
-1.58924	5.34538
-1.58614	5.35247
-1.58316	5.35902
-1.58005	5.36492
-1.57689	5.3708
-1.57362	5.37662
-1.57057	5.38216
-1.56746	5.38782
-1.56419	5.39424
-1.56131	5.40086
-1.55862	5.40741
-1.55582	5.41418
-1.55315	5.42062
-1.55043	5.42703
-1.54784	5.4331
-1.54532	5.43988
-1.54302	5.44732
-1.54087	5.45454
-1.53839	5.46108
-1.53578	5.46748
-1.53331	5.47454
-1.53043	5.48198
-1.52798	5.48748
-1.5254	5.4934
-1.52327	5.49948
-1.52108	5.50547
-1.51881	5.51158
-1.51678	5.51739
-1.51445	5.5235
-1.51115	5.52979
-1.50712	5.53602
-1.50297	5.54289
-1.4986	5.5496
-1.49435	5.55612
-1.49063	5.56247
-1.48683	5.56899
-1.48264	5.57558
-1.47845	5.58205
-1.47443	5.58841
-1.47087	5.59487
-1.46731	5.60078
-1.46357	5.60658
-1.4599	5.61223
-1.45613	5.61837
-1.45254	5.62473
-1.44901	5.63153
-1.44543	5.63879
-1.44141	5.64548
-1.43752	5.65202
-1.43264	5.65801
-1.42838	5.66383
-1.42463	5.66953
-1.42074	5.67516
-1.41681	5.68115
-1.41215	5.68741
-1.4075	5.69406
-1.40297	5.70027
-1.3982	5.70711
-1.39372	5.71361
-1.38978	5.71984
-1.38595	5.7258
-1.38228	5.73116
-1.37861	5.73642
-1.37506	5.74221
-1.37146	5.748
-1.36782	5.75385
-1.36432	5.75928
-1.36075	5.76399
-1.35686	5.76847
-1.35369	5.77339
-1.35049	5.77835
-1.34684	5.78381
-1.3432	5.78919
-1.33957	5.79503
-1.33603	5.80074
-1.33247	5.80649
-1.32888	5.81228
-1.32527	5.81799
-1.32176	5.82402
-1.31904	5.83049
-1.31662	5.83711
-1.31432	5.84385
-1.31195	5.85055
-1.3094	5.85758
-1.30632	5.86513
-1.30292	5.8727
-1.29952	5.88048
-1.29619	5.88807
-1.29295	5.89543
