0.995591	0.0039845
0.990357	0.00823469
0.984504	0.0122394
0.978653	0.0158374
0.972932	0.0192661
0.967293	0.0229353
0.960638	0.0257065
0.9537	0.0280477
0.946302	0.0302045
0.938822	0.031779
0.930703	0.0322626
0.922817	0.0332967
0.914924	0.0333053
0.90651	0.0326003
0.898457	0.0311338
0.890736	0.0297706
0.883227	0.0289491
0.875647	0.0273672
0.867913	0.0253119
0.860273	0.023144
0.852731	0.020634
0.845283	0.0179206
0.838057	0.015769
0.830846	0.0133531
0.82329	0.0111301
0.81534	0.00884715
0.807553	0.00631276
0.799832	0.00360538
0.792224	0.000591974
0.785207	-0.00274414
0.77834	-0.00701568
0.771638	-0.0114023
0.765033	-0.0161143
0.758526	-0.0208799
0.752217	-0.0253956
0.746388	-0.0302782
0.740367	-0.0352793
0.734325	-0.0400632
0.728232	-0.0447847
0.721961	-0.0497208
0.715423	-0.0541142
0.708511	-0.0583309
0.701172	-0.0629377
0.694019	-0.0675763
0.686664	-0.0725794
0.679651	-0.0774438
0.672552	-0.0824066
0.665396	-0.0876208
0.658437	-0.0928548
0.652223	-0.0979736
0.645962	-0.103533
0.638982	-0.109464
0.632098	-0.11568
0.624841	-0.122098
0.617952	-0.128303
0.611415	-0.135052
0.605007	-0.14142
0.598724	-0.147303
0.593032	-0.153144
0.587522	-0.159212
0.582041	-0.165182
0.576102	-0.171486
0.570251	-0.177274
0.564955	-0.183173
0.560918	-0.189006
0.557159	-0.194316
0.554652	-0.200391
0.552087	-0.206601
0.549622	-0.212874
0.547439	-0.219042
0.544822	-0.225533
0.542367	-0.233068
0.539302	-0.240749
0.53617	-0.248315
0.53279	-0.254759
0.529205	-0.261216
0.525541	-0.268745
0.522065	-0.276791
0.518646	-0.284764
0.515203	-0.292243
0.511727	-0.299727
0.507672	-0.306972
0.503378	-0.313966
0.499959	-0.321375
0.496132	-0.328591
0.492469	-0.335462
0.488415	-0.342498
0.484181	-0.349352
0.479725	-0.355835
0.475241	-0.362257
0.470892	-0.368691
0.46609	-0.375059
0.461635	-0.380915
0.457235	-0.387071
0.452747	-0.393957
0.448046	-0.399414
0.442958	-0.404838
0.437529	-0.410376
0.431792	-0.415434
0.425916	-0.420394
0.420358	-0.425109
0.414543	-0.430934
0.408052	-0.436787
0.401604	-0.441755
0.394973	-0.447682
0.388298	-0.453396
0.381659	-0.458879
0.374996	-0.46426
0.36868	-0.469578
0.362131	-0.475192
0.355957	-0.480186
0.349855	-0.48525
0.343439	-0.490189
0.337107	-0.494912
0.330874	-0.499551
0.324374	-0.503964
0.317785	-0.508029
0.311054	-0.512353
0.304358	-0.516636
0.29785	-0.521373
0.29136	-0.526164
0.284988	-0.530046
0.278761	-0.534021
0.273023	-0.538394
0.267233	-0.542867
0.261168	-0.547198
0.25511	-0.551262
0.248902	-0.555424
0.242687	-0.559665
0.236461	-0.564698
0.23038	-0.569803
0.223645	-0.575122
0.216759	-0.581203
0.210336	-0.586798
0.203811	-0.59199
0.197542	-0.596988
0.19139	-0.601881
0.185479	-0.607036
0.178821	-0.612316
0.172209	-0.617445
0.165704	-0.622207
0.159212	-0.626405
0.15302	-0.631035
0.146357	-0.635953
0.139988	-0.640578
0.133469	-0.644897
0.127087	-0.649213
0.120711	-0.653623
0.114357	-0.657903
0.107333	-0.66238
0.100626	-0.666767
0.094087	-0.671465
0.0873926	-0.675965
0.0807443	-0.680606
0.0742766	-0.685711
0.0675285	-0.6914
0.0608156	-0.697156
0.0536468	-0.702042
0.0463589	-0.706979
0.0389358	-0.711886
0.0315397	-0.716947
0.0243071	-0.721911
0.0173165	-0.726845
0.0104597	-0.731809
0.00394617	-0.736518
-0.00208878	-0.741668
-0.00786919	-0.746757
-0.0135855	-0.752335
-0.0193439	-0.758021
-0.0250155	-0.763531
-0.0310007	-0.769029
-0.0369207	-0.774457
-0.0432385	-0.779509
-0.0495265	-0.784649
-0.0559651	-0.789842
-0.0621114	-0.794891
-0.0675417	-0.800479
-0.0725847	-0.80584
-0.0777565	-0.811375
-0.0832056	-0.817017
-0.0888821	-0.822332
-0.0952561	-0.827813
-0.101179	-0.8333
-0.107296	-0.83828
-0.113307	-0.843237
-0.119271	-0.848287
-0.125334	-0.853425
-0.131623	-0.858696
-0.137736	-0.864656
-0.143485	-0.870275
-0.149041	-0.875137
-0.154956	-0.87993
-0.160948	-0.884885
-0.166421	-0.889425
-0.172005	-0.8941
-0.177459	-0.898825
-0.182985	-0.903611
-0.188324	-0.908291
-0.194704	-0.912679
-0.201222	-0.917518
-0.207926	-0.922739
-0.214435	-0.928375
-0.221576	-0.933853
-0.228259	-0.939451
-0.234884	-0.944745
-0.241286	-0.950229
-0.247624	-0.955637
-0.253145	-0.961111
-0.258159	-0.966495
-0.263322	-0.971881
-0.267956	-0.977898
-0.272663	-0.983942
-0.276977	-0.990138
-0.280586	-0.996442
-0.283946	-1.00322
-0.288034	-1.00939
-0.29233	-1.0157
-0.29596	-1.0224
-0.299958	-1.02901
-0.304151	-1.03506
-0.308443	-1.04119
-0.312985	-1.04742
-0.317583	-1.05362
-0.321837	-1.05996
-0.326042	-1.06614
-0.329932	-1.0721
-0.334133	-1.07829
-0.338463	-1.08414
-0.343076	-1.08987
-0.347545	-1.09569
-0.352205	-1.10152
-0.356813	-1.10731
-0.361478	-1.11352
-0.366224	-1.11966
-0.371039	-1.1258
-0.376019	-1.13148
-0.38102	-1.13721
-0.386292	-1.14255
-0.391351	-1.14793
-0.396445	-1.15334
-0.401488	-1.15864
-0.406622	-1.16402
-0.412129	-1.16909
-0.417871	-1.17448
-0.423641	-1.17992
-0.429195	-1.1848
-0.434088	-1.18941
-0.438833	-1.19439
-0.443581	-1.1992
-0.448357	-1.20445
-0.453179	-1.21024
-0.458593	-1.21597
-0.463631	-1.22176
-0.468195	-1.22735
-0.473153	-1.23433
-0.479209	-1.24136
-0.485046	-1.24872
-0.490733	-1.2558
-0.496577	-1.2626
-0.5023	-1.2692
-0.506752	-1.27573
-0.511358	-1.28227
-0.516402	-1.28876
-0.52163	-1.29498
-0.527008	-1.30078
-0.532375	-1.30648
-0.538271	-1.31197
-0.543976	-1.31819
-0.549784	-1.32434
-0.555419	-1.3305
-0.561049	-1.33574
-0.566429	-1.34106
-0.5719	-1.34651
-0.577258	-1.35236
-0.582807	-1.35763
-0.588747	-1.3629
-0.595133	-1.36894
-0.601456	-1.37481
-0.608408	-1.3801
-0.615402	-1.38556
-0.622714	-1.39081
-0.629842	-1.39623
-0.63649	-1.40284
-0.642585	-1.40915
-0.648432	-1.41513
-0.653793	-1.42135
-0.659091	-1.42659
-0.66378	-1.43168
-0.669301	-1.43671
-0.674867	-1.44189
-0.680441	-1.44676
-0.685871	-1.45211
-0.69107	-1.45758
-0.696287	-1.46317
-0.701552	-1.46901
-0.706801	-1.47406
-0.71251	-1.47872
-0.718899	-1.48342
-0.725284	-1.48843
-0.731653	-1.49343
-0.73792	-1.49832
-0.744056	-1.50311
-0.750189	-1.50795
-0.756589	-1.5134
-0.762841	-1.51845
-0.76838	-1.52397
-0.773845	-1.52949
-0.779781	-1.53525
-0.785957	-1.54095
-0.792612	-1.54691
-0.798572	-1.55315
-0.805244	-1.55959
-0.812027	-1.56578
-0.818597	-1.57186
-0.825149	-1.57784
-0.830726	-1.58404
-0.836528	-1.59022
-0.842144	-1.59664
-0.847837	-1.60249
-0.853298	-1.60929
-0.859031	-1.61565
-0.864238	-1.62155
-0.869189	-1.62702
-0.874148	-1.63224
-0.879123	-1.63744
-0.884276	-1.64272
-0.88951	-1.64804
-0.895359	-1.65347
-0.900877	-1.65851
-0.906165	-1.66357
-0.911233	-1.66803
-0.91645	-1.67264
-0.921342	-1.67766
-0.926489	-1.68282
-0.932002	-1.68777
-0.937472	-1.69284
-0.942945	-1.69825
-0.948458	-1.70368
-0.954019	-1.70901
-0.959956	-1.71334
-0.965983	-1.71797
-0.972062	-1.72267
-0.978447	-1.72782
-0.984482	-1.73284
-0.9905	-1.73822
-0.996197	-1.74346
-1.00213	-1.74865
-1.00757	-1.75385
-1.01345	-1.759
-1.01911	-1.76434
-1.02473	-1.76975
-1.03068	-1.77585
-1.0364	-1.78236
-1.04163	-1.78909
-1.04635	-1.7952
-1.05064	-1.80187
-1.05395	-1.80843
-1.05689	-1.81513
-1.05861	-1.82209
-1.06018	-1.82983
-1.06149	-1.83759
-1.06244	-1.84554
-1.06362	-1.85271
-1.06464	-1.8601
-1.06545	-1.86799
-1.06604	-1.87586
-1.06657	-1.88352
-1.0669	-1.89128
-1.06645	-1.89934
-1.0658	-1.907
-1.06546	-1.91409
-1.06595	-1.92197
-1.06625	-1.92983
-1.06634	-1.93658
-1.0662	-1.94367
-1.06616	-1.95132
-1.06508	-1.95956
-1.0639	-1.9677
-1.06264	-1.97577
-1.06141	-1.98331
-1.06077	-1.99108
-1.05969	-1.99833
-1.05787	-2.00522
-1.05596	-2.01211
-1.05412	-2.0194
-1.05217	-2.02672
-1.0502	-2.03406
-1.04815	-2.04145
-1.04596	-2.04896
-1.04406	-2.0563
-1.04239	-2.06365
-1.04064	-2.07105
-1.03877	-2.07825
-1.03672	-2.0855
-1.03457	-2.09262
-1.03242	-2.09975
-1.02998	-2.10699
-1.02745	-2.11425
-1.025	-2.1217
-1.02268	-2.12921
-1.02011	-2.13675
-1.01803	-2.14389
-1.01699	-2.15059
-1.01566	-2.15754
-1.01424	-2.16483
-1.01236	-2.17247
-1.01115	-2.17982
-1.0098	-2.1871
-1.00843	-2.19448
-1.00696	-2.20186
-1.00586	-2.20874
-1.00467	-2.21618
-1.00413	-2.22375
-1.00346	-2.23129
-1.00267	-2.23891
-1.00202	-2.24634
-1.00083	-2.25418
-0.999281	-2.26208
-0.997421	-2.2702
-0.995493	-2.27829
-0.993535	-2.28529
-0.991076	-2.29202
-0.988554	-2.29888
-0.986357	-2.30534
-0.983345	-2.31247
-0.980294	-2.31978
-0.977327	-2.32709
-0.974474	-2.33387
-0.971366	-2.34099
-0.968246	-2.34808
-0.965443	-2.35504
-0.96205	-2.3619
-0.957444	-2.3687
-0.953207	-2.37489
-0.948704	-2.38129
-0.944342	-2.38806
-0.939923	-2.3947
-0.935898	-2.40104
-0.931997	-2.40711
-0.928287	-2.41337
-0.924095	-2.41979
-0.919669	-2.42636
-0.915263	-2.43273
-0.910716	-2.43904
-0.906111	-2.44553
-0.901747	-2.45184
-0.897427	-2.45824
-0.893262	-2.46446
-0.888573	-2.47043
-0.884023	-2.47645
-0.879276	-2.4819
-0.875294	-2.4871
-0.871362	-2.49259
-0.867351	-2.49852
-0.864225	-2.50399
-0.860971	-2.5097
-0.857124	-2.51567
-0.852772	-2.52208
-0.848319	-2.52853
-0.843923	-2.53504
-0.839558	-2.54181
-0.835134	-2.5478
-0.830669	-2.5544
-0.826723	-2.5607
-0.822578	-2.5678
-0.81842	-2.57443
-0.814714	-2.58093
-0.811837	-2.58776
-0.808796	-2.59467
-0.806396	-2.60159
-0.803888	-2.60798
-0.800695	-2.61492
-0.797345	-2.62133
-0.793879	-2.62834
-0.790333	-2.63538
-0.78661	-2.64228
-0.783115	-2.64961
-0.780017	-2.65705
-0.777284	-2.66535
-0.774128	-2.67401
-0.770948	-2.68249
-0.767844	-2.69067
-0.764331	-2.69932
-0.760681	-2.7075
-0.757179	-2.7156
-0.752983	-2.72366
-0.747847	-2.73175
-0.743103	-2.7397
-0.73835	-2.74718
-0.733006	-2.75473
-0.728143	-2.76193
-0.724069	-2.76857
-0.7203	-2.77588
-0.71676	-2.78328
-0.713457	-2.79048
-0.710169	-2.79789
-0.707132	-2.80534
-0.703957	-2.81245
-0.700782	-2.81957
-0.697935	-2.82733
-0.694864	-2.83506
-0.692189	-2.84257
-0.690138	-2.84965
-0.687813	-2.85703
-0.685696	-2.86406
-0.683634	-2.87128
-0.681627	-2.87848
-0.679237	-2.88604

-0.677631	2.88682
-0.676356	2.87882
-0.675408	2.87084
-0.674724	2.86287
-0.67446	2.855
-0.673751	2.84771
-0.672476	2.84056
-0.671436	2.8333
-0.67072	2.82596
-0.670113	2.81848
-0.669487	2.81085
-0.66929	2.80317
-0.668886	2.79566
-0.668817	2.78813
-0.669086	2.78043
-0.669864	2.7732
-0.670482	2.76702
-0.670937	2.76094
-0.67159	2.75457
-0.672784	2.74908
-0.67462	2.74339
-0.676802	2.73773
-0.678769	2.7316
-0.680747	2.72526
-0.683096	2.71901
-0.685609	2.71264
-0.688804	2.70601
-0.692059	2.69932
-0.695026	2.69284
-0.698069	2.68623
-0.701462	2.67989
-0.705684	2.67343
-0.710799	2.66679
-0.715549	2.66018
-0.719884	2.65316
-0.72413	2.64617
-0.728951	2.6393
-0.73359	2.63251
-0.738055	2.6258
-0.742313	2.61929
-0.746355	2.61345
-0.750185	2.60722
-0.75411	2.60136
-0.757858	2.59487
-0.761515	2.58845
-0.764965	2.58225
-0.768049	2.57594
-0.771065	2.56942
-0.774394	2.56337
-0.778027	2.55728
-0.782148	2.55131
-0.787274	2.54581
-0.792991	2.53899
-0.798086	2.532
-0.803031	2.5251
-0.807987	2.51781
-0.813522	2.5105
-0.818981	2.50317
-0.824964	2.49571
-0.830479	2.48809
-0.835699	2.48043
-0.84079	2.47305
-0.846012	2.46614
-0.85065	2.45932
-0.855432	2.45261
-0.860369	2.446
-0.865112	2.43936
-0.86982	2.43282
-0.874223	2.42611
-0.878672	2.41927
-0.883434	2.4121
-0.888174	2.4051
-0.892806	2.39822
-0.897494	2.39116
-0.902233	2.38397
-0.906839	2.37717
-0.911168	2.37085
-0.91506	2.36468
-0.918867	2.35871
-0.923053	2.35223
-0.927029	2.34542
-0.930971	2.33863
-0.934835	2.33191
-0.938105	2.32537
-0.942054	2.31875
-0.945883	2.31191
-0.949648	2.3049
-0.953263	2.2979
-0.956637	2.29072
-0.959377	2.28349
-0.961825	2.27663
-0.964348	2.26955
-0.966673	2.26221
-0.968858	2.25449
-0.970068	2.24654
-0.971209	2.23908
-0.972005	2.23145
-0.972586	2.22413
-0.973798	2.21665
-0.97476	2.20931
-0.975817	2.2019
-0.976945	2.1936
-0.977696	2.18527
-0.97874	2.17734
-0.979683	2.16912
-0.980752	2.16132
-0.982019	2.15217
-0.983422	2.14227
-0.984579	2.13367
-0.986154	2.12513
-0.987923	2.11658
-0.989744	2.10822
-0.991501	2.09992
-0.993151	2.09168
-0.994886	2.0836
-0.996591	2.07532
-0.998067	2.06682
-0.998724	2.0574
-0.999448	2.04831
-1.00015	2.0394
-1.00099	2.03085
-1.00152	2.02259
-1.00176	2.0145
-1.00201	2.00626
-1.00232	1.99809
-1.00326	1.99008
-1.00395	1.98223
-1.00467	1.97438
-1.00541	1.96653
-1.00629	1.95891
-1.00695	1.95025
-1.00733	1.94174
-1.00778	1.933
-1.00842	1.92471
-1.00947	1.91728
-1.01016	1.9101
-1.01082	1.90275
-1.01151	1.89461
-1.01211	1.88642
-1.01282	1.87829
-1.01309	1.86999
-1.01335	1.86172
-1.01382	1.85355
-1.01325	1.84496
-1.01295	1.83655
-1.01266	1.82827
-1.01237	1.8201
-1.01212	1.81208
-1.01167	1.80426
-1.01192	1.79615
-1.01235	1.78765
-1.01234	1.77928
-1.01205	1.77043
-1.01187	1.76155
-1.01198	1.75273
-1.01179	1.74423
-1.01216	1.73545
-1.01248	1.72651
-1.01292	1.71712
-1.01354	1.70785
-1.01387	1.69868
-1.01442	1.68955
-1.01496	1.68048
-1.0153	1.67314
-1.01471	1.66507
-1.01379	1.65708
-1.0124	1.64925
-1.01114	1.64132
-1.01043	1.6339
-1.00937	1.62518
-1.00865	1.6165
-1.00803	1.608
-1.00731	1.59967
-1.00715	1.59166
-1.00725	1.58373
-1.0074	1.5758
-1.00737	1.56773
-1.00726	1.55928
-1.00777	1.55111
-1.00853	1.54285
-1.00899	1.53485
-1.00959	1.52721
-1.01035	1.51935
-1.01119	1.51148
-1.01192	1.50358
-1.01256	1.49598
-1.01304	1.48824
-1.01351	1.48041
-1.01405	1.47248
-1.01398	1.46433
-1.01423	1.45578
-1.0145	1.44676
-1.01488	1.43814
-1.01603	1.43
-1.01738	1.42225
-1.01911	1.4144
-1.02082	1.40573
-1.02259	1.39722
-1.02351	1.38996
-1.02442	1.38251
-1.02617	1.3745
-1.02708	1.36721
-1.02762	1.3593
-1.02693	1.35052
-1.0264	1.34199
-1.02561	1.3337
-1.02564	1.325
-1.02518	1.31639
-1.02473	1.30749
-1.02459	1.29857
-1.0246	1.28966
-1.02523	1.28081
-1.02595	1.2722
-1.02652	1.26396
-1.02706	1.25565
-1.02802	1.24732
-1.02887	1.23853
-1.02954	1.22981
-1.03009	1.22081
-1.02963	1.21285
-1.02928	1.20487
-1.02901	1.19677
-1.02821	1.18886
-1.02741	1.18086
-1.02675	1.17293
-1.02659	1.16545
-1.02635	1.15691
-1.02644	1.14846
-1.02691	1.14001
-1.02775	1.1316
-1.02857	1.12345
-1.02966	1.11558
-1.03164	1.10754
-1.03271	1.09904
-1.03393	1.09042
-1.03542	1.08167
-1.03701	1.0728
-1.03858	1.06416
-1.04024	1.05569
-1.04211	1.04787
-1.04399	1.04015
-1.04597	1.03305
-1.04637	1.02638
-1.04697	1.01826
-1.0484	1.01008
-1.04979	1.00198
-1.05179	0.994499
-1.05389	0.987025
-1.05575	0.980124
-1.05811	0.974058
-1.06103	0.967739
-1.06447	0.960829
-1.06798	0.954055
-1.07166	0.947011
-1.07527	0.939932
-1.07931	0.932801
-1.08315	0.926631
-1.08666	0.920348
-1.09024	0.913749
-1.09358	0.906918
-1.09675	0.899921
-1.09987	0.892814
-1.10248	0.885046
-1.10537	0.877165
-1.10856	0.869275
-1.11128	0.861491
-1.11471	0.853939
-1.11821	0.84644
-1.12168	0.839121
-1.12556	0.8311
-1.1299	0.822876
-1.1342	0.814838
-1.13832	0.806931
-1.14156	0.798978
-1.14423	0.791095
-1.14649	0.783696
-1.14879	0.776145
-1.15092	0.768611
-1.15375	0.760812
-1.15704	0.753738
-1.16074	0.746317
-1.16439	0.739539
-1.16793	0.732958
-1.17116	0.726115
-1.17483	0.718888
-1.17834	0.711747
-1.18211	0.70439
-1.18625	0.697209
-1.1902	0.689775
-1.19442	0.682284
-1.19826	0.674769
-1.20219	0.667319
-1.20612	0.659836
-1.21002	0.652263
-1.21352	0.644522
-1.21759	0.636511
-1.22235	0.628226
-1.22691	0.620196
-1.23141	0.612426
-1.23569	0.604256
-1.23945	0.595957
-1.24307	0.58798
-1.24569	0.580461
-1.24834	0.573002
-1.2504	0.56634
-1.25251	0.558738
-1.25444	0.55144
-1.25667	0.54382
-1.2586	0.53674
-1.26064	0.529262
-1.2626	0.52202
-1.26464	0.514967
-1.2665	0.50805
-1.26855	0.501107
-1.27045	0.493915
-1.27216	0.486837
-1.2737	0.480174
-1.2755	0.47403
-1.2777	0.467094
-1.27884	0.460458
-1.28067	0.453651
-1.28276	0.446664
-1.28446	0.439526
-1.28645	0.43196
-1.28855	0.424787
-1.29071	0.417494
-1.29299	0.410333
-1.29517	0.403314
-1.2977	0.395975
-1.30025	0.388602
-1.30285	0.381801
-1.30572	0.374078
-1.30804	0.366559
-1.3102	0.359796
-1.31214	0.352913
-1.3142	0.345915
-1.31619	0.338818
-1.31802	0.33169
-1.31955	0.324131
-1.32096	0.316388
-1.32269	0.308805
-1.32489	0.301373
-1.32693	0.293867
-1.32876	0.286079
-1.33105	0.27802
-1.33334	0.270048
-1.3357	0.261986
-1.33779	0.253998
-1.34007	0.246136
-1.34209	0.238435
-1.34435	0.230602
-1.34647	0.222712
-1.34764	0.21437
-1.34877	0.206247
-1.35014	0.198032
-1.35088	0.18931
-1.35228	0.180754
-1.35473	0.17218
-1.35743	0.163446
-1.35995	0.15477
-1.36344	0.145795
-1.36686	0.137304
-1.36993	0.129045
-1.37295	0.121053
-1.37552	0.112604
-1.37746	0.104186
-1.37929	0.0958258
-1.3811	0.0876487
-1.38257	0.0796929
-1.38384	0.07196
-1.38551	0.0649361
-1.38686	0.0579168
-1.38879	0.0512676
-1.39083	0.0441514
-1.39248	0.0366282
-1.39443	0.0290206
-1.39627	0.0215128
-1.39808	0.0138998
-1.39995	0.00632078
-1.4024	-0.00139156
-1.40487	-0.00906614
-1.40734	-0.0169927
-1.40987	-0.024805
-1.41276	-0.03256
-1.41559	-0.0400385
-1.41794	-0.0478218
-1.4199	-0.0556058
-1.42209	-0.0634644
-1.42427	-0.0710931
-1.42666	-0.0787752
-1.42924	-0.0864224
-1.43195	-0.0945375
-1.43435	-0.102525
-1.43679	-0.109827
-1.43911	-0.117228
-1.44148	-0.124601
-1.4436	-0.131649
-1.44574	-0.138752
-1.4475	-0.145892
-1.4495	-0.153366
-1.45159	-0.161093
-1.45316	-0.169043
-1.45485	-0.176774
-1.45586	-0.18406
-1.45679	-0.19182
-1.45831	-0.199833
-1.45955	-0.208424
-1.46116	-0.216903
-1.46294	-0.225263
-1.46529	-0.233212
-1.4668	-0.240385
-1.4684	-0.247643
-1.46992	-0.255094
-1.47144	-0.262594
-1.47272	-0.270189
-1.47413	-0.27781
-1.47573	-0.285405
-1.47757	-0.293118
-1.4794	-0.300445
-1.48124	-0.307954
-1.48322	-0.315431
-1.48509	-0.322845
-1.48788	-0.330729
-1.49059	-0.339227
-1.49332	-0.346943
-1.49614	-0.354795
-1.49723	-0.362303
-1.49823	-0.3698
-1.49891	-0.377169
-1.49899	-0.384745
-1.49972	-0.392589
-1.50053	-0.4005
-1.50168	-0.407842
-1.50293	-0.415105
-1.50362	-0.422808
-1.5046	-0.430889
-1.50533	-0.439429
-1.50568	-0.446968
-1.5064	-0.454052
-1.50728	-0.461262
-1.50843	-0.468824
-1.50959	-0.476766
-1.51113	-0.484488
-1.51324	-0.491483
-1.51551	-0.498415
-1.51791	-0.505329
-1.52039	-0.512354
-1.52302	-0.52006
-1.52587	-0.527945
-1.52833	-0.53561
-1.53089	-0.543413
-1.53318	-0.550889
-1.53588	-0.558746
-1.53841	-0.566547
-1.54051	-0.573723
-1.54289	-0.581045
-1.5454	-0.588311
-1.54774	-0.595881
-1.54945	-0.603252
-1.55168	-0.610229
-1.55387	-0.618125
-1.55651	-0.625012
-1.55828	-0.632313
-1.56026	-0.639491
-1.56193	-0.646541
-1.56357	-0.653448
-1.56585	-0.659948
-1.56842	-0.666312
-1.57113	-0.672821
-1.57436	-0.679065
-1.57759	-0.685309
-1.58089	-0.691704
-1.58435	-0.697995
-1.58813	-0.703875
-1.59209	-0.710052
-1.59609	-0.716822
-1.59963	-0.72339
-1.60326	-0.730098
-1.60696	-0.736321
-1.61083	-0.742664
-1.61473	-0.749103
-1.61894	-0.755367
-1.62368	-0.76106
-1.62805	-0.766944
-1.63224	-0.772711
-1.63672	-0.778533
-1.64112	-0.78468
-1.6455	-0.790726
-1.65004	-0.796165
-1.65511	-0.80141
-1.66	-0.806937
-1.6649	-0.812619
-1.6698	-0.818369
-1.67439	-0.823585
-1.67903	-0.828972
-1.68412	-0.833773
-1.688	-0.839057
-1.69289	-0.844525
-1.69822	-0.850334
-1.70309	-0.856597
-1.70813	-0.86281
-1.71366	-0.869225
-1.71939	-0.875197
-1.72512	-0.881165
-1.73052	-0.887298
-1.73588	-0.893911
-1.74072	-0.900315
-1.74626	-0.907373
-1.752	-0.913688
-1.75737	-0.91977
-1.76333	-0.926178
-1.76915	-0.932705
-1.77434	-0.938852
-1.77953	-0.945052
-1.78443	-0.951065
-1.78923	-0.956423
-1.79395	-0.961797
-1.798	-0.968043
-1.80165	-0.974209
-1.80519	-0.9815
-1.80774	-0.988409
-1.80995	-0.995471
-1.81216	-1.00305
-1.81389	-1.01017
-1.81583	-1.01742
-1.81821	-1.02437
-1.82024	-1.03145
-1.82246	-1.03862
-1.82516	-1.04464
-1.82789	-1.05093
-1.83063	-1.05742
-1.83305	-1.06446
-1.83547	-1.07174
-1.83777	-1.07879
-1.84021	-1.08625
-1.84293	-1.09428
-1.84583	-1.10218
-1.84847	-1.10957
-1.85111	-1.11696
-1.85317	-1.12452
-1.85586	-1.13218
-1.85885	-1.13989
-1.86176	-1.14771
-1.86412	-1.15539
-1.86655	-1.16297
-1.86906	-1.17048
-1.87164	-1.17811
-1.87497	-1.1856
-1.87831	-1.19295
-1.88097	-1.19955
-1.88311	-1.20685
-1.88561	-1.21459
-1.8881	-1.22227
-1.89056	-1.22993
-1.89314	-1.23765
-1.89539	-1.24551
-1.89813	-1.25344
-1.90066	-1.26086
-1.90336	-1.26836
-1.90602	-1.27572
-1.90866	-1.28388
-1.91127	-1.2919
-1.91448	-1.30035
-1.91749	-1.30835
-1.92031	-1.31614
-1.92228	-1.32387
-1.92381	-1.3323
-1.92524	-1.34032
-1.92659	-1.34819
-1.9279	-1.35616
-1.92922	-1.36406
-1.93098	-1.37174
-1.93814	-1.37891
-1.94448	-1.3865
-1.95018	-1.39458
-1.95506	-1.40277
-1.95947	-1.41091
-1.96368	-1.41896
-1.96761	-1.42671
-1.97117	-1.43445
-1.97408	-1.44275
-1.97625	-1.4508
-1.9778	-1.45866
-1.97965	-1.46598
-1.98114	-1.47358
-1.98245	-1.48144
-1.98388	-1.48931
-1.98482	-1.49701
-1.9856	-1.50485
-1.98628	-1.51231
-1.9875	-1.52009
-1.98868	-1.52813
-1.9903	-1.53597
-1.99177	-1.54385
-1.99257	-1.55207
-1.99289	-1.56024
-1.99342	-1.56806
-1.99372	-1.57589
-1.99403	-1.5829
-1.99501	-1.58986
-1.99583	-1.59681
-1.99721	-1.60392
-1.9985	-1.6102
-1.99942	-1.61733
-2.0004	-1.62545
-2.00086	-1.63285
-2.00146	-1.64034
-2.00183	-1.64805
-2.00262	-1.65584
-2.00348	-1.66325
-2.00459	-1.67054
-2.00575	-1.67776
-2.00678	-1.68536
-2.00782	-1.69277
-2.00861	-1.70007
-2.00921	-1.7067
-2.00987	-1.71298
-2.0108	-1.71953
-2.0118	-1.72633
-2.01308	-1.73359
-2.01428	-1.7405
-2.01534	-1.74757
-2.01698	-1.75468
-2.01953	-1.76207
-2.0223	-1.76976
-2.02473	-1.77743
-2.02705	-1.78512
-2.02925	-1.7928
-2.0312	-1.80009
-2.03243	-1.80889
-2.03452	-1.81708
-2.03582	-1.82562
-2.0373	-1.83407
-2.03881	-1.84199
-2.04088	-1.85034
-2.04256	-1.85838
-2.04365	-1.86633
-2.0452	-1.87441
-2.0465	-1.88266
-2.04804	-1.89043
-2.0492	-1.89793
-2.05081	-1.90412
-2.05213	-1.91079
-2.05457	-1.91805
-2.05705	-1.92536
-2.05951	-1.93295
-2.06202	-1.94031
-2.06403	-1.94809
-2.06582	-1.95638
-2.06761	-1.96449
-2.06939	-1.97247
-2.07123	-1.98015
-2.07232	-1.98816
-2.07315	-1.99666
-2.07402	-2.0049
-2.07467	-2.01351
-2.07537	-2.02153
-2.07584	-2.0298
-2.07606	-2.0379
-2.07637	-2.04576
-2.07657	-2.05347
-2.07684	-2.06128
-2.07727	-2.06907
-2.07697	-2.0769
-2.07671	-2.08481
-2.07702	-2.09309
-2.0767	-2.10147
-2.07698	-2.10948
-2.07725	-2.11746
-2.07753	-2.12551
-2.07754	-2.13303
-2.07733	-2.1406
-2.07699	-2.14864
-2.07673	-2.15691
-2.0764	-2.16521
-2.07588	-2.17357
-2.07569	-2.18187
-2.07622	-2.19013
-2.07673	-2.19827
-2.07659	-2.20652
-2.07697	-2.21505
-2.07741	-2.22302
-2.07859	-2.23133
-2.07953	-2.23931
-2.08033	-2.24736
-2.08127	-2.25571
-2.0821	-2.26396
-2.08294	-2.27211
-2.08375	-2.28017
-2.08438	-2.28823
-2.08529	-2.29645
-2.08624	-2.30537
-2.08707	-2.3138
-2.08767	-2.32224
-2.08826	-2.33058
-2.08856	-2.33838
-2.08943	-2.34675
-2.09031	-2.35477
-2.09114	-2.36299
-2.09192	-2.37114
-2.0926	-2.37918
-2.09327	-2.38726
-2.09415	-2.39507
-2.09485	-2.4024
-2.09543	-2.40979
-2.09587	-2.41746
-2.09633	-2.42535
-2.09742	-2.43307
-2.09865	-2.44013
-2.09974	-2.4473
-2.10079	-2.45465
-2.10194	-2.46214
-2.10313	-2.4695
-2.10453	-2.47764
-2.10596	-2.48569
-2.1069	-2.49343
-2.10822	-2.50107
-2.10957	-2.50869
-2.11058	-2.5163
-2.11239	-2.5237
-2.11377	-2.53115
-2.11439	-2.53852
-2.11598	-2.54612
-2.11749	-2.55326
-2.11866	-2.56029
-2.12044	-2.56768
-2.12226	-2.57505
-2.12415	-2.58238
-2.12644	-2.5897
-2.12818	-2.59683
-2.12992	-2.60407
-2.13227	-2.61103
-2.13447	-2.61882
-2.13751	-2.62653
-2.14018	-2.63407
-2.14195	-2.64218
-2.14419	-2.65051
-2.14629	-2.6588
-2.14834	-2.66655
-2.15038	-2.67468
-2.15217	-2.68219
-2.15382	-2.68977
-2.15564	-2.69746
-2.15759	-2.70475
-2.15879	-2.71176
-2.16013	-2.71872
-2.16132	-2.72619
-2.16255	-2.73403
-2.16375	-2.74208
-2.165	-2.75031
-2.16607	-2.75858
-2.167	-2.76607
-2.16784	-2.77375
-2.16858	-2.78179
-2.16912	-2.78997
-2.16965	-2.7981
-2.17006	-2.80589
-2.16953	-2.81425
-2.16906	-2.8225
-2.16857	-2.82995
-2.16817	-2.83748
-2.16721	-2.84481
-2.16538	-2.85175
-2.16331	-2.85859
-2.16096	-2.86612
-2.15879	-2.87308
-2.15647	-2.8803
-2.15425	-2.88766

-2.15219	2.88502
-2.15015	2.87737
-2.14805	2.86907
-2.14588	2.86092
-2.14379	2.85286
-2.14133	2.84405
-2.13913	2.83573
-2.13696	2.82727
-2.13446	2.8187
-2.13252	2.81024
-2.13039	2.80212
-2.12831	2.79338
-2.12623	2.78539
-2.12429	2.77707
-2.12252	2.76887
-2.12092	2.76019
-2.11969	2.75198
-2.11854	2.74334
-2.11757	2.73517
-2.11694	2.72671
-2.11596	2.71852
-2.11487	2.71044
-2.1138	2.70243
-2.11221	2.69514
-2.11028	2.6881
-2.10836	2.68097
-2.10645	2.67389
-2.10539	2.66727
-2.10427	2.66038
-2.10253	2.65203
-2.10137	2.64325
-2.1007	2.63462
-2.1001	2.62623
-2.09937	2.61806
-2.0988	2.61017
-2.09816	2.60224
-2.09751	2.59437
-2.09666	2.58605
-2.09574	2.57844
-2.0948	2.57099
-2.0935	2.56364
-2.09201	2.55583
-2.09005	2.54788
-2.0875	2.5405
-2.08517	2.53355
-2.08247	2.52598
-2.07987	2.51913
-2.07734	2.51227
-2.07464	2.50534
-2.07157	2.4982
-2.06842	2.49047
-2.06542	2.48245
-2.06201	2.47444
-2.05879	2.46627
-2.05693	2.45829
-2.05485	2.45015
-2.05182	2.44249
-2.04792	2.4344
-2.04463	2.42708
-2.04148	2.41972
-2.03847	2.41251
-2.0355	2.40557
-2.03275	2.39871
-2.02976	2.39151
-2.02713	2.38405
-2.02437	2.37706
-2.02164	2.37004
-2.01925	2.36265
-2.01687	2.35524
-2.01345	2.34816
-2.00996	2.34119
-2.00659	2.3341
-2.00334	2.32733
-2.00007	2.32099
-1.99695	2.31438
-1.99375	2.30759
-1.99041	2.30066
-1.98719	2.29351
-1.98399	2.28652
-1.98072	2.27947
-1.97747	2.27238
-1.97426	2.26565
-1.97062	2.25892
-1.9665	2.25222
-1.96233	2.24496
-1.95823	2.23775
-1.95419	2.23028
-1.9499	2.22318
-1.94556	2.21639
-1.94128	2.20947
-1.93709	2.20208
-1.93231	2.19478
-1.92754	2.18763
-1.92303	2.18038
-1.91828	2.17343
-1.914	2.16603
-1.91018	2.15803
-1.90661	2.15102
-1.9031	2.14319
-1.89964	2.1355
-1.89652	2.12742
-1.89319	2.1202
-1.88977	2.11308
-1.88603	2.10576
-1.88207	2.09889
-1.87812	2.09181
-1.87421	2.08468
-1.87033	2.0776
-1.86651	2.07077
-1.86251	2.06359
-1.85825	2.05565
-1.85388	2.04787
-1.85012	2.0405
-1.84631	2.03365
-1.84261	2.0264
-1.83882	2.02002
-1.83493	2.01426
-1.83161	2.00757
-1.82855	2.00139
-1.82578	1.99475
-1.82311	1.98743
-1.82052	1.97943
-1.81881	1.97145
-1.81724	1.96333
-1.81574	1.95555
-1.81393	1.94795
-1.81193	1.9403
-1.80992	1.93308
-1.80786	1.92588
-1.8059	1.91831
-1.80349	1.91106
-1.8005	1.9038
-1.79765	1.89658
-1.7947	1.88974
-1.79158	1.88278
-1.78825	1.87642
-1.78433	1.8696
-1.77992	1.86305
-1.77518	1.85673
-1.76995	1.85137
-1.76405	1.84612
-1.75795	1.84126
-1.75119	1.83694
-1.7438	1.83276
-1.7361	1.82944
-1.72823	1.82681
-1.72014	1.82492
-1.71212	1.82412
-1.70402	1.82406
-1.69624	1.82493
-1.68925	1.8266
-1.68239	1.82921
-1.67619	1.83243
-1.67013	1.8365
-1.66435	1.84117
-1.65854	1.84591
-1.65382	1.85165
-1.65011	1.85815
-1.64671	1.86478
-1.64361	1.87112
-1.64079	1.87777
-1.63842	1.88465
-1.6365	1.89195
-1.63513	1.89956
-1.63375	1.90759
-1.63241	1.91543
-1.63082	1.92349
-1.62963	1.93166
-1.62878	1.93984
-1.62844	1.94787
-1.62832	1.956
-1.62911	1.96368
-1.63005	1.97114
-1.63114	1.97852
-1.63232	1.98587
-1.63424	1.99327
-1.63613	2.00091
-1.63852	2.00799
-1.64082	2.015
-1.64263	2.0219
-1.64487	2.02893
-1.64691	2.03586
-1.64893	2.04359
-1.65098	2.05146
-1.65303	2.05919
-1.65528	2.06707
-1.65779	2.07421
-1.66034	2.08149
-1.66297	2.08868
-1.66531	2.09607
-1.66709	2.10341
-1.66873	2.11098
-1.67052	2.11882
-1.67255	2.12652
-1.67462	2.13436
-1.67658	2.14165
-1.67843	2.14903
-1.68014	2.15676
-1.68181	2.16437
-1.68362	2.17203
-1.68592	2.17907
-1.68834	2.18617
-1.69079	2.19336
-1.69336	2.20038
-1.69599	2.20763
-1.69784	2.21481
-1.69968	2.22203
-1.70199	2.22927
-1.70467	2.23657
-1.70738	2.24387
-1.70954	2.25107
-1.7119	2.2583
-1.71397	2.26516
-1.71599	2.27231
-1.71826	2.27953
-1.72033	2.28715
-1.72275	2.29513
-1.72509	2.303
-1.72743	2.31088
-1.73018	2.31883
-1.73302	2.32713
-1.73608	2.33491
-1.73889	2.34252
-1.74145	2.35001
-1.74406	2.35712
-1.74642	2.36427
-1.74885	2.37151
-1.75131	2.37878
-1.75394	2.38621
-1.75657	2.39363
-1.75911	2.40118
-1.76164	2.40875
-1.76421	2.41597
-1.76688	2.42331
-1.76948	2.43062
-1.77198	2.43782
-1.7745	2.44522
-1.77696	2.45245
-1.77929	2.45957
-1.78163	2.46675
-1.78351	2.47407
-1.78545	2.48139
-1.78788	2.48893
-1.79055	2.49639
-1.79315	2.50332
-1.79584	2.51007
-1.7985	2.51696
-1.80114	2.52397
-1.80376	2.5311
-1.80647	2.53821
-1.80917	2.54544
-1.81199	2.55277
-1.81473	2.56011
-1.81755	2.56784
-1.82021	2.57557
-1.82278	2.58303
-1.82539	2.59059
-1.82782	2.59772
-1.82994	2.60462
-1.83278	2.61123
-1.83557	2.61792
-1.83863	2.62438
-1.84161	2.63089
-1.84495	2.63704
-1.84783	2.64357
-1.85066	2.65028
-1.85324	2.65732
-1.8557	2.66489
-1.85822	2.67236
-1.86063	2.68015
-1.86267	2.68831
-1.86458	2.69602
-1.86629	2.70367
-1.86856	2.71161
-1.87077	2.71937
-1.87291	2.72716
-1.87509	2.73518
-1.87714	2.74296
-1.87902	2.75041
-1.88024	2.75801
-1.88055	2.76559
-1.88127	2.77423
-1.88196	2.78271
-1.88245	2.79126
-1.88287	2.8005
-1.88318	2.80951
-1.88415	2.81857
-1.88529	2.82726
-1.88619	2.83598
-1.88742	2.84446
-1.88887	2.8529
-1.88999	2.86136
-1.89132	2.87007
-1.89285	2.87885
-1.8939	2.88799

-1.89486	-2.88346
-1.8957	-2.87513
-1.89643	-2.8668
-1.89706	-2.85858
-1.89711	-2.85137
-1.89709	-2.84334
-1.89832	-2.83563
-1.89933	-2.82808
-1.90028	-2.82051
-1.90123	-2.81317
-1.90196	-2.80568
-1.9025	-2.79833
-1.90289	-2.78987
-1.90321	-2.78145
-1.90308	-2.77324
-1.90236	-2.76563
-1.90138	-2.75754
-1.90043	-2.74986
-1.89939	-2.74263
-1.89808	-2.73529
-1.89689	-2.72801
-1.89589	-2.72078
-1.89478	-2.71348
-1.89402	-2.70671
-1.89417	-2.69976
-1.89383	-2.69266
-1.89332	-2.68581
-1.89427	-2.67885
-1.89441	-2.67207
-1.89459	-2.66509
-1.89429	-2.6575
-1.89366	-2.64956
-1.89238	-2.64165
-1.89157	-2.63366
-1.89078	-2.6257
-1.89011	-2.61811
-1.88948	-2.61058
-1.88861	-2.60247
-1.88777	-2.59442
-1.88697	-2.58661
-1.88562	-2.57896
-1.88416	-2.57126
-1.88267	-2.56354
-1.88119	-2.55583
-1.87976	-2.54815
-1.87848	-2.54029
-1.87702	-2.53258
-1.87527	-2.52415
-1.8735	-2.51582
-1.87237	-2.50767
-1.87154	-2.49985
-1.87096	-2.49196
-1.87002	-2.48469
-1.86906	-2.47799
-1.86898	-2.47076
-1.86866	-2.46237
-1.86829	-2.45474
-1.86789	-2.44722
-1.86726	-2.4397
-1.86631	-2.43228
-1.86543	-2.4246
-1.8646	-2.4168
-1.86333	-2.40878
-1.86212	-2.40084
-1.86107	-2.39287
-1.8597	-2.38508
-1.85927	-2.37698
-1.85872	-2.36881
-1.85896	-2.36106
-1.85921	-2.35303
-1.85853	-2.34555
-1.85791	-2.33806
-1.85662	-2.33015
-1.85559	-2.32235
-1.85457	-2.31441
-1.85327	-2.30674
-1.85188	-2.29891
-1.85066	-2.29034
-1.84914	-2.28107
-1.84781	-2.27218
-1.84706	-2.26385
-1.84612	-2.25608
-1.84522	-2.24831
-1.84439	-2.2411
-1.8436	-2.23377
-1.84281	-2.22624
-1.84206	-2.21866
-1.84137	-2.21191
-1.84019	-2.20482
-1.839	-2.1976
-1.83795	-2.1903
-1.83684	-2.18324
-1.83592	-2.17604
-1.8352	-2.16867
-1.83445	-2.16172
-1.83396	-2.15375
-1.83326	-2.14639
-1.83239	-2.13923
-1.83157	-2.13201
-1.83107	-2.12481
-1.83054	-2.11735
-1.82998	-2.11001
-1.82925	-2.10275
-1.82843	-2.09567
-1.82763	-2.08843
-1.82665	-2.08115
-1.82515	-2.07426
-1.82373	-2.06678
-1.82265	-2.05929
-1.82148	-2.05208
-1.82011	-2.04501
-1.81908	-2.03792
-1.81767	-2.03009
-1.81723	-2.0232
-1.8167	-2.01621
-1.81618	-2.00895
-1.81623	-2.00191
-1.81672	-1.99412
-1.81697	-1.98587
-1.8174	-1.97833
-1.81751	-1.97075
-1.81751	-1.96305
-1.8176	-1.9555
-1.81776	-1.94767
-1.81792	-1.93984
-1.81828	-1.93161
-1.8183	-1.92333
-1.81768	-1.91543
-1.8165	-1.90734
-1.81561	-1.89897
-1.81472	-1.8903
-1.81384	-1.88147
-1.81261	-1.8722
-1.8119	-1.86408
-1.81124	-1.85652
-1.81038	-1.84879
-1.80922	-1.84056
-1.80826	-1.83235
-1.80784	-1.82438
-1.80733	-1.81571
-1.80698	-1.80715
-1.80654	-1.79861
-1.80638	-1.79061
-1.80598	-1.78268
-1.80626	-1.77512
-1.80488	-1.7671
-1.80318	-1.75931
-1.80145	-1.75204
-1.79996	-1.74494
-1.79807	-1.73724
-1.79642	-1.72934
-1.79396	-1.72205
-1.79156	-1.71464
-1.78862	-1.70762
-1.78479	-1.70152
-1.78109	-1.69509
-1.77732	-1.68869
-1.77347	-1.68219
-1.76923	-1.67543
-1.76488	-1.66895
-1.76093	-1.66285
-1.75701	-1.65654
-1.75353	-1.65053
-1.7504	-1.64449
-1.74734	-1.6382
-1.74409	-1.63208
-1.74087	-1.62612
-1.73765	-1.62007
-1.73438	-1.61358
-1.73114	-1.60682
-1.72806	-1.59997
-1.72452	-1.59335
-1.72105	-1.58645
-1.71706	-1.5788
-1.71336	-1.57041
-1.70999	-1.56196
-1.70689	-1.55372
-1.70401	-1.5457
-1.70135	-1.53795
-1.69921	-1.53057
-1.69701	-1.52351
-1.69539	-1.51641
-1.69399	-1.50845
-1.69123	-1.50024
-1.68886	-1.49319
-1.6862	-1.48592
-1.68354	-1.47837
-1.68084	-1.47116
-1.67839	-1.46383
-1.67593	-1.45624
-1.67359	-1.44865
-1.67135	-1.44156
-1.66925	-1.43429
-1.66687	-1.4282
-1.66532	-1.42234
-1.66322	-1.41539
-1.66119	-1.4083
-1.65931	-1.4015
-1.65848	-1.39462
-1.65751	-1.38764
-1.65628	-1.38001
-1.65524	-1.37216
-1.65418	-1.36498
-1.65318	-1.35757
-1.65228	-1.3501
-1.65134	-1.34283
-1.64994	-1.33646
-1.64841	-1.32973
-1.64723	-1.32277
-1.646	-1.31575
-1.64481	-1.30864
-1.64322	-1.30177
-1.64152	-1.29481
-1.63957	-1.28753
-1.63773	-1.27993
-1.63631	-1.27283
-1.63486	-1.26568
-1.63379	-1.2583
-1.63294	-1.25051
-1.63165	-1.24233
-1.63053	-1.23372
-1.62952	-1.22522
-1.62849	-1.21684
-1.62747	-1.20873
-1.62645	-1.20136
-1.626	-1.19368
-1.62646	-1.18567
-1.6265	-1.17758
-1.62683	-1.16966
-1.62778	-1.16221
-1.62916	-1.15429
-1.63075	-1.14642
-1.63221	-1.13927
-1.63407	-1.13125
-1.63662	-1.12317
-1.63892	-1.11593
-1.64051	-1.10863
-1.64196	-1.10123
-1.6435	-1.09379
-1.64422	-1.08655
-1.64512	-1.07912
-1.64595	-1.07117
-1.64658	-1.06316
-1.64698	-1.05498
-1.64697	-1.04714
-1.64653	-1.03893
-1.64598	-1.03082
-1.64555	-1.02254
-1.64504	-1.0146
-1.64536	-1.00647
-1.64582	-0.99833
-1.64644	-0.990588
-1.64716	-0.982832
-1.6481	-0.975264
-1.64852	-0.967709
-1.64847	-0.960027
-1.64844	-0.952497
-1.64838	-0.944971
-1.64808	-0.937766
-1.64778	-0.930649
-1.64761	-0.923492
-1.6473	-0.916574
-1.64705	-0.909504
-1.64679	-0.902383
-1.64576	-0.895202
-1.64456	-0.887913
-1.6436	-0.880626
-1.64262	-0.873101
-1.64194	-0.86613
-1.64102	-0.859202
-1.64015	-0.852028
-1.63934	-0.844681
-1.63884	-0.837078
-1.63851	-0.82964
-1.63856	-0.822568
-1.63859	-0.815404
-1.63842	-0.808743
-1.63777	-0.801689
-1.6373	-0.79454
-1.63716	-0.787388
-1.63684	-0.780735
-1.63623	-0.773524
-1.63565	-0.766638
-1.63531	-0.759613
-1.63523	-0.752163
-1.63517	-0.744627
-1.63527	-0.736894
-1.63519	-0.728789
-1.636	-0.721284
-1.63709	-0.713366
-1.63861	-0.705547
-1.64007	-0.697796
-1.64112	-0.690721
-1.64344	-0.683649
-1.6461	-0.676633
-1.64911	-0.669631
-1.65207	-0.662857
-1.65585	-0.655973
-1.65942	-0.648823
-1.66213	-0.641877
-1.6645	-0.63451
-1.667	-0.627055
-1.6697	-0.620161
-1.67227	-0.613132
-1.67489	-0.605813
-1.67758	-0.59774
-1.68056	-0.58937
-1.68322	-0.580578
-1.68531	-0.572282
-1.68733	-0.564007
-1.68947	-0.555869
-1.69114	-0.54813
-1.69283	-0.540473
-1.69474	-0.532635
-1.69657	-0.524538
-1.69821	-0.515967
-1.70059	-0.507401
-1.70287	-0.498945
-1.70504	-0.490655
-1.70698	-0.48257
-1.70842	-0.47469
-1.71043	-0.467272
-1.71236	-0.459795
-1.71419	-0.452225
-1.71601	-0.444684
-1.71838	-0.437393
-1.72083	-0.429671
-1.72351	-0.42192
-1.72626	-0.414084
-1.72884	-0.406254
-1.73163	-0.398735
-1.73369	-0.39099
-1.73524	-0.383267
-1.73693	-0.375715
-1.73878	-0.367275
-1.74014	-0.35888
-1.74178	-0.350465
-1.74275	-0.342146
-1.7434	-0.334192
-1.74389	-0.326239
-1.74428	-0.318272
-1.74509	-0.30986
-1.74585	-0.301216
-1.746	-0.293134
-1.74592	-0.284565
-1.74612	-0.275985
-1.74616	-0.26757
-1.74639	-0.259137
-1.746	-0.250469
-1.7455	-0.24181
-1.74456	-0.232996
-1.74312	-0.22438
-1.74145	-0.216291
-1.73968	-0.208464
-1.7376	-0.200597
-1.73527	-0.192867
-1.73256	-0.185311
-1.73027	-0.17836
-1.72751	-0.172254
-1.72438	-0.166408
-1.72112	-0.160371
-1.71773	-0.154237
-1.71329	-0.148209
-1.70865	-0.14213
-1.704	-0.135646
-1.69918	-0.12915
-1.69439	-0.122355
-1.69006	-0.1153
-1.68568	-0.107777
-1.68182	-0.100894
-1.67792	-0.0940192
-1.6741	-0.0871269
-1.67008	-0.0807488
-1.66606	-0.0740257
-1.66135	-0.0675504
-1.65679	-0.0612099
-1.65219	-0.0547307
-1.64745	-0.0476642
-1.64271	-0.0412031
-1.63791	-0.0347587
-1.63332	-0.0282148
-1.62821	-0.0212256
-1.62356	-0.0146615
-1.61894	-0.00810647
-1.61437	-0.00149968
-1.60984	0.00509763
-1.6058	0.0127039
-1.60112	0.0196626
-1.59633	0.0269363
-1.592	0.034843
-1.58786	0.0424742
-1.58395	0.0500607
-1.58013	0.0576906
-1.5764	0.0648864
-1.57332	0.0719549
-1.56977	0.0792285
-1.56585	0.0865412
-1.56262	0.0933514
-1.55911	0.0999776
-1.55531	0.106262
-1.55201	0.112942
-1.54852	0.119176
-1.54471	0.125813
-1.54094	0.132475
-1.53737	0.139102
-1.53367	0.145854
-1.5298	0.15259
-1.52597	0.159324
-1.52254	0.166258
-1.51927	0.173076
-1.51502	0.180135
-1.51073	0.187079
-1.50665	0.19409
-1.50362	0.200942
-1.50099	0.208144
-1.49987	0.215891
-1.50165	0.224194
-1.50364	0.232314
-1.50709	0.239727
-1.51074	0.246936
-1.51481	0.253572
-1.51914	0.260115
-1.52356	0.266816
-1.52814	0.27377
-1.53276	0.280666
-1.53742	0.287356
-1.54201	0.294039
-1.54657	0.3007
-1.5501	0.308011
-1.55381	0.315055
