0.00117303	0.00116387
0.00252148	0.00258596
0.00410678	0.0042713
0.00592886	0.00614114
0.00787534	0.00820263
0.00995157	0.0104515
0.0121666	0.0127708
0.0144639	0.0151724
0.0169084	0.0177338
0.0194256	0.0203828
0.0220357	0.0231664
0.0247387	0.0260462
0.0274939	0.0290156
0.030366	0.0320613
0.0333212	0.0351119
0.0363436	0.0382294
0.0394193	0.0413928
0.0424695	0.044582
0.0455588	0.047797
0.0486851	0.0510423
0.0519126	0.0543127
0.0552151	0.0575954
0.0585085	0.0608784
0.0618035	0.0641832
0.0651022	0.0675061
0.0684877	0.0708688
0.071858	0.0742601
0.0753071	0.0776191
0.0787683	0.0809848
0.0823661	0.0843054
0.0859678	0.0876838
0.0896166	0.0910334
0.0932673	0.0943698
0.09688	0.0977595
0.100493	0.101171
0.104153	0.104529
0.107823	0.10789
0.111467	0.111261
0.115119	0.114612
0.1188	0.117933
0.122507	0.121216
0.126231	0.124493
0.129947	0.127694
0.133665	0.130843
0.137385	0.133948
0.141102	0.137093
0.144803	0.140182
0.148455	0.14325
0.152117	0.146262
0.155773	0.149259
0.159421	0.152261
0.163128	0.155236
0.166957	0.158182
0.170795	0.161137
0.174582	0.164048
0.178412	0.166901
0.182275	0.16973
0.186166	0.172674
0.190058	0.175591
0.19395	0.178481
0.197842	0.181338
0.201705	0.184178
0.205632	0.186949
0.209549	0.189745
0.213457	0.192447
0.217364	0.195128
0.221275	0.197786
0.225196	0.200379
0.229103	0.203014
0.233002	0.205605
0.236851	0.208137
0.240723	0.210645
0.244597	0.21311
0.248482	0.215561
0.252376	0.218053
0.256352	0.220518
0.260395	0.222902
0.26445	0.225256
0.268554	0.227569
0.272676	0.229883
0.276879	0.232147
0.281074	0.234343
0.285315	0.236518
0.289556	0.238667
0.293806	0.240784
0.298121	0.242822
0.302435	0.244834
0.306708	0.246922
0.310952	0.249079
0.315195	0.251233
0.31948	0.253418
0.323834	0.255604
0.328186	0.257739
0.332523	0.259902
0.336901	0.262046
0.341269	0.264153
0.345614	0.266225
0.349963	0.268278
0.354357	0.270257
0.358767	0.272225
0.363192	0.274154
0.367645	0.2761
0.372112	0.278027
0.376452	0.279934
0.380796	0.281775
0.385175	0.283586
0.389568	0.285382
0.394051	0.287106
0.39855	0.288808
0.40305	0.290488
0.407537	0.292146
0.412042	0.293779
0.416561	0.295393
0.421141	0.297014
0.425774	0.298612
0.430351	0.300231
0.434946	0.30178
0.439479	0.303314
0.444025	0.304816
0.448602	0.306289
0.453231	0.307729
0.457897	0.309147
0.462578	0.310548
0.467269	0.311943
0.471972	0.313294
0.476697	0.314681
0.481405	0.316042
0.486101	0.317385
0.49083	0.318721
0.495591	0.320073
0.500382	0.3214
0.505204	0.322726
0.510024	0.324047
0.514834	0.32536
0.519649	0.326657
0.524441	0.327981
0.529217	0.329347
0.533995	0.330687
0.538764	0.331948
0.543438	0.333088
0.548074	0.33419
0.552711	0.335205
0.557411	0.336292
0.562141	0.337367
0.566874	0.338462
0.571677	0.339558
0.57647	0.340592
0.581275	0.341553
0.586071	0.342578
0.590943	0.34359
0.595819	0.344522
0.600695	0.345473
0.605625	0.346427
0.610589	0.347343
0.615603	0.348271
0.620672	0.349195
0.625723	0.350121
0.630766	0.351104
0.635752	0.352057
0.640723	0.353002
0.64571	0.353886
0.650614	0.354783
0.655538	0.355692
0.660488	0.356552
0.665408	0.357412
0.670329	0.35826
0.675175	0.359079
0.680064	0.359887
0.684903	0.36067
0.68975	0.361431
0.694601	0.36218
0.699455	0.362918
0.70427	0.363621
0.709088	0.364328
0.713883	0.365027
0.718727	0.365684
0.723544	0.36634
0.728378	0.367019
0.733217	0.367682
0.738046	0.368331
0.742885	0.368953
0.747725	0.369565
0.752542	0.370145
0.757332	0.370749
0.762159	0.371432
0.767003	0.372119
0.771867	0.372803
0.776741	0.373484
0.781609	0.374064
0.786491	0.37468
0.79142	0.375331
0.796337	0.375977
0.801303	0.376632
0.806264	0.377321
0.811208	0.378012
0.816203	0.378771
0.821215	0.379517
0.826233	0.380279
0.831238	0.381021
0.836128	0.381771
0.84098	0.382509
0.845761	0.38324
0.850563	0.383974
0.85538	0.384737
0.860223	0.385604
0.865072	0.386464
0.869948	0.387277
0.874827	0.38807
0.879729	0.388863
0.884636	0.389645
0.889547	0.390424
0.894439	0.391143
0.899355	0.391838
0.904273	0.392533
0.909247	0.393229
0.914222	0.393871
0.9192	0.39445
0.924221	0.39499
0.929266	0.395532
0.934301	0.39605
0.939349	0.396562
0.944458	0.397121
0.949583	0.397685
0.95465	0.398197
0.959709	0.398706
0.964813	0.399255
0.9699	0.399792
0.975006	0.400225
0.980103	0.40065
0.985176	0.401091
0.990223	0.401529
0.995338	0.401872
1.00045	0.402213
1.00553	0.40254
1.01063	0.40284
1.01573	0.403149
1.02074	0.403427
1.02576	0.403704
1.03081	0.403992
1.03581	0.40426
1.04087	0.404527
1.04591	0.404712
1.05098	0.404875
1.05598	0.405081
1.06105	0.405169
1.06614	0.405247
1.07124	0.405311
1.0763	0.405358
1.08136	0.405366
1.08642	0.405361
1.09153	0.405351
1.09663	0.405319
1.10174	0.405292
1.10685	0.405305
1.11197	0.405318
1.11713	0.405205
1.1223	0.405095
1.12744	0.404899
1.13252	0.404637
1.13766	0.404337
1.1428	0.404012
1.14794	0.403682
1.15303	0.403253
1.15807	0.402864
1.16311	0.402478
1.16816	0.402136
1.17321	0.401712
1.17826	0.401275
1.1833	0.400908
1.18836	0.400548
1.19342	0.400229
1.19846	0.399854
1.20358	0.399446
1.20874	0.399048
1.21384	0.398583
1.21898	0.398101
1.22413	0.397653
1.22929	0.397199
1.23444	0.39674
1.23959	0.396314
1.24474	0.395877
1.24992	0.39542
1.25511	0.394946
1.2603	0.394482
1.26545	0.394074
1.2706	0.393665
1.27575	0.393254
1.28098	0.392804
1.2862	0.39235
1.29142	0.391873
1.29663	0.391428
1.30182	0.390974
1.30698	0.390577
1.31208	0.390188
1.3172	0.389802
1.32232	0.389421
1.3274	0.389007
1.3324	0.38854
1.33741	0.38809
1.34242	0.387643
