0.995216	0.00493699
0.990531	0.0100047
0.985974	0.0154985
0.98162	0.0210705
0.976947	0.0268854
0.973087	0.0322852
0.969196	0.0381222
0.965495	0.0436247
0.962147	0.0498773
0.958878	0.05646
0.955646	0.0630902
0.953499	0.0708861
0.952027	0.0788543
0.95039	0.087054
0.94904	0.0960691
0.948494	0.104291
0.949223	0.112577
0.949612	0.119908
0.949719	0.126599
0.949647	0.13364
0.949818	0.140909
0.949848	0.148125
0.950756	0.155312
0.951601	0.162134
0.952708	0.169129
0.954268	0.176298
0.956005	0.183509
0.958216	0.190404
0.960641	0.197288
0.963148	0.203853
0.965889	0.210475
0.969862	0.217777
0.973826	0.226152
0.977	0.233751
0.980608	0.241196
0.983987	0.24844
0.987616	0.255705
0.991729	0.263048
0.995887	0.270321
1.0003	0.277624
1.00484	0.284987
1.00961	0.291757
1.01432	0.298914
1.01901	0.305839
1.02374	0.312358
1.02785	0.31878
1.03205	0.325209
1.03634	0.331803
1.04099	0.338584
1.04606	0.346067
1.05105	0.353333
1.05605	0.360331
1.0616	0.36715
1.06638	0.374405
1.07127	0.381589
1.07552	0.388163
1.07982	0.39452
1.08453	0.401143
1.08933	0.407515
1.09384	0.413148
1.09845	0.417979
1.10315	0.423112
1.10832	0.429144
1.11353	0.435126
1.1191	0.44106
1.12469	0.447256
1.13015	0.453803
1.13518	0.460085
1.14042	0.465878
1.14615	0.471972
1.15264	0.477623
1.15891	0.483104
1.16493	0.488701
1.17068	0.49373
1.17674	0.498224
1.18273	0.503006
1.18938	0.507261
1.19661	0.511801
1.2036	0.516794
1.21049	0.521542
1.21706	0.526589
1.22336	0.531549
1.22964	0.536624
1.23595	0.54166
1.24273	0.546567
1.24945	0.551416
1.25628	0.55642
1.26301	0.561369
1.26954	0.567019
1.27589	0.572777
1.282	0.578281
1.28761	0.583426
1.29322	0.588474
1.29914	0.593901
1.3049	0.599504
1.31067	0.605067
1.3166	0.6102
1.32288	0.61523
1.32863	0.620203
1.33423	0.625211
1.33988	0.630359
1.34501	0.635105
1.35017	0.639966
1.35541	0.645099
1.36118	0.650178
1.367	0.655236
1.37287	0.660287
1.3786	0.666235
1.38429	0.672107
1.38962	0.677936
1.39514	0.683939
1.40067	0.689851
1.40734	0.695599
1.41399	0.700775
1.42115	0.705851
1.42831	0.711091
1.4362	0.716627
1.4438	0.721957
1.45067	0.727839
1.45723	0.733536
1.46402	0.739197
1.47071	0.74477
1.4769	0.750414
1.48322	0.755788
1.48948	0.760876
1.49625	0.765748
1.50325	0.770039
1.5103	0.774197
1.51736	0.778008
1.52384	0.782178
1.5302	0.786425
1.53653	0.790887
1.54399	0.795702
1.55127	0.80039
1.55884	0.805436
1.56654	0.810169
1.57403	0.814804
1.58136	0.819336
1.58828	0.824493
1.59541	0.829025
1.60241	0.833511
1.6094	0.838267
1.61707	0.843021
1.6245	0.847654
1.63233	0.851294
1.64024	0.854858
1.64794	0.858242
1.65579	0.861645
1.66402	0.864845
1.67196	0.868403
1.67998	0.872462
1.68799	0.876734
1.696	0.880701
1.70376	0.88468
1.7107	0.888899
1.71762	0.892959
1.72469	0.896833
1.73172	0.900234
1.73833	0.903829
1.7448	0.907377
1.74993	0.911073
1.75492	0.915273
1.75943	0.919005
1.76504	0.923279
1.77125	0.928011
1.77733	0.932769
1.78341	0.937224
1.78978	0.941557
1.79661	0.945936
1.80425	0.94997
1.81151	0.954753
1.81821	0.959317
1.82524	0.963594
1.83221	0.967757
1.83958	0.971444
1.84663	0.974925
1.85382	0.978468
1.86071	0.982172
1.8672	0.985518
1.87392	0.989691
1.88048	0.993796
1.88708	0.997792
1.89395	1.00152
1.90061	1.00529
1.90731	1.00911
1.91357	1.01241
1.91971	1.01588
1.92609	1.0195
1.93219	1.02327
1.93837	1.02721
1.94476	1.03076
1.95124	1.03438
1.95779	1.03806
1.96425	1.04186
1.97069	1.04499
1.97724	1.04822
1.98413	1.05156
1.99052	1.05485
1.9971	1.0584
2.00281	1.06203
2.00876	1.06588
2.01395	1.07066
2.0192	1.07486
2.02465	1.07918
2.03086	1.08344
2.03594	1.08773
2.04135	1.09129
2.04702	1.09495
2.05265	1.09821
2.05854	1.10174
2.0645	1.10545
2.07036	1.1093
2.07654	1.11317
2.08265	1.11761
2.08863	1.12237
2.09465	1.12706
2.1003	1.1313
2.10556	1.13556
2.11102	1.13949
2.11706	1.14394
2.12368	1.14876
2.13033	1.15365
2.13712	1.1594
2.14342	1.16473
2.14843	1.16992
2.15336	1.17553
2.15851	1.18052
2.164	1.18532
2.1697	1.19015
2.17551	1.19491
2.18134	1.19933
2.18751	1.20388
2.19393	1.2089
2.20005	1.21388
2.20518	1.21908
2.21043	1.22343
2.21563	1.22804
2.22106	1.23284
2.22642	1.23804
2.23178	1.24338
2.23752	1.24858
2.24354	1.25312
2.24972	1.25746
2.2571	1.26178
2.26471	1.2659
2.27226	1.27005
2.27968	1.27415
2.28718	1.2781
2.29476	1.28229
2.30209	1.28672
2.30803	1.29154
2.31397	1.2958
2.31997	1.29999
2.32608	1.30356
2.33252	1.30736
2.33893	1.31151
2.34513	1.31599
2.35149	1.32041
2.35796	1.32562
2.36453	1.33185
2.37092	1.33791
2.37724	1.34355
2.38351	1.34906
2.39022	1.35455
2.39629	1.35955
2.40208	1.36481
2.40822	1.37056
2.41429	1.37669
2.42032	1.38279
2.42629	1.38882
2.43238	1.39444
2.43847	1.39997
2.44438	1.40525
2.45063	1.41057
2.45631	1.41579
2.4622	1.42175
2.46776	1.42776
2.47334	1.43369
2.47778	1.43982
2.48261	1.44636
2.48807	1.45217
2.49349	1.45773
2.49848	1.46343
2.5036	1.46914
2.50858	1.47491
2.51426	1.48045
2.52007	1.48593
2.52557	1.49079
2.53145	1.49636
2.53745	1.50217
2.54415	1.50811
2.55087	1.5142
2.55759	1.52014
2.56401	1.52651
2.57017	1.53277
2.57685	1.53876
2.58342	1.54456
2.58968	1.54942
2.59596	1.55421
2.60218	1.55896
2.60835	1.56388
2.61372	1.56876
2.61936	1.57387
2.62586	1.5782
2.63204	1.58271
2.63819	1.58711
2.64466	1.59129
2.65108	1.596
2.65728	1.60076
2.66409	1.60588
2.67072	1.61106
2.67718	1.61636
2.68298	1.62105
2.68873	1.62588
2.69414	1.6309
2.69925	1.63628
2.70441	1.64177
2.70971	1.64747
2.71525	1.65287
2.72065	1.6577
2.72621	1.66255
2.7329	1.66714
2.73956	1.67175
2.74547	1.67629
2.75146	1.68085
2.75711	1.686
2.76278	1.69079
2.76856	1.69544
2.77448	1.70024
2.7807	1.70476
2.787	1.70915
2.79346	1.71341
2.79991	1.71781
2.8062	1.72225
2.8116	1.72696
2.81694	1.73161
2.82345	1.73643
2.82998	1.74084
2.83663	1.7453
2.84306	1.74963
2.84974	1.75401
2.85688	1.75821
2.86418	1.76245
2.87206	1.76624
2.87986	1.76988
2.88828	1.77363

-2.88408	1.77785
-2.87684	1.78213
-2.86077	1.77089
-2.84666	1.76085
-2.83415	1.75198
-2.82303	1.74474
-2.81293	1.73792
-2.80345	1.73104
-2.79465	1.7245
-2.78625	1.71819
-2.77884	1.71157
-2.77142	1.70559
-2.76391	1.69941
-2.75696	1.69342
-2.75074	1.68736
-2.74444	1.68261
-2.73751	1.67717
-2.73094	1.67189
-2.72446	1.66651
-2.7181	1.66144
-2.71174	1.65621
-2.70555	1.65027
-2.69937	1.64381
-2.6935	1.63721
-2.68893	1.6307
-2.68476	1.62421
-2.68062	1.61735
-2.67638	1.61067
-2.6722	1.60397
-2.66791	1.59642
-2.66406	1.59006
-2.65955	1.58333
-2.65464	1.5767
-2.64897	1.57
-2.64347	1.56363
-2.6381	1.55723
-2.63282	1.55082
-2.62755	1.54416
-2.62217	1.53731
-2.61693	1.53047
-2.61192	1.52378
-2.60713	1.51859
-2.60226	1.51335
-2.59751	1.50783
-2.59246	1.50162
-2.58733	1.49566
-2.58201	1.48947
-2.57667	1.484
-2.5712	1.47849
-2.56571	1.47291
-2.56031	1.46723
-2.55496	1.46156
-2.54962	1.45579
-2.54434	1.44988
-2.53941	1.44407
-2.53418	1.43835
-2.5288	1.43307
-2.52351	1.42765
-2.51827	1.42242
-2.51286	1.41653
-2.5075	1.41065
-2.50309	1.40469
-2.49871	1.39836
-2.4941	1.3922
-2.48964	1.38678
-2.48506	1.38071
-2.48058	1.37487
-2.47588	1.3693
-2.47115	1.3636
-2.46654	1.3576
-2.4616	1.35102
-2.45668	1.34453
-2.45191	1.3377
-2.44718	1.33095
-2.44277	1.32369
-2.43829	1.31582
-2.43399	1.3082
-2.43013	1.301
-2.42629	1.2935
-2.42264	1.28602
-2.4193	1.27882
-2.41592	1.27153
-2.41228	1.26414
-2.4087	1.25685
-2.40554	1.24985
-2.40273	1.24269
-2.39987	1.2355
-2.39717	1.22827
-2.39437	1.2211
-2.3915	1.21391
-2.38877	1.20694
-2.38586	1.1997
-2.38306	1.19202
-2.38046	1.18425
-2.37782	1.17649
-2.37517	1.16876
-2.37235	1.16108
-2.36962	1.15342
-2.36685	1.14586
-2.36449	1.13857
-2.36218	1.1315
-2.35992	1.12444
-2.35771	1.11725
-2.35557	1.11011
-2.35352	1.10254
-2.35173	1.09454
-2.34961	1.08623
-2.34738	1.07831
-2.34522	1.07016
-2.3429	1.06223
-2.34063	1.05433
-2.33861	1.0468
-2.33728	1.03879
-2.33636	1.03178
-2.3351	1.02431
-2.33372	1.01665
-2.33209	1.00917
-2.32973	1.00223
-2.32703	0.995435
-2.32418	0.988637
-2.32145	0.982088
-2.3184	0.975214
-2.31498	0.968551
-2.31162	0.962508
-2.30768	0.956131
-2.30346	0.950189
-2.29912	0.944107
-2.29536	0.937917
-2.29095	0.931724
-2.28682	0.925955
-2.28251	0.920016
-2.27813	0.913976
-2.27357	0.907857
-2.26912	0.901697
-2.26462	0.895303
-2.26023	0.888854
-2.25588	0.882753
-2.2524	0.87669
-2.24855	0.870602
-2.2445	0.864389
-2.24048	0.858279
-2.23603	0.851947
-2.23094	0.846078
-2.22574	0.840856
-2.22046	0.835588
-2.21476	0.830027
-2.20905	0.824485
-2.20333	0.819035
-2.19827	0.813658
-2.19374	0.808763
-2.18845	0.803667
-2.18267	0.79901
-2.17658	0.794064
-2.17034	0.789096
-2.16401	0.784171
-2.15779	0.779067
-2.15147	0.774511
-2.14533	0.769969
-2.13995	0.765533
-2.1344	0.761169
-2.12836	0.756711
-2.12222	0.752117
-2.11627	0.747422
-2.10971	0.743174
-2.10283	0.738495
-2.09597	0.733967
-2.08918	0.729557
-2.08231	0.726155
-2.07531	0.722373
-2.06792	0.718825
-2.06028	0.71579
-2.05234	0.712851
-2.04472	0.709436
-2.03737	0.705919
-2.03005	0.702396
-2.02284	0.698104
-2.01552	0.693924
-2.00857	0.690138
-2.00172	0.686376
-1.99517	0.682146
-1.9886	0.678029
-1.98187	0.673959
-1.97501	0.669838
-1.96826	0.665621
-1.96157	0.66143
-1.95457	0.657975
-1.9467	0.65372
-1.93902	0.649145
-1.93205	0.644179
-1.92601	0.639157
-1.91998	0.63425
-1.91367	0.628733
-1.90723	0.622699
-1.90103	0.616935
-1.89443	0.611191
-1.8876	0.605589
-1.88159	0.599955
-1.87575	0.594617
-1.87036	0.58944
-1.86479	0.58431
-1.85882	0.578788
-1.85384	0.57298
-1.84893	0.567225
-1.8441	0.561892
-1.83948	0.557488
-1.8344	0.552947
-1.82991	0.547668
-1.82439	0.542
-1.81842	0.536591
-1.81253	0.531181
-1.80678	0.525499
-1.80096	0.519907
-1.79508	0.514344
-1.7891	0.508845
-1.7831	0.503439
-1.77699	0.498625
-1.77024	0.494268
-1.76322	0.490334
-1.75634	0.487723
-1.74941	0.485301
-1.74249	0.483147
-1.7353	0.480968
-1.72792	0.478996
-1.72044	0.477188
-1.71258	0.476396
-1.70474	0.476094
-1.69715	0.476422
-1.68935	0.477175
-1.68192	0.478265
-1.67454	0.479566
-1.66712	0.481845
-1.65973	0.484321
-1.65246	0.487046
-1.64526	0.490023
-1.63784	0.493195
-1.63094	0.496879
-1.62411	0.500689
-1.61729	0.504537
-1.60927	0.509095
-1.60269	0.513127
-1.59601	0.517118
-1.58925	0.521213
-1.58247	0.525296
-1.57573	0.529415
-1.56897	0.533679
-1.56218	0.536799
-1.55588	0.539617
-1.54946	0.542512
-1.54288	0.545399
-1.53562	0.54774
-1.52859	0.550006
-1.52158	0.55136
-1.5138	0.552486
-1.50608	0.553486
-1.49859	0.55371
-1.49135	0.553097
-1.48378	0.551363
-1.47607	0.549352
-1.46888	0.547379
-1.46138	0.544174
-1.45389	0.540267
-1.44618	0.536504
-1.4388	0.532414
-1.43192	0.527973
-1.42524	0.523397
-1.41845	0.519212
-1.41194	0.514904
-1.40563	0.510536
-1.39947	0.506081
-1.39351	0.50141
-1.38773	0.496496
-1.38206	0.49156
-1.37712	0.485995
-1.37164	0.48006
-1.36605	0.474005
-1.36069	0.468168
-1.35559	0.462522
-1.34985	0.456292
-1.34363	0.449881
-1.33782	0.443453
-1.33223	0.436985
-1.3266	0.43057
-1.32113	0.423969
-1.31607	0.417385
-1.31115	0.410667
-1.3064	0.403759
-1.30158	0.396587
-1.29714	0.389422
-1.29295	0.382207
-1.28882	0.375404
-1.28519	0.368927
-1.28169	0.362888
-1.27831	0.356551
-1.27528	0.349858
-1.27245	0.343004
-1.26972	0.335911
-1.26666	0.328574
-1.2639	0.321164
-1.26192	0.313951
-1.26007	0.306549
-1.25875	0.299022
-1.25716	0.291277
-1.25558	0.283402
-1.25439	0.275249
-1.25364	0.267128
-1.25291	0.258312
-1.25253	0.249726
-1.25297	0.241186
-1.2537	0.232565
-1.25451	0.224534
-1.25549	0.216449
-1.25638	0.209593
-1.25711	0.202681
-1.25818	0.195875
-1.25944	0.188853
-1.26063	0.181908
-1.26171	0.17484
-1.26312	0.168064
-1.26508	0.16184
-1.26744	0.155564
-1.26992	0.149272
-1.27202	0.142879
-1.27414	0.136557
-1.2763	0.130448
-1.27836	0.124153
-1.28028	0.11785
-1.28317	0.110321
-1.28599	0.102728
-1.28862	0.0952182
-1.29152	0.0877928
-1.29463	0.0804315
-1.29771	0.0730732
-1.3015	0.0656001
-1.30554	0.0588886
-1.30955	0.052352
-1.31302	0.0455916
-1.31537	0.0386358
-1.31797	0.0313327
-1.32064	0.0234058
-1.32328	0.0151344
-1.32546	0.00710343
-1.32725	-0.000434157
-1.32897	-0.00821787
-1.33079	-0.0162421
-1.33221	-0.0240887
-1.33366	-0.0319114
-1.33516	-0.039495
-1.33666	-0.0470995
-1.33855	-0.0549406
-1.34045	-0.0628111
-1.34256	-0.0701966
-1.34456	-0.0780833
-1.34644	-0.0852162
-1.34811	-0.0930308
-1.35005	-0.100939
-1.35207	-0.108612
-1.35403	-0.115667
-1.35621	-0.12276
-1.3581	-0.129701
-1.36016	-0.136686
-1.36225	-0.144223
-1.36371	-0.151026
-1.36524	-0.15829
-1.3668	-0.165584
-1.36827	-0.173029
-1.37007	-0.180587
-1.37153	-0.1882
-1.3727	-0.195696
-1.3741	-0.203177
-1.37588	-0.210869
-1.37765	-0.218533
-1.37964	-0.227025
-1.38185	-0.235891
-1.38454	-0.243773
-1.38732	-0.252039
-1.39008	-0.260521
-1.3928	-0.26871
-1.39566	-0.276801
-1.39807	-0.2848
-1.40061	-0.292707
-1.40313	-0.300536
-1.40666	-0.309024
-1.41051	-0.316586
-1.41475	-0.324105
-1.41865	-0.331424
-1.42248	-0.338495
-1.42568	-0.345404
-1.4296	-0.352159
-1.43362	-0.35843
-1.43773	-0.364778
-1.44198	-0.371183
-1.44672	-0.377508
-1.45139	-0.38387
-1.4558	-0.389703
-1.45996	-0.395948
-1.46496	-0.402908
-1.46994	-0.410259
-1.47517	-0.41757
-1.47946	-0.42444
-1.48364	-0.431298
-1.48752	-0.437943
-1.49141	-0.444625
-1.49564	-0.45126
-1.49977	-0.457475
-1.5039	-0.463649
-1.50804	-0.469929
-1.51224	-0.476091
-1.5166	-0.482366
-1.52138	-0.488494
-1.52604	-0.494871
-1.53054	-0.5019
-1.53508	-0.508929
-1.53948	-0.515361
-1.54394	-0.522089
-1.548	-0.528125
-1.55263	-0.534421
-1.55724	-0.54062
-1.56187	-0.546534
-1.56612	-0.552782
-1.57035	-0.559076
-1.57456	-0.565701
-1.57849	-0.572307
-1.58246	-0.57919
-1.5862	-0.585876
-1.5901	-0.592216
-1.59382	-0.597432
-1.59765	-0.602516
-1.60215	-0.608019
-1.60654	-0.612897
-1.61141	-0.618297
-1.61594	-0.623687
-1.62002	-0.629102
-1.624	-0.634515
-1.62803	-0.640323
-1.63255	-0.645725
-1.63723	-0.65154
-1.64179	-0.657518
-1.64649	-0.663417
-1.65091	-0.669885
-1.65606	-0.676371
-1.66109	-0.683209
-1.66605	-0.689979
-1.67062	-0.696541
-1.67594	-0.703714
-1.68115	-0.71087
-1.68576	-0.718306
-1.69002	-0.72566
-1.69446	-0.732855
-1.69901	-0.7404
-1.70312	-0.747982
-1.70736	-0.755149
-1.71144	-0.761976
-1.71552	-0.768766
-1.7194	-0.775338
-1.72383	-0.782201
-1.72743	-0.788789
-1.73125	-0.796535
-1.73477	-0.804133
-1.7378	-0.811951
-1.74052	-0.819912
-1.74439	-0.827896
-1.74784	-0.836011
-1.75139	-0.844933
-1.75469	-0.853646
-1.75741	-0.862855
-1.76013	-0.8717
-1.76278	-0.880312
-1.76543	-0.888717
-1.76743	-0.896833
-1.76933	-0.905021
-1.77118	-0.912762
-1.77272	-0.920644
-1.77434	-0.92846
-1.77534	-0.935963
-1.7769	-0.943619
-1.77872	-0.950616
-1.78076	-0.957771
-1.78261	-0.965141
-1.78461	-0.972268
-1.78714	-0.979128
-1.79022	-0.987623
-1.79325	-0.995883
-1.7966	-1.00364
-1.79988	-1.01133
-1.80326	-1.01933
-1.80671	-1.02715
-1.81002	-1.03496
-1.81329	-1.04254
-1.81693	-1.05012
-1.82064	-1.05749
-1.82477	-1.06505
-1.8292	-1.07296
-1.83356	-1.08073
-1.83796	-1.0882
-1.84193	-1.09546
-1.84574	-1.10291
-1.84945	-1.11065
-1.85306	-1.11776
-1.85674	-1.12534
-1.86017	-1.1326
-1.8636	-1.14031
-1.86694	-1.14809
-1.87034	-1.15532
-1.87366	-1.16288
-1.87698	-1.17053
-1.88049	-1.17822
-1.8838	-1.18661
-1.88765	-1.19439
-1.89138	-1.20213
-1.89551	-1.20939
-1.89977	-1.21683
-1.90401	-1.22441
-1.90817	-1.23203
-1.91213	-1.23945
-1.91586	-1.2463
-1.91955	-1.25293
-1.92274	-1.25887
-1.92532	-1.26546
-1.92886	-1.27181
-1.93244	-1.27821
-1.93704	-1.285
-1.94193	-1.29157
-1.94667	-1.29829
-1.9515	-1.30566
-1.9563	-1.3129
-1.96048	-1.32034
-1.96459	-1.32775
-1.96893	-1.33483
-1.97326	-1.34189
-1.97687	-1.34842
-1.98004	-1.35463
-1.98356	-1.36033
-1.9862	-1.36684
-1.98906	-1.37309
-1.99157	-1.37966
-1.99431	-1.38639
-1.99718	-1.39346
-2.00039	-1.40103
-2.00361	-1.40852
-2.00687	-1.41602
-2.00972	-1.4241
-2.01292	-1.43222
-2.01609	-1.4402
-2.01923	-1.44804
-2.02246	-1.45564
-2.02572	-1.46318
-2.02869	-1.47068
-2.03167	-1.47822
-2.03452	-1.48571
-2.03743	-1.49328
-2.03962	-1.49991
-2.04194	-1.5066
-2.04436	-1.51295
-2.04709	-1.51926
-2.04995	-1.52572
-2.05301	-1.53227
-2.05588	-1.53952
-2.05851	-1.54676
-2.06075	-1.55501
-2.06289	-1.56289
-2.06528	-1.57128
-2.06768	-1.57948
-2.07013	-1.58709
-2.07285	-1.59496
-2.07564	-1.60273
-2.0784	-1.61046
-2.08132	-1.61827
-2.08512	-1.62627
-2.08879	-1.63412
-2.09257	-1.64184
-2.09667	-1.64989
-2.1003	-1.65793
-2.10458	-1.66635
-2.10862	-1.67539
-2.11254	-1.68405
-2.11618	-1.69226
-2.1194	-1.70019
-2.12302	-1.70821
-2.12576	-1.71578
-2.12818	-1.72338
-2.1307	-1.73091
-2.13315	-1.73817
-2.13585	-1.74532
-2.13862	-1.75265
-2.14171	-1.76016
-2.1442	-1.76842
-2.14647	-1.77648
-2.14889	-1.78458
-2.15172	-1.7914
-2.15444	-1.79804
-2.15696	-1.80503
-2.15963	-1.81197
-2.16204	-1.81883
-2.1651	-1.82595
-2.16814	-1.83316
-2.17097	-1.84059
-2.17387	-1.84775
-2.17773	-1.85572
-2.18154	-1.86369
-2.18452	-1.87211
-2.18718	-1.88003
-2.18997	-1.88787
-2.19226	-1.89533
-2.19449	-1.90268
-2.19663	-1.90989
-2.19857	-1.91822
-2.20041	-1.92638
-2.20307	-1.93436
-2.2056	-1.94218
-2.20837	-1.94957
-2.21148	-1.95712
-2.21428	-1.96474
-2.21737	-1.97257
-2.22051	-1.98015
-2.22301	-1.98719
-2.22572	-1.99384
-2.22955	-2.00058
-2.23335	-2.00738
-2.23723	-2.01435
-2.24125	-2.02129
-2.24521	-2.02839
-2.24976	-2.03606
-2.25424	-2.04351
-2.2585	-2.05095
-2.26258	-2.05779
-2.26615	-2.06412
-2.26972	-2.07047
-2.27299	-2.07664
-2.27631	-2.08282
-2.2799	-2.08913
-2.28358	-2.09548
-2.28718	-2.1019
-2.29047	-2.10819
-2.29352	-2.11422
-2.29676	-2.12077
-2.30001	-2.12823
-2.30271	-2.13589
-2.30534	-2.14326
-2.30816	-2.15063
-2.3104	-2.15858
-2.31283	-2.16658
-2.31526	-2.17428
-2.31723	-2.18202
-2.31914	-2.1898
-2.32106	-2.19759
-2.32283	-2.20587
-2.32425	-2.21411
-2.32612	-2.22221
-2.32768	-2.23072
-2.32886	-2.2393
-2.32985	-2.24778
-2.33082	-2.25613
-2.33163	-2.26425
-2.33252	-2.27214
-2.3335	-2.28002
-2.33418	-2.28771
-2.33465	-2.29551
-2.33542	-2.30369
-2.33603	-2.3123
-2.33626	-2.32119
-2.33711	-2.33012
-2.33788	-2.33829
-2.33863	-2.34644
-2.33978	-2.35446
-2.34076	-2.36172
-2.34172	-2.36904
-2.34316	-2.37612
-2.34473	-2.38403
-2.34631	-2.39189
-2.34845	-2.39926
-2.35041	-2.40662
-2.35187	-2.41413
-2.35408	-2.4222
-2.35642	-2.43042
-2.35892	-2.4388
-2.36096	-2.44767
-2.36341	-2.45628
-2.36566	-2.46467
-2.36776	-2.47272
-2.36983	-2.48071
-2.37156	-2.48878
-2.37314	-2.49715
-2.37478	-2.50505
-2.37632	-2.51315
-2.37784	-2.52103
-2.37919	-2.52898
-2.38028	-2.53694
-2.38094	-2.54522
-2.38148	-2.55323
-2.38194	-2.56134
-2.38334	-2.56919
-2.38464	-2.57709
-2.38603	-2.58561
-2.38763	-2.59345
-2.38957	-2.60143
-2.39071	-2.60989
-2.39213	-2.61718
-2.39348	-2.62448
-2.3949	-2.63184
-2.39643	-2.63928
-2.39767	-2.64747
-2.39879	-2.65498
-2.40007	-2.66282
-2.40135	-2.67066
-2.40259	-2.67852
-2.40377	-2.68657
-2.40518	-2.69445
-2.40659	-2.70232
-2.40809	-2.71027
-2.40981	-2.71819
-2.41155	-2.72594
-2.4129	-2.73346
-2.41372	-2.74052
-2.41368	-2.74766
-2.41428	-2.75538
-2.41378	-2.76321
-2.41343	-2.77104
-2.41321	-2.77839
-2.41295	-2.78627
-2.41269	-2.79415
-2.41238	-2.80184
-2.41186	-2.80973
-2.41157	-2.81765
-2.41078	-2.82589
-2.40987	-2.83418
-2.40839	-2.84208
-2.40709	-2.85007
-2.40585	-2.85752
-2.40516	-2.86478
-2.40511	-2.87285
-2.40516	-2.88119
-2.40634	-2.88913

-2.40758	2.88327
-2.40952	2.87478
-2.41139	2.86647
-2.41269	2.85837
-2.41356	2.84922
-2.41441	2.84048
-2.41471	2.83209
-2.41503	2.82368
-2.41462	2.81527
-2.41479	2.80641
-2.4142	2.79776
-2.41381	2.78918
-2.4133	2.78078
-2.41269	2.77278
-2.41148	2.76467
-2.41022	2.757
-2.4079	2.74851
-2.40504	2.74018
-2.40197	2.73107
-2.39883	2.7223
-2.39574	2.71375
-2.3933	2.70515
-2.39142	2.69692
-2.38903	2.68888
-2.38614	2.6812
-2.38315	2.67342
-2.38114	2.66532
-2.37897	2.6579
-2.37654	2.65122
-2.37398	2.64423
-2.37148	2.63708
-2.36902	2.63035
-2.36627	2.62356
-2.36376	2.61692
-2.36109	2.61087
-2.35838	2.60453
-2.35582	2.59769
-2.35312	2.59115
-2.35041	2.58426
-2.34659	2.57756
-2.34286	2.57077
-2.33924	2.5639
-2.33612	2.55769
-2.33313	2.55149
-2.32977	2.54493
-2.32647	2.53862
-2.32285	2.5313
-2.31923	2.5238
-2.31556	2.51635
-2.31224	2.50866
-2.30915	2.501
-2.30618	2.49339
-2.3022	2.48586
-2.29817	2.47888
-2.29404	2.47151
-2.29052	2.46365
-2.28682	2.45628
-2.28247	2.44941
-2.2788	2.44228
-2.27549	2.43529
-2.27259	2.42791
-2.2694	2.41976
-2.26725	2.41141
-2.26565	2.40283
-2.2639	2.39485
-2.26183	2.38641
-2.25964	2.37766
-2.25758	2.36929
-2.25581	2.36135
-2.25507	2.35337
-2.25434	2.34484
-2.25343	2.33677
-2.25216	2.32869
-2.25058	2.3207
-2.24879	2.31303
-2.24697	2.30518
-2.24548	2.29794
-2.24392	2.29069
-2.24227	2.28389
-2.24061	2.27676
-2.23913	2.26906
-2.23732	2.26161
-2.23567	2.25472
-2.23439	2.24777
-2.23306	2.24066
-2.23194	2.23364
-2.23082	2.22643
-2.22959	2.21905
-2.22769	2.21204
-2.22554	2.20505
-2.2231	2.19793
-2.22067	2.19066
-2.21804	2.18292
-2.21518	2.17487
-2.21266	2.16691
-2.21062	2.15862
-2.20857	2.1505
-2.20654	2.14239
-2.20472	2.13424
-2.20294	2.1258
-2.20112	2.11774
-2.1994	2.10902
-2.19819	2.10028
-2.19674	2.09135
-2.19557	2.08273
-2.19504	2.074
-2.19397	2.06478
-2.19321	2.05669
-2.19241	2.04863
-2.19125	2.04114
-2.19005	2.03333
-2.1888	2.02599
-2.18764	2.01832
-2.18693	2.01062
-2.18634	2.0024
-2.18589	1.99449
-2.18548	1.98657
-2.1851	1.97897
-2.18453	1.97163
-2.18404	1.96481
-2.18309	1.95783
-2.18207	1.95069
-2.18121	1.94344
-2.18057	1.93587
-2.17968	1.92875
-2.17859	1.92148
-2.17744	1.91443
-2.17618	1.90726
-2.17507	1.8997
-2.17399	1.89212
-2.17278	1.88488
-2.17287	1.87695
-2.1733	1.86773
-2.17323	1.8583
-2.17298	1.84917
-2.17224	1.84032
-2.17096	1.83267
-2.16892	1.82571
-2.16659	1.81881
-2.16394	1.81175
-2.16101	1.80438
-2.15834	1.79752
-2.15507	1.79079
-2.15178	1.78412
-2.14921	1.77736
-2.14683	1.76999
-2.14447	1.76261
-2.14214	1.75513
-2.14062	1.74692
-2.13898	1.73897
-2.13662	1.73199
-2.13468	1.72418
-2.13261	1.7163
-2.13054	1.70887
-2.12839	1.70132
-2.12577	1.69365
-2.12469	1.6868
-2.12298	1.68022
-2.12165	1.67371
-2.12015	1.66725
-2.11858	1.66033
-2.11695	1.65323
-2.11494	1.64594
-2.11303	1.63815
-2.11093	1.63005
-2.10898	1.62221
-2.10735	1.61415
-2.1065	1.60609
-2.10493	1.59697
-2.10254	1.58827
-2.09994	1.57975
-2.09768	1.57103
-2.0954	1.56314
-2.09313	1.55526
-2.09098	1.5474
-2.08859	1.53994
-2.08607	1.53249
-2.0822	1.52496
-2.07822	1.51729
-2.07466	1.50984
-2.07214	1.50336
-2.06943	1.49662
-2.06655	1.49089
-2.06314	1.48476
-2.06007	1.47829
-2.05657	1.47186
-2.05314	1.46536
-2.04968	1.45878
-2.04651	1.4522
-2.0428	1.44475
-2.03888	1.43713
-2.03501	1.42973
-2.031	1.42262
-2.02688	1.41533
-2.02279	1.40867
-2.01934	1.40174
-2.01551	1.39463
-2.01204	1.38761
-2.00839	1.38062
-2.00469	1.37361
-2.00038	1.36706
-1.99609	1.36046
-1.99169	1.35353
-1.98743	1.34632
-1.98357	1.33923
-1.97926	1.33228
-1.97504	1.32489
-1.97087	1.31825
-1.96684	1.31148
-1.96315	1.30561
-1.95876	1.2992
-1.95436	1.29295
-1.94996	1.28666
-1.94563	1.28032
-1.94135	1.27431
-1.93719	1.26822
-1.93303	1.26212
-1.92855	1.25563
-1.92538	1.24814
-1.92189	1.24072
-1.91843	1.23456
-1.91418	1.22902
-1.9095	1.22377
-1.904	1.2191
-1.89739	1.21538
-1.89009	1.21274
-1.88239	1.21036
-1.87451	1.20836
-1.86676	1.20628
-1.85912	1.20449
-1.85116	1.20326
-1.84339	1.2027
-1.83633	1.20307
-1.82954	1.20413
-1.82351	1.20538
-1.81745	1.20666
-1.81109	1.20823
-1.80454	1.21019
-1.79809	1.21322
-1.79177	1.21635
-1.7856	1.21964
-1.77946	1.22299
-1.7724	1.22624
-1.76504	1.22953
-1.7579	1.23326
-1.7518	1.23669
-1.7456	1.24103
-1.74012	1.24558
-1.73413	1.25063
-1.72809	1.2565
-1.72259	1.26265
-1.7166	1.269
-1.7111	1.27537
-1.70627	1.28134
-1.70164	1.28752
-1.69718	1.29396
-1.69337	1.29998
-1.68995	1.30566
-1.6865	1.31167
-1.68265	1.31704
-1.67842	1.32305
-1.67421	1.32934
-1.67042	1.33496
-1.66676	1.34114
-1.6631	1.34758
-1.65919	1.3551
-1.6553	1.36252
-1.65162	1.36955
-1.64819	1.37643
-1.64448	1.3833
-1.64165	1.39067
-1.63921	1.39836
-1.63663	1.40577
-1.63416	1.4142
-1.63176	1.42248
-1.62931	1.42977
-1.62721	1.43762
-1.62523	1.44562
-1.62383	1.45406
-1.62248	1.46237
-1.6209	1.4709
-1.61932	1.47932
-1.6177	1.48763
-1.61617	1.49579
-1.61504	1.50472
-1.61387	1.51347
-1.61284	1.52176
-1.61181	1.52948
-1.61126	1.53737
-1.61066	1.54526
-1.61003	1.55313
-1.60996	1.56013
-1.6101	1.56763
-1.6102	1.57522
-1.61028	1.58287
-1.6103	1.59059
-1.61015	1.5985
-1.61018	1.60638
-1.6103	1.61416
-1.61002	1.62225
-1.61068	1.63047
-1.61143	1.63869
-1.61277	1.64704
-1.61388	1.65489
-1.61519	1.66351
-1.61625	1.67212
-1.61827	1.68026
-1.62024	1.68832
-1.6219	1.69672
-1.62394	1.7054
-1.62628	1.71369
-1.62902	1.72187
-1.63119	1.73011
-1.63374	1.738
-1.63659	1.74574
-1.63904	1.75415
-1.64135	1.7622
-1.6436	1.7701
-1.64599	1.77813
-1.6486	1.78569
-1.65079	1.79302
-1.65255	1.80029
-1.65402	1.80782
-1.65551	1.81578
-1.65697	1.82363
-1.65825	1.83188
-1.65924	1.84003
-1.65979	1.84931
-1.66122	1.85778
-1.66253	1.86621
-1.66371	1.87449
-1.66505	1.88277
-1.66691	1.89105
-1.66896	1.89937
-1.67094	1.90782
-1.67265	1.91622
-1.67452	1.92454
-1.67639	1.93218
-1.67855	1.93989
-1.68052	1.94765
-1.68264	1.95536
-1.68459	1.96308
-1.68672	1.9706
-1.68884	1.97829
-1.6909	1.9861
-1.69278	1.99411
-1.69494	2.00176
-1.69752	2.00955
-1.70015	2.01737
-1.70267	2.02507
-1.70509	2.03231
-1.70771	2.03965
-1.71004	2.04652
-1.71225	2.05376
-1.71408	2.06083
-1.71598	2.06803
-1.71746	2.07551
-1.71863	2.08309
-1.7197	2.09023
-1.72016	2.09713
-1.72064	2.10441
-1.72113	2.11179
-1.72124	2.12004
-1.72157	2.12846
-1.72124	2.1366
-1.72075	2.14537
-1.72077	2.15426
-1.7213	2.163
-1.72191	2.17157
-1.7227	2.18011
-1.7235	2.18841
-1.72425	2.19675
-1.72463	2.2048
-1.72563	2.21332
-1.72615	2.22217
-1.72655	2.23039
-1.72731	2.23758
-1.7285	2.24515
-1.72956	2.25292
-1.73079	2.26138
-1.73204	2.2697
-1.73332	2.27773
-1.73545	2.28558
-1.73764	2.29329
-1.73965	2.30056
-1.74173	2.30788
-1.74363	2.31487
-1.74525	2.32195
-1.74704	2.32894
-1.7492	2.33556
-1.75141	2.34174
-1.75387	2.34838
-1.7562	2.35475
-1.75869	2.36109
-1.76194	2.36807
-1.76534	2.37515
-1.76789	2.38295
-1.77	2.38976
-1.77226	2.3968
-1.77403	2.40382
-1.77597	2.41036
-1.77807	2.41723
-1.78101	2.42471
-1.78361	2.43199
-1.78583	2.43916
-1.78811	2.44645
-1.79025	2.45389
-1.79311	2.46161
-1.79637	2.4692
-1.79915	2.47777
-1.8019	2.48597
-1.80426	2.49438
-1.80652	2.50271
-1.80862	2.5108
-1.8109	2.51881
-1.81316	2.52684
-1.81542	2.53452
-1.81758	2.54206
-1.81974	2.54923
-1.82169	2.55573
-1.82361	2.56269
-1.82546	2.56966
-1.82753	2.57657
-1.82935	2.58392
-1.83116	2.59132
-1.8329	2.59876
-1.83449	2.60625
-1.83625	2.61432
-1.83802	2.62238
-1.8398	2.63034
-1.8414	2.63836
-1.84299	2.64635
-1.84461	2.65513
-1.84586	2.66409
-1.84687	2.67241
-1.84868	2.6803
-1.85053	2.68847
-1.85273	2.69666
-1.85534	2.7041
-1.85814	2.71124
-1.86066	2.71805
-1.86326	2.725
-1.86578	2.73202
-1.86828	2.73843
-1.87076	2.74505
-1.87279	2.75179
-1.8754	2.75863
-1.87838	2.76581
-1.88193	2.77354
-1.88539	2.78124
-1.88845	2.78882
-1.8912	2.79626
-1.89342	2.80312
-1.89666	2.80971
-1.89923	2.81677
-1.9031	2.8241
-1.90671	2.83147
-1.91023	2.83935
-1.91369	2.84716
-1.91753	2.85505
-1.92081	2.86327
-1.92334	2.87156
-1.92579	2.88004
-1.9285	2.88843

-1.93094	-2.88407
-1.93332	-2.87588
-1.93583	-2.86736
-1.93841	-2.85912
-1.94127	-2.85125
-1.94422	-2.84314
-1.94716	-2.8351
-1.94992	-2.82765
-1.95254	-2.82001
-1.95494	-2.81238
-1.95734	-2.80466
-1.95946	-2.79622
-1.96115	-2.78743
-1.96257	-2.77885
-1.96369	-2.77025
-1.96466	-2.76195
-1.96571	-2.75392
-1.96671	-2.74592
-1.96631	-2.73795
-1.96583	-2.7297
-1.96537	-2.72138
-1.96509	-2.71296
-1.96475	-2.70476
-1.96419	-2.69622
-1.96373	-2.68789
-1.96328	-2.67967
-1.96289	-2.6716
-1.96209	-2.6635
-1.9614	-2.65591
-1.96084	-2.64858
-1.96008	-2.64161
-1.95959	-2.63398
-1.95989	-2.6267
-1.96007	-2.61938
-1.96045	-2.61162
-1.96062	-2.60402
-1.96072	-2.59662
-1.9601	-2.58875
-1.95931	-2.58105
-1.95854	-2.57319
-1.95765	-2.56522
-1.95694	-2.55691
-1.95659	-2.5494
-1.95585	-2.54238
-1.95497	-2.53508
-1.95367	-2.52724
-1.95228	-2.51944
-1.95097	-2.51213
-1.94977	-2.50482
-1.94932	-2.49702
-1.94903	-2.48947
-1.94813	-2.48211
-1.94756	-2.47521
-1.94713	-2.46784
-1.94673	-2.46059
-1.94617	-2.45317
-1.94643	-2.44482
-1.9466	-2.43619
-1.94706	-2.42813
-1.94781	-2.42039
-1.94867	-2.41262
-1.94931	-2.40508
-1.94979	-2.39739
-1.95004	-2.38979
-1.95043	-2.38253
-1.95065	-2.37476
-1.95167	-2.36662
-1.95233	-2.35802
-1.95292	-2.34966
-1.95346	-2.34112
-1.9536	-2.33288
-1.95373	-2.32473
-1.95383	-2.31667
-1.95405	-2.30865
-1.95421	-2.30048
-1.95435	-2.29239
-1.95445	-2.28435
-1.95451	-2.27633
-1.9553	-2.26768
-1.95597	-2.26002
-1.95631	-2.2522
-1.95688	-2.24428
-1.95725	-2.23625
-1.95761	-2.22825
-1.95752	-2.22037
-1.95755	-2.21283
-1.95734	-2.20519
-1.95747	-2.19768
-1.95742	-2.19002
-1.95708	-2.18219
-1.9567	-2.17435
-1.95598	-2.16633
-1.95499	-2.15865
-1.95404	-2.15095
-1.95397	-2.14381
-1.95411	-2.13642
-1.95428	-2.12921
-1.95433	-2.12181
-1.95439	-2.11408
-1.95437	-2.10605
-1.95433	-2.09803
-1.95425	-2.09003
-1.95479	-2.08235
-1.95489	-2.07466
-1.95484	-2.06681
-1.9548	-2.05897
-1.95472	-2.05129
-1.95489	-2.04372
-1.95488	-2.03533
-1.95399	-2.02769
-1.9525	-2.02011
-1.95049	-2.01237
-1.94831	-2.00398
-1.94644	-1.99575
-1.94512	-1.98748
-1.94303	-1.9788
-1.94108	-1.97035
-1.93922	-1.96203
-1.93735	-1.95369
-1.93541	-1.94572
-1.93369	-1.93762
-1.93201	-1.92959
-1.93017	-1.92123
-1.9285	-1.91305
-1.92681	-1.90499
-1.92546	-1.89651
-1.92345	-1.88871
-1.92179	-1.88107
-1.92055	-1.87274
-1.91976	-1.8643
-1.91917	-1.85591
-1.91895	-1.84811
-1.91871	-1.84014
-1.91847	-1.83196
-1.91782	-1.82278
-1.91718	-1.81381
-1.9167	-1.80477
-1.91636	-1.79609
-1.916	-1.78741
-1.91551	-1.77879
-1.91472	-1.77022
-1.91394	-1.7621
-1.91382	-1.75382
-1.9141	-1.74486
-1.9149	-1.73618
-1.91656	-1.72761
-1.91797	-1.7191
-1.91863	-1.7106
-1.91894	-1.70225
-1.91924	-1.69447
-1.91912	-1.68638
-1.91968	-1.67872
-1.92012	-1.67101
-1.9205	-1.66326
-1.92057	-1.65537
-1.9205	-1.64752
-1.92039	-1.63966
-1.92018	-1.63162
-1.91996	-1.62349
-1.91984	-1.61535
-1.91953	-1.60724
-1.91901	-1.59921
-1.91841	-1.59103
-1.91716	-1.58406
-1.91568	-1.57718
-1.91495	-1.57019
-1.91437	-1.56338
-1.9135	-1.55598
-1.91295	-1.54895
-1.91191	-1.54188
-1.91103	-1.53465
-1.91024	-1.52729
-1.90992	-1.51989
-1.90955	-1.51266
-1.90921	-1.50468
-1.90828	-1.49644
-1.90735	-1.48819
-1.90521	-1.48088
-1.90311	-1.47354
-1.90093	-1.46644
-1.89868	-1.45922
-1.8969	-1.45239
-1.89534	-1.44553
-1.89405	-1.43856
-1.8924	-1.43107
-1.89142	-1.42354
-1.89027	-1.41575
-1.88891	-1.40785
-1.88775	-1.39985
-1.88631	-1.39186
-1.88491	-1.384
-1.8838	-1.3763
-1.88259	-1.36878
-1.88135	-1.36076
-1.88019	-1.35257
-1.87937	-1.34548
-1.87852	-1.33824
-1.87706	-1.33123
-1.87605	-1.32419
-1.87555	-1.31654
-1.87495	-1.30863
-1.87508	-1.30103
-1.8754	-1.29376
-1.87565	-1.28641
-1.87613	-1.2791
-1.87657	-1.27164
-1.87724	-1.26434
-1.87798	-1.25691
-1.87881	-1.24954
-1.87955	-1.24206
-1.88023	-1.2345
-1.88127	-1.2271
-1.88148	-1.21992
-1.88218	-1.21215
-1.88295	-1.20445
-1.88376	-1.19662
-1.88432	-1.18887
-1.88441	-1.18117
-1.88391	-1.17282
-1.88299	-1.16419
-1.88179	-1.15574
-1.88077	-1.14738
-1.87942	-1.13914
-1.87841	-1.13065
-1.87745	-1.12216
-1.8758	-1.1138
-1.87396	-1.10573
-1.87207	-1.09758
-1.86992	-1.08898
-1.868	-1.08052
-1.86702	-1.07201
-1.8661	-1.06383
-1.86581	-1.05582
-1.86511	-1.04792
-1.86397	-1.0406
-1.86232	-1.03283
-1.86123	-1.02505
-1.86016	-1.01723
-1.85911	-1.0095
-1.85865	-1.00181
-1.85792	-0.99433
-1.85705	-0.98691
-1.85648	-0.979851
-1.85589	-0.972639
-1.85482	-0.965812
-1.85371	-0.95858
-1.85238	-0.951071
-1.85107	-0.943502
-1.84924	-0.935952
-1.84744	-0.928327
-1.84583	-0.920638
-1.84429	-0.913146
-1.8427	-0.905678
-1.84115	-0.898137
-1.84013	-0.890749
-1.83865	-0.882769
-1.83721	-0.874926
-1.83605	-0.867038
-1.83429	-0.858659
-1.83277	-0.851023
-1.83153	-0.842299
-1.83054	-0.833922
-1.82889	-0.826731
-1.82728	-0.819343
-1.8254	-0.811942
-1.82381	-0.804548
-1.82202	-0.796412
-1.82019	-0.788404
-1.81847	-0.780467
-1.81676	-0.77257
-1.81527	-0.764523
-1.81406	-0.757072
-1.8128	-0.749456
-1.81138	-0.741794
-1.81015	-0.734245
-1.80917	-0.72672
-1.8083	-0.718961
-1.80742	-0.710303
-1.80683	-0.701526
-1.80622	-0.693096
-1.80545	-0.683983
-1.80466	-0.674297
-1.80362	-0.664676
-1.80212	-0.655571
-1.80057	-0.646832
-1.79905	-0.638306
-1.79775	-0.630179
-1.79635	-0.621996
-1.796	-0.612904
-1.79598	-0.603683
-1.79557	-0.594393
-1.79563	-0.585983
-1.79573	-0.578576
-1.79582	-0.571447
-1.79529	-0.564525
-1.79465	-0.557563
-1.79307	-0.550147
-1.79153	-0.542551
-1.7898	-0.534505
-1.78776	-0.525949
-1.7858	-0.518108
-1.78406	-0.510332
-1.78243	-0.502537
-1.78078	-0.494918
-1.77913	-0.487258
-1.77766	-0.479962
-1.77621	-0.472251
-1.7748	-0.464529
-1.77417	-0.457013
-1.77438	-0.449007
-1.77445	-0.441011
-1.77462	-0.433201
-1.77482	-0.426094
-1.77483	-0.418571
-1.77467	-0.410812
-1.77407	-0.402991
-1.7738	-0.394563
-1.77302	-0.386146
-1.77242	-0.377782
-1.77154	-0.370643
-1.77007	-0.36328
-1.7683	-0.355031
-1.76626	-0.346899
-1.76436	-0.338916
-1.76158	-0.331369
-1.75874	-0.323404
-1.75568	-0.315445
-1.75249	-0.307582
-1.74981	-0.29993
-1.74721	-0.292365
-1.745	-0.284934
-1.74302	-0.276735
-1.74058	-0.268685
-1.73847	-0.261068
-1.73717	-0.253313
-1.73499	-0.245718
-1.73278	-0.238122
-1.73051	-0.230548
-1.72792	-0.222393
-1.72551	-0.214473
-1.7227	-0.206184
-1.71966	-0.197629
-1.71674	-0.189305
-1.71376	-0.181103
-1.71105	-0.172761
-1.70785	-0.164861
-1.70508	-0.157128
-1.70225	-0.149331
-1.69826	-0.14094
-1.69408	-0.132351
-1.6903	-0.123932
-1.68633	-0.116456
-1.6824	-0.109078
-1.67861	-0.10194
-1.67503	-0.0948348
-1.67143	-0.0876157
-1.66775	-0.0802644
-1.66343	-0.0737673
-1.65929	-0.0671339
-1.65491	-0.0609257
-1.65017	-0.0548057
-1.64547	-0.048513
-1.6411	-0.0415843
-1.63708	-0.0348629
-1.63268	-0.028192
-1.62852	-0.0215309
-1.62457	-0.0153009
-1.62066	-0.00894841
-1.61707	-0.00180384
-1.6137	0.00526732
-1.61005	0.0125014
-1.60576	0.0195527
-1.60209	0.0271561
-1.59858	0.0347015
-1.59549	0.0424005
-1.59246	0.050481
-1.58933	0.0581728
-1.58605	0.0661725
-1.58277	0.0740271
-1.57957	0.0819573
-1.57706	0.0895952
-1.57416	0.0974611
-1.57077	0.105156
-1.56736	0.112736
-1.56301	0.120059
-1.55902	0.127012
-1.55509	0.133917
-1.55156	0.140761
-1.54797	0.14764
-1.54405	0.154408
-1.5401	0.161199
-1.53647	0.168219
-1.53189	0.174812
-1.52799	0.181882
-1.5241	0.189093
-1.52022	0.196305
-1.51669	0.203835
-1.51314	0.211279
-1.50924	0.218946
-1.50563	0.226619
-1.50232	0.234814
-1.49891	0.242941
-1.49537	0.250827
-1.49194	0.259085
-1.48872	0.267055
-1.48547	0.27476
-1.48204	0.282486
-1.47851	0.290148
-1.47537	0.298058
-1.47201	0.305587
-1.46868	0.312939
-1.46504	0.319612
-1.46109	0.326217
-1.45757	0.333287
-1.45403	0.340258
-1.45057	0.347182
-1.44724	0.354036
-1.44387	0.360763
-1.44061	0.367261
-1.43803	0.372846
-1.43525	0.378567
-1.43225	0.384867
-1.42959	0.391445
-1.42714	0.397756
-1.42499	0.404692
-1.42259	0.411624
-1.42026	0.418666
-1.41687	0.425632
-1.41436	0.432655
-1.41168	0.439449
-1.40927	0.446299
-1.40706	0.453224
-1.40505	0.460118
-1.40371	0.467133
-1.40191	0.474123
-1.40035	0.481747
-1.39801	0.489489
-1.39553	0.497162
-1.39298	0.504867
-1.39023	0.5123
-1.38847	0.519609
-1.38666	0.526989
-1.38469	0.534431
-1.38298	0.542334
-1.38122	0.550037
-1.37893	0.55833
-1.37674	0.56644
-1.375	0.574497
-1.37391	0.581941
-1.37275	0.589657
-1.37217	0.597887
-1.37067	0.606036
-1.36915	0.613555
-1.3679	0.621252
-1.36575	0.628601
-1.36365	0.636021
-1.36184	0.644256
-1.36021	0.652087
-1.35909	0.660326
