0.103073	-0.048113
0.136921	-0.0607095
0.175764	-0.0689496
0.198133	-0.0787636
0.217059	-0.0857449
0.2328	-0.0912653
0.247399	-0.0963123
0.25789	-0.100882
0.270972	-0.110362
0.272547	-0.113963
0.277569	-0.116371
0.282133	-0.117787
0.278433	-0.127114
0.277755	-0.12574
0.274958	-0.123112
0.268441	-0.118016
0.262248	-0.11376
0.251328	-0.109471
0.238603	-0.105805
0.230505	-0.0953441
0.215285	-0.0879029
0.194757	-0.0824104
0.167961	-0.0692633
0.142745	-0.0554266
0.117023	-0.0429896
0.0759787	-0.0287832
0.0303534	-0.00653139
-0.0242357	0.0117711
-0.183859	0.0988819
-0.335352	0.185168
-0.445007	0.253598
-0.515581	0.293941
-0.568659	0.320726
-0.602325	0.345448
-0.634064	0.358289
-0.654134	0.368335
-0.674335	0.379072
-0.683649	0.374672
-0.670797	0.366223
-0.653709	0.355078
-0.643045	0.335953
-0.622388	0.329868
-0.605118	0.319781
-0.583336	0.310186
-0.560592	0.293466
-0.5379	0.28354
-0.517328	0.271095
-0.493937	0.260269
-0.462744	0.241809
-0.431586	0.216416
-0.392399	0.18928
-0.350291	0.161429
-0.301533	0.132993
-0.247059	0.099693
-0.181555	0.0622027
-0.108736	0.0206032
-0.0361668	-0.0199927
-0.0385139	-0.0781247
-0.0686707	-0.239523
-0.0767369	-0.407398
-0.0737266	-0.52075
-0.0578	-0.583529
-0.048174	-0.615607
-0.0421077	-0.636818
-0.0265327	-0.638405
-0.0225454	-0.642114
-0.00938361	-0.638264
-0.0101523	-0.638752
-0.00349626	-0.636362
0.00151466	-0.631854
0.00751302	-0.628407
0.0125054	-0.622986
0.0175928	-0.618041
0.0235667	-0.610926
0.0297397	-0.597751
0.0381593	-0.582124
0.047259	-0.557893
0.0550492	-0.536296
0.0626116	-0.517429
0.0691078	-0.504915
0.0705029	-0.502475
0.0749748	-0.497347
0.0849666	-0.492465
0.0916764	-0.496878
0.0951777	-0.491853
0.0929449	-0.487187
0.0850315	-0.481701
0.0902966	-0.474694
0.0921274	-0.467881
0.0889796	-0.454807
0.0880235	-0.441467
0.0895778	-0.427404
0.0879566	-0.41999
0.08709	-0.4114
0.0851062	-0.405007
0.0787308	-0.392701
0.0789018	-0.385143
0.0807624	-0.380087
0.0748086	-0.370716
0.0792838	-0.36122
0.0756628	-0.35528
0.0672867	-0.349332
0.0745048	-0.335812
0.0694674	-0.323903
0.0740811	-0.313195
0.0623587	-0.30112
0.057711	-0.287919
0.052829	-0.275053
0.0476261	-0.261325
0.0454131	-0.249401
0.0343253	-0.225314
0.0287555	-0.212649
0.0226356	-0.191033
0.0224674	-0.174345
0.0137868	-0.153373
-0.000292119	-0.141651
-0.00547355	-0.11566
-0.0171038	-0.0924243
-0.0385441	-0.0681376
-0.0564443	-0.0730996
-0.0888756	-0.0783077
-0.134802	-0.0956709
-0.186401	-0.10686
-0.245884	-0.123819
-0.295661	-0.137714
-0.332132	-0.14478
-0.367528	-0.150967
-0.403229	-0.161645
-0.434093	-0.166759
-0.459204	-0.165705
-0.482793	-0.169313
-0.507527	-0.172127
-0.527308	-0.174267
-0.550608	-0.17946
-0.559678	-0.180328
-0.573819	-0.184938
-0.592696	-0.177332
-0.602157	-0.176252
-0.596976	-0.172527
-0.605031	-0.171968
-0.612325	-0.170891
-0.621186	-0.168875
-0.630971	-0.172114
-0.625808	-0.167826
-0.616769	-0.163021
-0.6144	-0.162635
-0.614132	-0.14932
-0.617169	-0.149819
-0.616981	-0.145482
-0.618578	-0.140181
-0.617811	-0.141383
-0.613116	-0.144362
-0.612338	-0.136773
-0.611715	-0.141452
-0.610782	-0.139183
-0.610648	-0.137721
-0.615937	-0.141751
-0.615472	-0.137534
-0.602141	-0.141946
-0.599058	-0.141711
-0.595646	-0.139992
-0.591007	-0.137406
-0.588713	-0.138804
-0.586185	-0.137308
-0.584636	-0.135159
-0.583488	-0.14078
-0.579572	-0.138554
-0.572958	-0.127261
-0.566081	-0.134656
-0.562506	-0.133956
-0.560649	-0.132635
-0.554092	-0.12698
-0.537907	-0.125374
-0.505069	-0.125165
-0.472796	-0.129712
-0.444013	-0.135844
-0.42922	-0.140719
-0.423355	-0.1484
-0.42507	-0.152139
-0.438993	-0.159831
-0.445815	-0.166115
-0.445974	-0.169411
-0.447768	-0.178346
-0.452355	-0.183604
-0.453767	-0.185625
-0.452094	-0.196022
-0.455764	-0.204901
-0.455114	-0.201845
-0.457901	-0.206687
-0.460704	-0.211418
-0.457454	-0.218928
-0.46223	-0.228386
-0.463319	-0.233837
-0.463306	-0.239524
-0.466658	-0.248274
-0.468946	-0.257185
-0.466881	-0.251238
-0.468939	-0.260632
-0.468818	-0.263908
-0.465777	-0.269067
-0.467753	-0.28129
-0.468033	-0.283419
-0.467107	-0.285133
-0.465701	-0.288179
-0.463289	-0.286888
-0.460127	-0.290812
-0.457443	-0.295309
-0.453382	-0.300799
-0.451319	-0.30457
-0.452414	-0.310976
-0.447232	-0.318318
-0.442786	-0.317306
-0.441346	-0.323845
-0.43452	-0.320021
-0.438156	-0.32355
-0.437458	-0.315404
-0.437173	-0.310797
-0.434344	-0.314544
-0.427131	-0.318729
-0.424304	-0.324298
-0.418781	-0.329122
-0.417451	-0.341422
-0.410093	-0.337337
-0.402139	-0.341874
-0.387309	-0.353329
-0.379578	-0.358936
-0.379288	-0.36508
-0.377387	-0.370991
-0.376205	-0.376499
-0.373367	-0.376088
-0.375397	-0.387104
-0.370597	-0.399716
-0.367523	-0.404013
-0.358186	-0.40626
-0.366225	-0.41329
-0.361775	-0.415654
-0.358004	-0.427164
-0.354643	-0.433578
-0.351735	-0.439278
-0.348028	-0.442486
-0.345801	-0.446819
-0.342552	-0.449791
-0.338403	-0.453055
-0.334696	-0.455961
-0.331714	-0.459061
-0.328093	-0.463017
-0.332976	-0.469986
-0.325294	-0.470096
-0.320756	-0.473396
-0.314104	-0.473582
-0.310184	-0.474679
-0.315661	-0.473838
-0.306329	-0.478507
-0.303421	-0.479107
-0.299399	-0.480958
-0.291912	-0.480218
-0.28727	-0.482869
-0.279837	-0.481081
-0.273639	-0.48108
-0.273661	-0.481756
-0.271164	-0.482498
-0.267899	-0.485635
-0.263874	-0.487233
-0.261523	-0.491757
-0.261945	-0.493495
-0.261425	-0.494922
-0.251301	-0.502986
-0.252224	-0.508421
-0.25024	-0.512541
-0.2478	-0.516631
-0.240418	-0.513222
-0.230754	-0.509552
-0.227009	-0.510794
-0.228781	-0.512637
-0.211085	-0.510482
-0.208919	-0.512586
-0.205543	-0.514934
-0.200526	-0.516326
-0.195684	-0.517806
-0.193085	-0.518745
-0.193716	-0.52364
-0.19266	-0.524084
-0.190447	-0.523581
-0.188211	-0.523399
-0.184267	-0.527328
-0.187386	-0.522707
-0.189095	-0.524571
-0.189904	-0.516634
-0.182906	-0.513995
-0.183507	-0.524662
-0.174925	-0.534098
-0.170929	-0.52944
-0.173821	-0.530168
-0.172711	-0.529503
-0.174081	-0.519923
-0.170706	-0.512847
-0.166359	-0.515611
-0.165408	-0.516256
-0.164881	-0.515202
-0.165711	-0.515671
-0.159908	-0.515193
-0.152804	-0.513637
-0.151348	-0.517289
-0.151347	-0.516531
-0.152396	-0.520118
-0.152536	-0.519008
-0.149817	-0.518647
-0.147533	-0.514131
-0.147462	-0.514358
-0.148657	-0.510728
-0.147701	-0.513377
-0.150026	-0.514873
-0.155042	-0.511321
-0.155564	-0.508943
-0.149289	-0.504475
-0.156278	-0.498483
-0.152628	-0.495538
-0.153185	-0.484819
-0.153452	-0.483935
-0.155714	-0.483325
-0.15703	-0.483266
-0.158336	-0.481389
-0.162383	-0.479272
-0.16407	-0.477623
-0.169587	-0.477404
-0.174521	-0.476116
-0.174026	-0.477305
-0.175522	-0.475503
-0.18004	-0.473493
-0.183622	-0.472539
-0.189306	-0.473596
-0.188644	-0.473133
-0.19188	-0.471875
-0.195354	-0.469438
-0.198023	-0.463439
-0.201393	-0.460181
-0.205507	-0.456464
-0.209328	-0.456948
-0.20709	-0.456889
-0.210476	-0.458284
-0.211361	-0.45559
-0.21982	-0.455324
-0.22829	-0.453899
-0.225606	-0.458229
-0.223343	-0.454835
-0.226461	-0.453865
-0.230233	-0.453779
-0.233426	-0.452195
-0.240137	-0.45112
-0.247149	-0.44686
-0.250994	-0.443242
-0.262917	-0.442712
-0.262464	-0.439854
-0.262898	-0.439377
-0.267746	-0.442791
-0.269681	-0.437747
-0.275607	-0.43625
-0.277796	-0.434587
-0.288883	-0.424492
-0.296165	-0.421388
-0.296191	-0.418989
-0.296652	-0.419915
-0.307961	-0.423415
-0.311943	-0.422958
-0.321711	-0.421517
-0.326567	-0.421361
-0.337348	-0.413979
-0.338844	-0.409814
-0.349907	-0.399115
-0.35444	-0.395045
-0.358284	-0.393734
-0.358578	-0.394078
-0.363716	-0.395648
-0.373489	-0.396119
-0.379177	-0.393031
-0.377767	-0.390336
-0.379842	-0.384616
-0.387285	-0.382292
-0.390541	-0.384575
-0.391555	-0.38275
-0.393634	-0.379457
-0.402432	-0.375604
-0.404155	-0.369485
-0.40676	-0.36461
-0.403386	-0.361663
-0.403887	-0.360585
-0.405438	-0.3588
-0.412513	-0.353164
-0.412822	-0.355309
-0.414095	-0.348846
-0.421229	-0.344337
-0.431843	-0.340057
-0.43233	-0.338287
-0.433831	-0.338633
-0.427058	-0.337218
-0.429017	-0.335814
-0.430597	-0.334823
-0.430917	-0.332763
-0.427358	-0.336409
-0.42473	-0.324953
-0.423578	-0.328488
-0.426776	-0.32887
-0.427145	-0.328423
-0.426529	-0.331481
-0.425977	-0.329819
-0.422804	-0.330803
-0.423219	-0.327371
-0.418642	-0.318404
-0.418184	-0.317506
-0.417884	-0.306517
-0.411176	-0.312025
-0.404727	-0.309914
-0.402744	-0.307284
-0.406821	-0.307966
-0.401937	-0.304728
-0.40354	-0.29882
-0.403098	-0.300508
-0.40292	-0.298501
-0.402403	-0.299639
-0.399529	-0.303702
-0.396857	-0.30592
-0.396993	-0.307481
-0.392218	-0.309495
-0.391106	-0.313391
-0.392208	-0.318557
-0.391733	-0.320258
-0.390402	-0.318376
-0.389662	-0.320601
-0.393375	-0.329002
-0.388431	-0.338648
-0.387381	-0.342701
-0.384161	-0.3416
-0.38275	-0.346476
-0.380897	-0.34793
-0.379929	-0.344195
-0.376333	-0.338879
-0.375726	-0.345877
-0.373225	-0.355253
-0.371217	-0.359384
-0.36949	-0.361931
-0.366907	-0.361665
-0.364228	-0.360244
-0.362176	-0.362754
-0.366808	-0.360515
-0.366314	-0.362775
-0.369219	-0.360491
-0.365692	-0.361337
-0.356585	-0.360794
-0.354175	-0.36232
-0.354738	-0.362847
-0.351016	-0.362114
-0.359042	-0.36494
-0.351947	-0.369156
-0.344086	-0.372991
-0.342859	-0.376453
-0.343013	-0.371289
-0.337212	-0.381237
-0.334225	-0.386605
-0.334254	-0.390276
-0.325129	-0.390383
-0.326439	-0.392883
-0.324857	-0.396052
-0.321892	-0.406143
-0.318923	-0.41019
-0.313866	-0.424464
-0.302448	-0.431219
-0.30127	-0.431737
-0.300672	-0.437096
-0.301063	-0.437785
-0.300676	-0.43598
-0.294655	-0.440009
-0.287056	-0.437394
-0.284509	-0.444398
-0.277765	-0.449628
-0.280741	-0.453308
-0.278542	-0.454962
-0.269465	-0.463105
-0.268625	-0.473622
-0.264407	-0.477599
-0.255974	-0.476611
-0.249343	-0.474574
-0.247176	-0.473008
-0.24949	-0.478566
-0.250091	-0.48484
-0.244854	-0.489628
-0.242027	-0.484805
-0.239924	-0.487575
-0.247422	-0.487022
-0.2484	-0.488194
-0.246089	-0.490881
-0.238591	-0.499262
-0.242137	-0.494235
-0.239169	-0.493072
-0.2334	-0.496766
-0.230555	-0.497615
-0.227025	-0.500298
-0.226632	-0.496062
-0.227046	-0.493271
-0.222885	-0.491721
-0.219343	-0.484565
-0.218204	-0.48433
-0.216288	-0.484483
-0.217166	-0.482611
-0.213964	-0.482128
-0.214455	-0.47975
-0.214605	-0.47916
-0.21299	-0.477929
-0.208195	-0.480705
-0.205322	-0.48066
-0.215272	-0.488059
-0.213781	-0.486332
-0.213441	-0.484507
-0.213973	-0.478802
-0.219355	-0.486355
-0.21701	-0.48699
-0.213585	-0.487927
-0.213418	-0.48612
-0.207174	-0.478519
-0.208126	-0.49074
-0.20728	-0.489058
-0.205907	-0.486892
-0.218111	-0.483824
-0.22274	-0.483723
-0.219944	-0.481856
-0.21665	-0.482137
-0.216488	-0.479254
-0.213928	-0.474764
-0.214181	-0.472238
-0.202084	-0.470588
-0.204872	-0.465601
-0.21049	-0.4618
-0.20814	-0.452917
-0.208599	-0.453057
-0.210237	-0.45344
-0.213746	-0.449561
-0.223881	-0.447797
-0.227307	-0.447772
-0.229277	-0.448079
-0.232961	-0.447384
-0.23738	-0.448121
-0.240104	-0.447663
-0.24182	-0.448722
-0.234801	-0.456647
-0.24044	-0.451658
-0.242066	-0.452718
-0.252535	-0.451024
-0.25046	-0.4537
-0.251815	-0.456762
-0.248589	-0.452273
-0.247506	-0.450992
-0.253019	-0.450063
-0.250443	-0.455166
-0.25369	-0.461783
-0.252019	-0.459618
-0.253453	-0.457794
-0.251745	-0.458403
-0.257957	-0.45331
-0.258864	-0.450556
-0.25912	-0.450522
-0.261552	-0.450071
-0.267116	-0.4485
-0.273372	-0.444652
-0.276208	-0.44211
-0.279529	-0.439363
-0.286064	-0.430655
-0.287597	-0.428611
-0.28775	-0.429261
-0.293508	-0.425353
-0.292687	-0.425605
-0.300061	-0.431532
-0.301092	-0.429663
-0.306443	-0.428235
-0.30771	-0.426048
-0.302506	-0.423409
-0.301769	-0.422111
-0.300866	-0.423138
-0.310777	-0.416263
-0.312034	-0.413926
-0.30878	-0.414429
-0.311453	-0.412283
-0.314565	-0.411733
-0.322479	-0.409928
-0.324657	-0.408526
-0.328746	-0.404471
-0.330585	-0.402008
-0.333673	-0.395343
-0.336355	-0.394684
-0.33163	-0.396541
-0.33586	-0.396368
-0.337697	-0.391689
-0.344431	-0.386792
-0.347617	-0.390913
-0.351994	-0.388401
-0.351354	-0.385652
-0.361675	-0.389648
-0.37201	-0.392932
-0.374195	-0.388881
-0.374552	-0.386528
-0.378152	-0.385796
-0.380847	-0.386109
-0.379536	-0.381697
-0.383884	-0.376251
-0.38156	-0.382906
-0.385036	-0.380421
-0.387342	-0.374913
-0.394364	-0.366762
-0.396001	-0.363883
-0.398661	-0.365957
-0.39686	-0.362812
-0.397916	-0.360789
-0.398068	-0.358678
-0.391656	-0.359365
-0.394614	-0.357832
-0.394113	-0.360282
-0.388773	-0.356538
-0.389732	-0.362159
-0.392767	-0.362979
-0.397662	-0.354922
-0.395393	-0.363681
-0.395285	-0.361407
-0.403495	-0.358249
-0.402874	-0.356165
-0.406793	-0.35839
-0.405859	-0.356112
-0.402577	-0.354531
-0.404054	-0.353811
-0.406658	-0.357271
-0.405907	-0.351743
-0.406591	-0.350231
-0.408349	-0.34486
-0.411096	-0.349825
-0.408827	-0.353039
-0.412515	-0.354917
-0.408439	-0.351114
-0.402657	-0.347449
-0.401229	-0.345167
-0.403217	-0.340983
-0.404606	-0.339268
-0.402543	-0.339606
-0.399901	-0.341953
-0.393637	-0.33819
-0.39048	-0.335488
-0.391338	-0.34163
-0.390033	-0.340919
-0.392977	-0.333545
-0.392768	-0.329033
-0.393065	-0.334401
-0.386446	-0.33455
-0.381787	-0.335286
-0.380677	-0.337875
-0.375433	-0.339161
-0.3754	-0.343959
-0.375434	-0.343333
-0.374971	-0.337775
-0.377004	-0.33546
-0.377857	-0.335865
-0.376487	-0.335999
-0.372773	-0.335101
-0.369836	-0.347271
-0.368791	-0.34126
-0.368797	-0.341583
-0.371527	-0.339194
-0.369616	-0.345817
-0.365372	-0.341912
-0.364076	-0.343661
-0.358969	-0.344636
-0.352746	-0.345473
-0.347078	-0.347608
-0.34752	-0.349771
-0.349013	-0.351151
-0.350653	-0.352554
-0.346377	-0.350412
-0.345093	-0.350824
-0.345662	-0.354294
-0.344318	-0.358723
-0.337056	-0.360633
-0.335366	-0.367839
-0.334601	-0.37006
-0.32987	-0.371596
-0.332754	-0.378444
-0.331918	-0.381196
-0.33231	-0.389543
-0.329881	-0.38797
-0.327754	-0.395787
-0.328396	-0.397516
-0.327925	-0.400125
-0.322019	-0.405595
-0.323315	-0.406649
-0.326059	-0.405784
-0.326213	-0.39985
-0.324908	-0.402135
-0.326908	-0.404804
-0.320302	-0.402388
-0.325557	-0.403213
-0.33067	-0.412057
-0.322132	-0.419077
-0.320437	-0.420372
-0.313596	-0.425216
-0.311692	-0.426415
-0.309556	-0.428437
-0.313589	-0.427836
-0.311209	-0.428878
-0.308092	-0.426466
-0.305866	-0.427906
-0.308803	-0.428318
-0.307824	-0.428098
-0.305467	-0.431167
-0.290632	-0.432713
-0.284061	-0.429451
-0.282688	-0.432233
-0.288133	-0.432913
-0.286741	-0.434137
-0.285907	-0.426602
-0.287715	-0.431996
-0.284932	-0.425498
-0.285846	-0.425455
-0.284643	-0.427713
-0.28491	-0.428531
-0.286091	-0.428268
-0.287455	-0.432096
-0.29069	-0.429525
-0.291634	-0.425625
-0.291684	-0.43152
-0.285215	-0.432308
-0.283002	-0.433395
-0.286342	-0.436056
-0.28652	-0.445326
-0.285573	-0.448515
-0.285103	-0.451543
-0.280469	-0.451173
-0.272096	-0.454977
-0.269662	-0.453275
-0.268089	-0.458917
-0.266798	-0.460166
-0.263377	-0.462087
-0.255093	-0.459905
-0.248632	-0.45988
-0.246484	-0.461652
-0.243965	-0.463549
-0.246039	-0.462163
-0.244091	-0.464021
-0.24193	-0.465952
-0.237833	-0.467408
-0.236232	-0.469598
-0.233416	-0.4739
-0.228418	-0.477465
-0.234686	-0.476554
-0.232776	-0.478134
-0.230775	-0.478197
-0.225096	-0.484833
-0.22364	-0.482778
-0.222662	-0.484618
-0.221036	-0.485828
-0.219344	-0.485229
-0.217991	-0.485753
-0.214842	-0.48911
-0.215087	-0.490539
-0.209489	-0.491818
-0.203041	-0.493022
-0.199487	-0.487903
-0.199658	-0.488076
-0.189884	-0.485537
-0.185893	-0.484269
-0.184926	-0.487751
-0.179704	-0.49407
-0.177864	-0.498236
-0.173331	-0.503493
-0.170162	-0.50734
-0.168331	-0.510352
-0.168955	-0.511116
-0.17272	-0.512118
-0.171975	-0.514084
-0.172633	-0.514532
-0.171282	-0.513055
-0.165578	-0.513941
-0.161873	-0.50683
-0.171894	-0.505718
-0.168453	-0.505212
-0.166746	-0.499878
-0.164934	-0.500568
-0.165115	-0.50036
-0.162339	-0.501899
-0.165974	-0.506648
-0.16472	-0.503531
-0.15749	-0.501222
-0.156627	-0.504996
-0.163271	-0.500195
-0.161777	-0.498664
-0.165493	-0.49887
-0.165959	-0.499151
-0.166572	-0.498206
-0.159564	-0.499214
-0.158813	-0.497167
-0.163365	-0.493581
-0.16669	-0.496047
-0.169832	-0.493239
-0.170216	-0.491885
-0.172188	-0.489525
-0.17299	-0.48696
-0.171793	-0.48964
-0.179754	-0.497124
-0.17996	-0.496175
-0.1809	-0.495449
-0.183341	-0.490067
-0.180548	-0.487009
-0.185381	-0.486486
-0.1801	-0.486491
-0.181873	-0.47944
-0.182988	-0.48056
-0.186995	-0.477786
-0.189729	-0.482101
-0.189874	-0.479004
-0.191647	-0.480377
-0.188739	-0.473253
-0.18879	-0.473683
-0.18858	-0.475413
-0.194199	-0.472246
-0.1954	-0.472121
-0.199534	-0.472561
-0.199664	-0.472337
-0.204041	-0.47301
-0.211081	-0.467967
-0.212901	-0.467765
-0.215634	-0.465904
-0.209854	-0.458687
-0.214295	-0.458471
-0.222224	-0.463795
-0.223787	-0.458022
-0.221899	-0.454668
-0.224409	-0.45514
-0.235719	-0.461989
-0.234954	-0.457889
-0.238405	-0.453627
-0.238365	-0.450943
-0.237566	-0.448207
-0.236622	-0.445148
-0.238515	-0.447718
-0.243391	-0.448289
-0.244816	-0.455058
-0.246627	-0.457609
-0.248692	-0.458207
-0.246299	-0.457797
-0.247397	-0.453758
-0.249463	-0.453436
-0.250685	-0.452343
-0.253592	-0.457178
-0.245073	-0.455774
-0.24727	-0.455198
-0.253382	-0.451168
-0.254403	-0.445189
-0.256739	-0.445221
-0.261673	-0.451619
-0.268175	-0.449781
-0.274987	-0.44873
-0.276276	-0.447806
-0.277587	-0.448549
-0.280217	-0.447237
-0.281257	-0.445427
-0.291068	-0.43783
-0.29	-0.437569
-0.290207	-0.441452
-0.287962	-0.439675
-0.292044	-0.433484
-0.29437	-0.43277
-0.291261	-0.423735
-0.288062	-0.416616
-0.296194	-0.421008
-0.298808	-0.416815
-0.29677	-0.411302
-0.304184	-0.411724
-0.308195	-0.412139
-0.308414	-0.417515
-0.315973	-0.410431
-0.32223	-0.414358
-0.313718	-0.411689
-0.318423	-0.416848
-0.320487	-0.428767
-0.316367	-0.431263
-0.314428	-0.430697
-0.315759	-0.429944
-0.306938	-0.438094
-0.30194	-0.436128
-0.297775	-0.442922
-0.299807	-0.436652
-0.303036	-0.43527
-0.299201	-0.434523
-0.300844	-0.434638
-0.29932	-0.433427
-0.300074	-0.434026
-0.298632	-0.431569
-0.299521	-0.431203
-0.295769	-0.429808
-0.297513	-0.428005
-0.299581	-0.424882
-0.30496	-0.420715
-0.30395	-0.41818
-0.304663	-0.419159
-0.303499	-0.430566
-0.30448	-0.429829
-0.305022	-0.42539
-0.310769	-0.422085
-0.310867	-0.41364
-0.318132	-0.414312
-0.327963	-0.408244
-0.329284	-0.408303
-0.332488	-0.404302
-0.336283	-0.404369
-0.332082	-0.399146
-0.334694	-0.399277
-0.330911	-0.401541
-0.33652	-0.406991
-0.338368	-0.405988
-0.339205	-0.406776
-0.338971	-0.407486
-0.338187	-0.41925
-0.331447	-0.41537
-0.331223	-0.414852
-0.332681	-0.415455
-0.329808	-0.412652
-0.326002	-0.410437
-0.327519	-0.41166
-0.326908	-0.412021
-0.327857	-0.410541
-0.327848	-0.414529
-0.327652	-0.414846
-0.325273	-0.415258
-0.3254	-0.415082
-0.324537	-0.414967
-0.324642	-0.413294
-0.324215	-0.417261
-0.321478	-0.415692
-0.327334	-0.410946
-0.322152	-0.415828
-0.320782	-0.422792
-0.317724	-0.4227
-0.314743	-0.421413
-0.313095	-0.426441
-0.309897	-0.425244
-0.307726	-0.425327
-0.301098	-0.431028
-0.301158	-0.426871
-0.298095	-0.428711
-0.292043	-0.429431
-0.293406	-0.433328
-0.296138	-0.437338
-0.299978	-0.434609
-0.29763	-0.432392
-0.297253	-0.438349
-0.295345	-0.437395
-0.293927	-0.439074
-0.29141	-0.43916
-0.286742	-0.438889
-0.280752	-0.442883
-0.278477	-0.443753
-0.275786	-0.444586
-0.276738	-0.440456
-0.273572	-0.435436
-0.268695	-0.430224
-0.260487	-0.431982
-0.258681	-0.435388
-0.255269	-0.439778
-0.24921	-0.444565
-0.246637	-0.445459
-0.238641	-0.442191
-0.242392	-0.436574
-0.237424	-0.439224
-0.238097	-0.435249
-0.240859	-0.439118
-0.245891	-0.444902
-0.245124	-0.447636
-0.243851	-0.4497
-0.23967	-0.455087
-0.236139	-0.452194
-0.227183	-0.455979
-0.227189	-0.461069
-0.224337	-0.463773
-0.219759	-0.46326
-0.221434	-0.465941
-0.220781	-0.469818
-0.218715	-0.47415
-0.216741	-0.476933
-0.21417	-0.478297
-0.212161	-0.480894
-0.210554	-0.484482
-0.201102	-0.489889
-0.201538	-0.491343
-0.194021	-0.491682
-0.192164	-0.495927
-0.188247	-0.498453
-0.187021	-0.500822
-0.188074	-0.508455
-0.186953	-0.512429
-0.184051	-0.513768
-0.182712	-0.51852
-0.187025	-0.517868
-0.184019	-0.516998
-0.185069	-0.52175
-0.18179	-0.520031
-0.178307	-0.524308
-0.175851	-0.523635
