-0.10311	0.0990608
-0.111459	0.0910313
-0.112562	0.103024
-0.128142	0.105145
-0.138297	0.0984125
-0.140373	0.0909905
-0.157204	0.0732276
-0.158275	0.0592372
-0.155312	0.0501485
-0.157654	0.0460749
-0.151513	0.0461443
-0.160714	0.0272931
-0.161862	0.0205348
-0.154064	0.00450541
-0.148571	0.0101563
-0.148159	-0.000759798
-0.149514	-0.00504476
-0.151083	-0.00763031
-0.149825	-0.0145016
-0.148387	-0.00665828
-0.147613	-0.0360876
-0.14778	-0.0283986
-0.135484	-0.0492898
-0.148873	-0.0562055
-0.147421	-0.0589368
-0.143468	-0.0605498
-0.147715	-0.0657619
-0.152146	-0.0689076
-0.151342	-0.0689783
-0.148545	-0.0772776
-0.14628	-0.0802001
-0.149062	-0.0837437
-0.149536	-0.0847617
-0.145522	-0.0842372
-0.146774	-0.0852751
-0.146806	-0.0775521
-0.139512	-0.0809711
-0.137694	-0.0810366
-0.13485	-0.0864066
-0.129806	-0.0839345
-0.129905	-0.0851327
-0.128252	-0.0880403
-0.125476	-0.090407
-0.149031	-0.0904073
-0.13291	-0.0813885
-0.133534	-0.0781933
-0.144081	-0.0759181
-0.139489	-0.0796298
-0.140713	-0.0820095
-0.142727	-0.0798805
-0.142269	-0.081908
-0.137228	-0.0901765
-0.139035	-0.0830833
-0.13161	-0.0831368
-0.14553	-0.0810558
-0.140999	-0.0832647
-0.136712	-0.077324
-0.13886	-0.0812125
-0.124401	-0.0845139
-0.127045	-0.0886161
-0.126939	-0.0962115
-0.122791	-0.0993306
-0.135946	-0.105275
-0.13462	-0.105885
-0.120883	-0.104736
-0.115597	-0.113547
-0.114709	-0.113109
-0.108899	-0.119792
-0.100096	-0.103709
-0.0994949	-0.119667
-0.100278	-0.119635
-0.101027	-0.120077
-0.106533	-0.123875
-0.106236	-0.122486
-0.118174	-0.12333
-0.116712	-0.128825
-0.100547	-0.136346
-0.088244	-0.139633
-0.0948714	-0.144143
-0.0780911	-0.142981
-0.0747247	-0.147204
-0.0629545	-0.149707
-0.0563588	-0.139505
-0.0653989	-0.1447
-0.062872	-0.146449
-0.0575212	-0.14797
-0.0659309	-0.126153
-0.0692973	-0.137693
-0.0544035	-0.137819
-0.0462641	-0.150552
-0.0485989	-0.149617
-0.0518159	-0.147931
-0.0540143	-0.146157
-0.0643212	-0.123881
-0.0684036	-0.126416
-0.0701742	-0.128304
-0.0727	-0.12953
-0.070632	-0.129959
-0.0746138	-0.13244
-0.0602776	-0.146351
-0.0623306	-0.145144
-0.0636394	-0.144934
-0.0595194	-0.138316
-0.04754	-0.134407
-0.0493587	-0.15013
-0.0520466	-0.152456
-0.0524727	-0.152571
-0.0522193	-0.149789
-0.04597	-0.143065
-0.0351745	-0.150059
-0.0333526	-0.155538
-0.0172525	-0.160065
-0.0157176	-0.151587
-0.0136623	-0.154396
-0.0196495	-0.166129
-0.0237228	-0.162077
-0.0257361	-0.156141
-0.0351416	-0.16205
-0.0464244	-0.147572
-0.0443215	-0.154452
-0.0380831	-0.13875
-0.0520846	-0.163349
-0.0487206	-0.158372
-0.0497783	-0.143095
-0.0548556	-0.146715
-0.040843	-0.162292
-0.0565202	-0.170288
-0.0558557	-0.163697
-0.051478	-0.156633
-0.043015	-0.160494
-0.0327685	-0.151822
-0.037881	-0.151611
-0.0357675	-0.151091
-0.0374239	-0.159008
-0.0299596	-0.158883
-0.0375763	-0.155765
-0.0410745	-0.154123
-0.0444158	-0.15132
-0.0507807	-0.149241
-0.0686425	-0.138182
-0.0704487	-0.147209
-0.0809109	-0.166187
-0.081671	-0.157819
-0.0783705	-0.155073
-0.0817508	-0.153037
-0.0746982	-0.150549
-0.073844	-0.145944
-0.0781358	-0.140894
-0.0805942	-0.139787
-0.0797013	-0.146683
-0.0709298	-0.15485
-0.0697836	-0.148037
-0.0701152	-0.146913
-0.0768261	-0.145524
-0.0781356	-0.139319
-0.0826777	-0.137068
-0.0787434	-0.141097
-0.0753073	-0.138316
-0.068785	-0.132444
-0.0702298	-0.133046
-0.0534477	-0.129634
-0.0566835	-0.130685
-0.0637251	-0.129256
-0.0706773	-0.128903
-0.0822305	-0.131681
-0.07872	-0.134366
-0.0738636	-0.141102
-0.0768276	-0.136642
-0.0790311	-0.132894
-0.0787847	-0.132313
-0.0787983	-0.139189
-0.0744902	-0.150646
-0.0594084	-0.148943
-0.0646515	-0.149724
-0.0599844	-0.15348
-0.0665564	-0.148692
-0.0709383	-0.135646
-0.0701793	-0.138228
-0.0770105	-0.140973
-0.0785561	-0.136516
-0.089225	-0.132913
-0.0905239	-0.137144
-0.0944287	-0.141504
-0.0919791	-0.138596
-0.0931634	-0.133111
-0.0878751	-0.13365
-0.0888175	-0.127003
-0.0879957	-0.128714
-0.0816981	-0.115246
-0.0875404	-0.117757
-0.0891357	-0.119135
-0.0908462	-0.120165
-0.0825155	-0.131394
-0.0827873	-0.127772
-0.0647508	-0.139594
-0.0647627	-0.13395
-0.0712601	-0.132563
-0.0723945	-0.131513
-0.0737972	-0.131397
-0.066333	-0.153503
-0.0684127	-0.148585
-0.0689134	-0.146717
-0.0709256	-0.143602
-0.073086	-0.141911
-0.0819613	-0.142313
-0.089911	-0.141032
-0.0878136	-0.138505
-0.0914846	-0.137985
-0.0926313	-0.139139
-0.0889195	-0.137787
-0.0852287	-0.136941
-0.0895883	-0.134779
-0.0893794	-0.132242
-0.0895671	-0.142852
-0.0730662	-0.151019
-0.0644509	-0.150242
-0.0672958	-0.147097
-0.0671708	-0.144641
-0.0668791	-0.143694
-0.0730275	-0.153985
-0.0760203	-0.15062
-0.0690212	-0.144639
-0.0777417	-0.146664
-0.0720854	-0.14502
-0.075154	-0.133433
-0.0767516	-0.145764
-0.0794477	-0.131666
-0.0778342	-0.129408
-0.0801004	-0.135659
-0.0696225	-0.145108
-0.070596	-0.14597
-0.0631741	-0.150027
-0.0610139	-0.157937
-0.0628934	-0.154856
-0.0656766	-0.159074
-0.0623679	-0.165404
-0.064281	-0.160193
-0.0644408	-0.161355
-0.0581525	-0.151442
-0.0721676	-0.142194
-0.0716763	-0.142879
-0.0630662	-0.143318
-0.0722513	-0.133385
-0.0737279	-0.134175
-0.0758312	-0.123762
-0.0778318	-0.122439
-0.0755056	-0.128915
-0.0727276	-0.13754
-0.0725398	-0.137304
-0.0735269	-0.135906
-0.0732152	-0.126293
-0.0665507	-0.134767
-0.0708736	-0.13659
-0.06196	-0.12068
-0.0581014	-0.143624
-0.0710486	-0.143665
-0.0728357	-0.148115
-0.0779156	-0.126643
-0.0866586	-0.124129
-0.0883145	-0.126208
-0.0961208	-0.13691
-0.0971395	-0.140532
-0.0871813	-0.138255
-0.0740034	-0.137995
-0.0735784	-0.139987
-0.0774559	-0.139312
-0.0793124	-0.149706
-0.0788079	-0.146268
-0.0812548	-0.13114
-0.0824554	-0.131364
-0.0841625	-0.132845
-0.07828	-0.146629
-0.0797009	-0.143692
-0.0852231	-0.131762
-0.0980379	-0.140246
-0.110142	-0.151988
-0.103198	-0.148329
-0.0964271	-0.140828
-0.0945118	-0.137612
-0.0880865	-0.129732
-0.0854255	-0.132018
-0.0842742	-0.132197
-0.0784791	-0.139365
-0.0758169	-0.122579
-0.0680331	-0.135067
-0.0697367	-0.134092
-0.0740263	-0.125986
-0.0765377	-0.130522
-0.0880207	-0.118629
-0.0874256	-0.114846
-0.0749922	-0.107961
-0.0745234	-0.111084
-0.0765702	-0.132522
-0.0786811	-0.131926
-0.082465	-0.139127
-0.0883079	-0.135519
-0.0716887	-0.152615
-0.0736959	-0.151384
-0.0775817	-0.149226
-0.08499	-0.14879
-0.0849348	-0.146142
-0.0828825	-0.137984
-0.10038	-0.129854
-0.0949769	-0.133087
-0.0954656	-0.131769
-0.092054	-0.128792
-0.0928195	-0.120337
-0.0909158	-0.134715
-0.0925849	-0.134372
-0.0979729	-0.129157
-0.0970339	-0.126898
-0.094856	-0.125553
-0.0946371	-0.12493
-0.0929409	-0.130168
-0.0966105	-0.131524
-0.115799	-0.117382
-0.125072	-0.102955
-0.124095	-0.0983231
-0.121289	-0.101572
-0.111912	-0.109076
-0.11655	-0.127755
-0.114776	-0.123991
-0.101236	-0.134118
-0.0983314	-0.131628
-0.0998351	-0.133248
-0.100629	-0.137183
-0.0993386	-0.133915
-0.102486	-0.134187
-0.105902	-0.121449
-0.101766	-0.117866
-0.114238	-0.111949
-0.116143	-0.103535
-0.108891	-0.102564
-0.106705	-0.102288
-0.0916987	-0.115602
-0.094213	-0.114746
-0.100792	-0.120913
-0.107563	-0.106787
-0.102604	-0.0953338
-0.120055	-0.110005
-0.120934	-0.114733
-0.124451	-0.118257
-0.121804	-0.112027
-0.124068	-0.115816
-0.125229	-0.11088
-0.123037	-0.11092
-0.118606	-0.114782
-0.120915	-0.113057
-0.113325	-0.116304
-0.100516	-0.12046
-0.103416	-0.130702
-0.0891068	-0.137299
-0.0762031	-0.141391
-0.0691688	-0.141836
-0.0653338	-0.134831
-0.0600517	-0.134241
-0.0531363	-0.136611
-0.0409109	-0.143911
-0.0355033	-0.146964
-0.0263182	-0.15074
-0.0233661	-0.152043
-0.0170845	-0.1478
-0.0124366	-0.143801
-0.00530916	-0.152466
-0.000938017	-0.157215
-0.00690113	-0.143719
0.0081323	-0.150981
0.00702832	-0.146627
0.0172477	-0.153108
0.0163999	-0.146245
0.0176705	-0.146137
0.0265577	-0.147616
0.0181335	-0.144913
0.0162715	-0.145475
0.0129806	-0.159522
0.0292146	-0.150905
0.0228838	-0.159709
0.02604	-0.133078
0.0335818	-0.139752
0.0348015	-0.142628
0.0277278	-0.146051
0.0280587	-0.149852
0.0284496	-0.150828
0.0328051	-0.147453
0.0360819	-0.148749
0.0480408	-0.164133
0.0492544	-0.17109
0.0437458	-0.163564
0.0449127	-0.160895
0.0478726	-0.156419
0.0587602	-0.15847
0.0586131	-0.155912
0.0598309	-0.161831
0.0610997	-0.155577
0.0526806	-0.158221
0.0594795	-0.152626
0.0548854	-0.13394
0.0384073	-0.137516
0.0393198	-0.133623
0.0381029	-0.142463
0.036273	-0.131019
0.0260408	-0.137792
0.0124654	-0.154838
0.0159433	-0.156156
0.0181925	-0.157438
0.016719	-0.150733
0.0153082	-0.144368
0.0122866	-0.147839
0.0183155	-0.164726
0.0189924	-0.14267
0.0156421	-0.138654
0.0179934	-0.143161
0.0214483	-0.151318
0.0216408	-0.152706
0.013142	-0.162453
0.0270853	-0.161063
0.0374719	-0.162367
0.0315825	-0.154385
0.050267	-0.140905
0.0441444	-0.136295
0.0436513	-0.129058
0.0463251	-0.135876
0.0372102	-0.120313
0.0403432	-0.125895
0.0494931	-0.144962
0.0506593	-0.145568
0.0492303	-0.152446
0.0502666	-0.14564
0.0545729	-0.145849
0.0629725	-0.142349
0.0643438	-0.147076
0.0646772	-0.151862
0.0775735	-0.155201
0.0695331	-0.132736
0.0607015	-0.145866
0.0677569	-0.132115
0.0690504	-0.1394
0.0695365	-0.132499
0.0569799	-0.136455
0.0614412	-0.133379
0.0630737	-0.127441
0.0664671	-0.127749
0.0692477	-0.129572
0.0677599	-0.131203
0.064432	-0.133205
0.0726665	-0.140832
0.0789805	-0.149852
0.0903442	-0.141166
0.0912219	-0.143369
0.0814633	-0.141631
0.0782291	-0.136714
0.0819036	-0.136903
0.0813843	-0.13544
0.0808551	-0.135251
0.0785263	-0.133618
0.0707466	-0.132662
0.0744857	-0.142754
0.0539021	-0.140864
0.0557945	-0.138929
0.0719693	-0.139397
0.0672358	-0.148617
0.0574382	-0.147977
0.0642281	-0.150256
0.0461626	-0.154736
0.0292598	-0.171095
0.0248126	-0.173343
0.00970663	-0.17102
-0.00648797	-0.155896
-0.0203383	-0.154849
-0.0319335	-0.155637
-0.0321676	-0.15299
-0.0406709	-0.148626
-0.0546346	-0.136818
-0.0511906	-0.130038
-0.0542022	-0.127761
-0.0582241	-0.130179
-0.0496376	-0.143901
-0.04222	-0.147005
-0.030389	-0.142477
-0.0336763	-0.143663
-0.0339449	-0.131966
-0.0431759	-0.127684
-0.0523435	-0.126682
-0.0511973	-0.123452
-0.0497274	-0.123911
-0.0541194	-0.12403
-0.0560756	-0.127037
-0.0586949	-0.129728
-0.0630798	-0.131573
-0.0767591	-0.13077
-0.080488	-0.13052
-0.0887989	-0.146401
-0.0884895	-0.143386
-0.0871928	-0.135645
-0.0901415	-0.139878
-0.0904917	-0.135214
-0.091215	-0.131959
-0.0823761	-0.133893
-0.0779243	-0.141068
-0.105311	-0.15736
-0.100306	-0.14783
-0.0916716	-0.13531
-0.0919264	-0.139181
-0.0923633	-0.137068
-0.10194	-0.13224
-0.10182	-0.139698
-0.104144	-0.140272
-0.105631	-0.123862
-0.117355	-0.11655
-0.11728	-0.115057
-0.115194	-0.114842
-0.114891	-0.106355
-0.115165	-0.105427
-0.113415	-0.100678
-0.108181	-0.104336
-0.115384	-0.0915401
-0.100701	-0.0947451
-0.104493	-0.0994934
-0.10593	-0.105158
-0.102319	-0.108293
-0.115825	-0.0985398
-0.113102	-0.113874
-0.110645	-0.114715
-0.0958152	-0.114618
-0.0897053	-0.101017
-0.0968854	-0.103113
-0.105069	-0.111872
-0.114396	-0.0934325
-0.114567	-0.0967026
-0.112816	-0.102734
-0.119122	-0.122855
-0.115994	-0.121279
-0.113911	-0.123629
-0.120823	-0.119507
-0.122156	-0.115517
-0.118001	-0.114244
-0.107234	-0.0901974
-0.110749	-0.100265
-0.107256	-0.0805488
-0.108647	-0.0826435
-0.113472	-0.0862444
-0.108152	-0.0982759
-0.105869	-0.110712
-0.102329	-0.111914
-0.102249	-0.115126
-0.0968633	-0.118349
-0.0914424	-0.123614
-0.0910777	-0.109031
-0.0913692	-0.123976
-0.103223	-0.141596
-0.101147	-0.140145
-0.0914399	-0.139713
-0.0902055	-0.138274
-0.0820691	-0.132503
-0.080154	-0.12325
-0.0792482	-0.118212
-0.0867281	-0.122216
-0.0921319	-0.119012
-0.0790017	-0.120689
-0.0715397	-0.126606
-0.0742545	-0.125638
-0.0753768	-0.127904
-0.0782901	-0.117672
-0.08366	-0.12271
-0.0927951	-0.1377
-0.0828116	-0.138634
-0.0833111	-0.14542
-0.0795673	-0.148147
-0.077833	-0.146051
-0.0753638	-0.148006
-0.0758266	-0.147242
-0.0723973	-0.147484
-0.0745225	-0.141875
-0.0783355	-0.150748
-0.084507	-0.152602
-0.0778274	-0.13826
-0.0747657	-0.136834
-0.0751437	-0.137011
-0.08697	-0.146109
-0.0847173	-0.144613
-0.0725559	-0.143205
-0.0785172	-0.135392
-0.0850451	-0.143343
-0.0864841	-0.141288
-0.0852736	-0.14261
-0.0876236	-0.138908
-0.0894119	-0.145176
-0.0869271	-0.14542
-0.0761763	-0.142131
-0.0737049	-0.142532
-0.0716897	-0.144683
-0.0615329	-0.128141
-0.0687638	-0.135636
-0.0680364	-0.137298
-0.0667048	-0.13972
-0.0674298	-0.141541
-0.066852	-0.142651
-0.0786999	-0.149408
-0.0802362	-0.157198
-0.0767006	-0.147066
-0.0731373	-0.144456
-0.0759898	-0.147694
-0.0762832	-0.147866
-0.0772667	-0.151083
-0.0782888	-0.149012
-0.0781723	-0.15808
-0.0728424	-0.154748
-0.0667106	-0.159108
-0.0554605	-0.150553
-0.0530241	-0.145971
-0.0528985	-0.14708
-0.0660556	-0.140344
-0.0776379	-0.123023
-0.0632308	-0.118491
-0.0699267	-0.119346
-0.0686375	-0.118382
-0.071679	-0.121342
-0.0645548	-0.131789
-0.0615142	-0.133338
-0.0627191	-0.135257
-0.0604994	-0.132004
-0.0533226	-0.130092
-0.0499454	-0.127288
-0.0453008	-0.131688
-0.0458962	-0.135341
-0.0679426	-0.130713
-0.069455	-0.141237
-0.0637381	-0.139641
-0.0595127	-0.134955
-0.0565109	-0.126568
-0.0415144	-0.1379
-0.043118	-0.145879
-0.0433013	-0.144479
-0.0511125	-0.148229
-0.0444602	-0.175553
-0.0334502	-0.176626
-0.0334594	-0.170625
-0.0353003	-0.167667
-0.0291349	-0.158825
-0.0257806	-0.159478
-0.0195809	-0.168037
-0.0165254	-0.154002
-0.0237825	-0.155966
-0.0231371	-0.16063
-0.0213869	-0.15907
-0.0218323	-0.159412
-0.0224788	-0.163238
-0.00976724	-0.155968
-0.0079557	-0.15372
-0.0152282	-0.157237
-0.032028	-0.151498
-0.0376436	-0.148375
-0.0564891	-0.159929
-0.0483237	-0.161353
-0.0392343	-0.147541
-0.0474623	-0.145737
-0.0463439	-0.145424
-0.0417508	-0.147661
-0.0393057	-0.146777
-0.0376517	-0.154925
-0.0471346	-0.17133
-0.0465836	-0.162299
-0.0431098	-0.161023
-0.0420448	-0.159665
-0.038571	-0.163843
-0.0379794	-0.162174
-0.0371574	-0.159952
-0.0441659	-0.155089
-0.0458471	-0.155141
-0.0299451	-0.160274
-0.0245071	-0.173385
-0.0142707	-0.175154
-0.032103	-0.18975
-0.0331214	-0.189295
-0.0289495	-0.189347
-0.0270616	-0.177938
-0.0247057	-0.169505
-0.0182377	-0.167156
-0.0249141	-0.158023
-0.0364174	-0.143477
-0.0338933	-0.138821
-0.0233771	-0.141488
-0.0333506	-0.141655
-0.0364454	-0.147751
-0.0359421	-0.160545
-0.037302	-0.166095
-0.0356471	-0.160233
-0.0341983	-0.15847
-0.0319039	-0.158203
-0.049534	-0.160806
-0.0483099	-0.155923
-0.0480934	-0.145285
-0.0513627	-0.159546
-0.0506463	-0.156042
-0.0472354	-0.15494
-0.0396065	-0.148565
-0.0338783	-0.125664
-0.0232659	-0.127691
-0.0115141	-0.138101
-0.0348719	-0.137718
-0.0217956	-0.139781
-0.0149371	-0.136138
-0.0238299	-0.1345
-0.0215501	-0.145847
-0.025776	-0.148158
-0.0204003	-0.148611
-0.0210316	-0.153105
-0.0230329	-0.157561
-0.0202639	-0.163339
-0.0122426	-0.15944
-0.00797963	-0.154128
-0.0224307	-0.152008
-0.0195884	-0.152953
-0.0182598	-0.153122
-0.0152249	-0.158252
-0.0132078	-0.163711
-0.00992847	-0.152049
-0.00285096	-0.141003
-0.00264061	-0.145242
-0.00209062	-0.14159
-0.0015606	-0.143926
0.00279531	-0.152937
0.00200943	-0.153834
0.00382783	-0.152547
0.00684299	-0.16252
0.0147413	-0.169084
0.0105754	-0.169003
0.00535481	-0.166514
0.0117088	-0.159514
0.0194849	-0.15288
0.0161568	-0.153211
0.0257129	-0.154112
0.0322585	-0.157253
0.0213579	-0.131782
0.0221485	-0.142729
0.0202765	-0.146126
0.0269538	-0.148709
0.0231615	-0.144531
0.0168263	-0.148865
0.0158826	-0.148185
0.00859736	-0.157017
0.00344003	-0.162704
-0.00432939	-0.162475
-0.00736631	-0.164476
-0.0124921	-0.16095
9.00974e-05	-0.156178
-0.00282397	-0.158613
-0.00409121	-0.155307
-0.00501975	-0.156309
-0.0245913	-0.153402
-0.0303863	-0.155849
-0.0357856	-0.155991
-0.030112	-0.156645
-0.0331442	-0.155895
-0.0442979	-0.152779
-0.0576832	-0.174307
-0.0684456	-0.163873
-0.0643163	-0.163683
-0.0658886	-0.163739
-0.0608593	-0.157108
-0.0593412	-0.158802
-0.057692	-0.151467
-0.0435758	-0.158164
-0.0481212	-0.159954
-0.0589284	-0.163134
-0.0543507	-0.159291
-0.0456346	-0.17054
-0.0401946	-0.169122
-0.0311163	-0.174573
-0.0116102	-0.184835
-0.0223209	-0.190635
-0.0368856	-0.178379
-0.0327842	-0.155834
-0.0371517	-0.159687
-0.0464826	-0.154995
-0.0291873	-0.161859
-0.0217125	-0.168855
-0.0205994	-0.164057
-0.0371467	-0.157751
-0.0406015	-0.157528
-0.0377471	-0.166996
-0.0378064	-0.164305
-0.0304437	-0.165742
-0.0255121	-0.164925
-0.0234144	-0.167971
-0.00527521	-0.164744
-0.0080002	-0.173888
-0.0115319	-0.173792
-0.0112763	-0.170472
0.00359629	-0.168311
-0.00515261	-0.180506
-0.00369602	-0.171631
-0.00766254	-0.170223
-0.0179842	-0.170783
-0.0286679	-0.173445
-0.0282743	-0.167446
-0.0460871	-0.168493
-0.0509902	-0.168581
-0.0575048	-0.171412
-0.0351461	-0.146618
-0.0487212	-0.142158
-0.0275413	-0.143477
-0.0380965	-0.150865
-0.0458034	-0.131514
-0.0525196	-0.131129
-0.0489921	-0.135627
-0.0500197	-0.13744
-0.0437203	-0.14051
-0.0464498	-0.134627
-0.0469742	-0.137875
-0.04965	-0.136913
-0.0603354	-0.136229
-0.0589116	-0.137098
-0.0649653	-0.142436
-0.0702443	-0.162932
-0.0660687	-0.156738
-0.0656552	-0.153804
-0.0620557	-0.149044
-0.0636959	-0.148157
-0.0610398	-0.145355
-0.054993	-0.133862
-0.0569387	-0.149589
-0.0722234	-0.147117
-0.0695216	-0.146021
-0.0749975	-0.145472
-0.0785969	-0.141089
-0.0720763	-0.123097
-0.0753095	-0.122452
-0.0820076	-0.124052
-0.0900787	-0.123845
-0.0888492	-0.135234
-0.0912905	-0.134107
-0.0852309	-0.133594
-0.0985795	-0.120113
-0.099899	-0.123767
-0.10026	-0.130441
-0.0851332	-0.126798
-0.0780486	-0.11511
-0.0690519	-0.12141
-0.0811946	-0.130804
-0.0800047	-0.131181
-0.0759868	-0.141256
-0.0802575	-0.145912
-0.0799663	-0.142961
-0.0844236	-0.150092
-0.0787666	-0.149176
-0.0821448	-0.156744
-0.0836614	-0.153666
-0.0859464	-0.156182
-0.081195	-0.15484
-0.073948	-0.148075
-0.069235	-0.153424
-0.0633232	-0.150748
-0.0734954	-0.141892
-0.0774092	-0.135858
-0.0831997	-0.14674
-0.0828124	-0.141087
-0.0804079	-0.142451
-0.0820423	-0.13766
-0.0715743	-0.142091
-0.0913456	-0.151214
-0.084434	-0.152103
-0.0765111	-0.150593
-0.0582359	-0.150379
-0.0574464	-0.150034
-0.0580122	-0.150162
-0.0539246	-0.128141
-0.0571937	-0.120124
-0.0549378	-0.122685
-0.0434102	-0.12888
-0.0411304	-0.12189
-0.0235859	-0.120023
-0.0207329	-0.114387
-0.0293098	-0.117828
-0.0448284	-0.132655
-0.055563	-0.105657
-0.0617593	-0.121979
-0.0586776	-0.129973
-0.056914	-0.129585
-0.0562459	-0.132995
-0.0552124	-0.134212
-0.0656738	-0.140691
-0.0632832	-0.136262
-0.0441839	-0.14702
-0.0533121	-0.139303
-0.048439	-0.140354
-0.0466818	-0.142621
-0.0303762	-0.148128
-0.0403329	-0.148507
-0.0366634	-0.160245
-0.0316661	-0.146965
-0.0350134	-0.151458
-0.0359312	-0.150842
-0.0335599	-0.149209
-0.0194511	-0.159205
-0.0209321	-0.157656
-0.0163271	-0.167605
-0.00926595	-0.167845
-0.0157417	-0.158813
-0.0156531	-0.160923
-0.0173052	-0.155684
-0.0170047	-0.155463
-0.0170361	-0.146704
-0.0222956	-0.148001
-0.0139034	-0.156405
-0.0172845	-0.149133
-0.0222166	-0.148257
-0.0224864	-0.149314
-0.0246187	-0.150679
-0.0251554	-0.145628
-0.0213829	-0.130847
-0.0257018	-0.137409
-0.0383582	-0.13146
-0.0263051	-0.128466
-0.0279046	-0.128275
-0.028912	-0.128883
-0.0271483	-0.12975
-0.0203692	-0.13777
-0.0197897	-0.139277
-0.0130803	-0.150974
-0.0256175	-0.157041
-0.0346188	-0.160799
-0.0383881	-0.159973
-0.0334753	-0.156415
-0.0323062	-0.168667
-0.0424802	-0.177404
-0.0423741	-0.177526
-0.0507806	-0.170633
-0.0487439	-0.174499
-0.0479817	-0.169784
-0.0502668	-0.165542
-0.045199	-0.16583
-0.0480381	-0.16687
-0.0475484	-0.16422
-0.049982	-0.165946
-0.0496299	-0.16195
-0.0440813	-0.154247
-0.0452995	-0.14895
-0.0480629	-0.151104
-0.0504266	-0.139502
-0.0524305	-0.138435
-0.062613	-0.145264
-0.0658247	-0.157807
-0.0615606	-0.164973
-0.0588902	-0.158263
-0.0584097	-0.152724
-0.0421408	-0.152319
-0.043539	-0.154568
-0.0301573	-0.152245
-0.0277702	-0.146273
-0.0301668	-0.13871
-0.0318929	-0.141366
-0.0387925	-0.131128
-0.0401778	-0.13567
-0.0536299	-0.115953
-0.0605433	-0.129495
-0.0616152	-0.135115
-0.0456601	-0.138858
-0.0480081	-0.134155
-0.050957	-0.140841
-0.0473104	-0.144834
-0.0360218	-0.150132
-0.0548955	-0.149003
-0.0695394	-0.150187
-0.0631196	-0.153298
-0.0716046	-0.156249
-0.0805409	-0.161547
-0.0724748	-0.166356
-0.0662414	-0.160835
-0.0645337	-0.158167
-0.0622139	-0.157831
-0.0635782	-0.157974
-0.0672687	-0.160931
-0.0683475	-0.157562
-0.0671822	-0.154295
-0.0639706	-0.154853
-0.0638213	-0.174214
-0.0607899	-0.168594
-0.0566693	-0.16698
-0.0563288	-0.162935
-0.0564187	-0.158968
-0.0579865	-0.145418
-0.0600153	-0.145664
-0.0520246	-0.146347
-0.0556975	-0.132754
-0.0637264	-0.135719
-0.0597285	-0.139185
-0.0660255	-0.137556
-0.0663097	-0.138762
-0.0817698	-0.133681
-0.0807421	-0.144946
-0.081606	-0.137456
-0.082214	-0.141525
-0.0852855	-0.130831
-0.0919151	-0.133545
-0.0967287	-0.126554
-0.0925132	-0.132203
-0.0838673	-0.132697
-0.0829166	-0.130225
-0.0718243	-0.127289
-0.0773741	-0.131613
-0.076506	-0.133363
-0.0831633	-0.127784
-0.0706082	-0.129302
-0.0632271	-0.124627
-0.062746	-0.123962
-0.0528079	-0.123009
-0.0499977	-0.136293
-0.0546371	-0.13432
-0.0553727	-0.138144
-0.0563948	-0.142365
-0.045119	-0.148017
-0.0389783	-0.151677
-0.0328249	-0.160293
-0.0381252	-0.15232
-0.026027	-0.156304
-0.0262735	-0.156194
-0.0280803	-0.155358
-0.0306911	-0.1688
-0.0270458	-0.15854
-0.03231	-0.149395
-0.0337355	-0.147892
-0.0362914	-0.140156
-0.0516375	-0.141655
-0.0568094	-0.138313
-0.052662	-0.148637
-0.0526156	-0.150119
-0.0430888	-0.129949
-0.0471489	-0.134045
-0.0390699	-0.143818
-0.0578064	-0.155682
-0.0630397	-0.150954
-0.0627401	-0.150068
-0.0609905	-0.15046
-0.0717746	-0.14046
-0.0656275	-0.142115
-0.0600155	-0.135103
-0.0541563	-0.126988
-0.0592984	-0.130576
-0.0559895	-0.14399
-0.0622043	-0.143104
-0.0618647	-0.155545
-0.066462	-0.151548
-0.0623381	-0.15612
-0.0610982	-0.15174
-0.0639587	-0.149844
-0.0683352	-0.145892
-0.0676581	-0.145214
-0.0625568	-0.129796
-0.0715394	-0.134883
-0.0785624	-0.131692
-0.0616811	-0.13637
-0.0674518	-0.124567
-0.0691524	-0.126959
-0.0657124	-0.129056
-0.0674418	-0.132002
-0.0715178	-0.13554
-0.0811235	-0.139857
-0.0973088	-0.132042
-0.0889071	-0.131456
-0.0819813	-0.136248
-0.0806583	-0.136921
-0.0779985	-0.124396
-0.0773477	-0.127867
-0.0817772	-0.13181
-0.08214	-0.13636
-0.078888	-0.141826
-0.0598812	-0.140878
-0.0567824	-0.139729
-0.0502587	-0.142945
-0.0438787	-0.137969
-0.0327847	-0.141385
-0.0330359	-0.144618
-0.0476326	-0.137193
-0.0536095	-0.130471
-0.0476759	-0.144791
-0.0485875	-0.143924
-0.0468495	-0.149519
-0.0467617	-0.148221
-0.0508031	-0.142642
-0.0255283	-0.148434
-0.0123339	-0.142945
-0.0070692	-0.149094
-0.00701982	-0.156087
-0.00397857	-0.158703
0.00401645	-0.162338
-0.00360885	-0.164799
-0.00189546	-0.164328
-0.00600307	-0.17275
-7.18277e-05	-0.170055
0.00911027	-0.176858
0.0116989	-0.158841
0.0120452	-0.159288
0.0191661	-0.147579
0.0167487	-0.143439
0.0180373	-0.145596
0.013856	-0.153225
0.0159404	-0.147893
0.013923	-0.137006
0.00808064	-0.148526
0.0242934	-0.175148
0.0205383	-0.172868
0.0241523	-0.169077
0.0294454	-0.162075
0.0287106	-0.16258
0.0207652	-0.169302
0.0285755	-0.155379
0.032912	-0.165672
0.0427502	-0.162148
0.0406515	-0.157972
0.0410263	-0.157611
0.0396232	-0.156883
0.048886	-0.151638
0.043625	-0.153716
0.0224787	-0.158511
0.0201072	-0.149877
0.0194133	-0.149172
0.0187222	-0.152261
0.0255086	-0.153457
0.0210993	-0.164174
0.0200299	-0.160767
0.00285034	-0.1624
0.00928568	-0.145796
0.0139084	-0.163274
0.000492887	-0.150727
-0.00671874	-0.153838
0.00101768	-0.149682
0.00119782	-0.139264
-0.00576641	-0.143629
-0.00909499	-0.141274
-0.0104731	-0.147434
-0.00701894	-0.152965
-0.00953215	-0.156065
-0.00582394	-0.154318
-0.00084012	-0.162457
-0.00106129	-0.161139
0.00153186	-0.161287
-0.000550051	-0.161577
-0.000110218	-0.160714
0.00946287	-0.150582
0.00837113	-0.148035
0.00903653	-0.153812
0.00305077	-0.156394
0.00325998	-0.156649
-0.00438682	-0.148809
-0.00659211	-0.144387
-0.0163557	-0.145038
-0.0206844	-0.147744
-0.0203879	-0.14989
-0.0192334	-0.1524
-0.0180726	-0.153365
-0.0170826	-0.154658
-0.0366362	-0.158796
-0.0344093	-0.159471
-0.0215822	-0.155103
-0.0101478	-0.170034
-0.00635752	-0.173231
-0.00772865	-0.163316
0.00138568	-0.156629
0.00216875	-0.157517
-0.000350445	-0.158408
-0.0149678	-0.16495
9.70928e-06	-0.181502
0.00509923	-0.170454
0.00692107	-0.167644
0.00098468	-0.163876
0.0031628	-0.163695
0.00253715	-0.169865
0.0026806	-0.167029
-0.00629129	-0.178245
-0.00597173	-0.174602
-0.0076769	-0.179979
-0.00110738	-0.178287
-0.0114984	-0.178658
-0.0140579	-0.175755
-0.0192417	-0.16761
-0.00718872	-0.170125
-0.00651058	-0.168512
-0.00559245	-0.166006
0.000620733	-0.169258
-4.23651e-05	-0.178395
0.00169808	-0.174908
0.0100918	-0.160909
0.00218665	-0.166936
-0.00652182	-0.156104
-0.0215309	-0.164971
-0.0205332	-0.163078
-0.0227481	-0.155915
-0.0200978	-0.16164
-0.0166074	-0.160164
0.00597184	-0.171052
0.0121781	-0.171824
0.0106704	-0.172537
-0.00616492	-0.169596
-0.000616073	-0.168727
-0.00355564	-0.173137
-0.00343702	-0.169755
-0.00648728	-0.1648
0.00497728	-0.161683
0.000989604	-0.156288
0.00523658	-0.154279
0.00613063	-0.162689
-0.00126679	-0.159187
-0.000695008	-0.159852
0.00162889	-0.16231
-0.00573421	-0.153312
-0.0181307	-0.144962
-0.0140002	-0.149594
-0.0139989	-0.155494
-0.0133133	-0.149114
-0.00934105	-0.159869
-0.00720824	-0.146347
-0.00686897	-0.148491
-0.0139902	-0.150058
-0.014336	-0.151067
-0.00331435	-0.161505
-0.0026116	-0.156668
0.00141439	-0.158114
0.00635585	-0.155638
0.0101595	-0.152853
0.0103239	-0.154475
0.0103565	-0.149608
0.0023602	-0.155211
-0.0046719	-0.17535
-0.0084574	-0.170421
-0.00492352	-0.176642
0.000661187	-0.170474
0.000797124	-0.167977
0.00871124	-0.163874
0.00867836	-0.15657
0.00634281	-0.156638
0.0113774	-0.142598
0.0173882	-0.135652
0.00985253	-0.133983
-0.00148231	-0.13905
-0.000498064	-0.14244
-0.00616314	-0.125164
-0.0047005	-0.132742
-0.00478635	-0.138601
0.0126494	-0.137099
0.0191386	-0.133378
0.0247979	-0.152172
0.0265582	-0.160324
0.0262805	-0.145192
0.0196676	-0.156231
0.0125988	-0.155434
0.011525	-0.160323
0.0122053	-0.160293
0.0311024	-0.147366
0.0288724	-0.149165
0.0269306	-0.148472
0.0327921	-0.154677
0.0282131	-0.166405
0.0313342	-0.158982
0.0272079	-0.160575
0.0332742	-0.172907
0.0277742	-0.168567
0.0238472	-0.15546
0.00851055	-0.142733
0.00508664	-0.143272
0.00556548	-0.150366
0.0184835	-0.152171
0.00963167	-0.141946
0.0307409	-0.149021
0.0293359	-0.156578
0.0278043	-0.158541
0.0400304	-0.159518
0.02999	-0.163568
0.0247608	-0.162019
0.0217059	-0.162663
0.0200712	-0.172741
0.0242159	-0.170198
0.0212442	-0.173437
0.0151151	-0.163021
0.02264	-0.177093
0.00994268	-0.169068
0.0164628	-0.16178
0.0105519	-0.160683
0.00955327	-0.157281
0.0085168	-0.157543
0.00792766	-0.157538
0.0170811	-0.153587
0.0218376	-0.144747
0.0085143	-0.158034
0.00972271	-0.154469
0.0135717	-0.155738
0.0130294	-0.165534
0.0130215	-0.160681
-0.00299144	-0.156442
-0.00936138	-0.155819
0.00140536	-0.15911
-0.0020448	-0.166161
-0.00411661	-0.15425
-0.00383671	-0.135197
-0.00684112	-0.138837
-0.00836802	-0.16244
-0.00203926	-0.165512
0.000231394	-0.165809
0.00388292	-0.166015
0.00390192	-0.176232
0.00479581	-0.177212
0.00559432	-0.169121
-0.00774718	-0.168739
-0.00691755	-0.168615
-0.0111089	-0.172125
-0.00172986	-0.152822
-0.0079466	-0.149061
-0.0108531	-0.148989
-0.0152287	-0.153592
-0.00894606	-0.163905
-0.00174498	-0.165245
-0.00392577	-0.167574
0.0014595	-0.157713
0.00209351	-0.16168
0.00860313	-0.151854
0.00201323	-0.145778
0.00150939	-0.14345
-0.003872	-0.140497
-0.00520474	-0.164125
-0.0120771	-0.156646
-0.0090642	-0.15339
-0.00719331	-0.165621
-0.00725938	-0.167264
-0.00635516	-0.165521
-0.00469227	-0.163222
-0.00653851	-0.160458
0.00859372	-0.151088
-0.00545197	-0.165704
0.0121894	-0.176313
0.0106962	-0.174023
0.0130319	-0.174695
0.00493658	-0.179356
-0.00016509	-0.167858
0.00166565	-0.165805
0.00058391	-0.155769
-0.0065504	-0.156413
-0.00370516	-0.156605
-0.000784915	-0.160607
0.018042	-0.184902
0.017676	-0.174048
0.0203362	-0.177414
0.00210083	-0.183158
0.00268883	-0.171681
0.00449374	-0.165979
0.00706683	-0.163216
0.0135512	-0.163578
0.00193967	-0.165389
-0.00709773	-0.151451
-0.0260312	-0.15605
-0.0166499	-0.166006
-0.0142201	-0.163576
-0.00655492	-0.15547
-0.0133127	-0.158842
0.00395593	-0.141436
-0.00384897	-0.14801
0.00212261	-0.137023
-0.000459233	-0.137375
-0.00468505	-0.134656
0.000793866	-0.140944
0.00680384	-0.145071
0.00893332	-0.139493
0.018198	-0.140425
0.0211171	-0.152871
0.0272755	-0.155403
0.0377022	-0.166096
0.039933	-0.163227
0.0426787	-0.169349
0.0354278	-0.156919
0.0362336	-0.151342
0.0312503	-0.151637
0.0352494	-0.15019
0.0368061	-0.1502
0.0421999	-0.150299
0.0518816	-0.149758
0.0424443	-0.144073
0.045677	-0.150233
0.0564161	-0.150014
0.0661148	-0.15096
0.0754065	-0.137133
0.104127	-0.137483
0.0906593	-0.148982
0.0855773	-0.137876
0.0653786	-0.121445
0.0693842	-0.145196
0.0738188	-0.148176
0.0851627	-0.143167
0.0865719	-0.135071
0.0758175	-0.142211
0.0671288	-0.136029
0.0782	-0.140409
0.0805048	-0.136962
0.0850697	-0.134775
0.0909728	-0.129105
0.0905133	-0.122013
0.0967199	-0.119256
0.105285	-0.127969
0.119494	-0.131053
0.11833	-0.127418
0.125006	-0.111074
0.122876	-0.111066
0.139943	-0.104036
0.141708	-0.0757203
0.138213	-0.0720137
0.154943	-0.086476
0.151625	-0.0722767
0.150652	-0.074469
0.147759	-0.0801333
0.153889	-0.0541946
0.160128	-0.0448751
0.163391	-0.0360925
0.16815	-0.0249102
0.158698	-0.013084
0.16622	-0.0128961
0.167505	0.0118074
0.177915	0.0249726
0.167106	0.0390868
0.157904	0.0475126
0.153997	0.0626428
0.145192	0.102431
0.132022	0.106694
0.125808	0.111037
0.122671	0.113217
0.114823	0.120336
0.101539	0.119723
0.0887557	0.125281
0.0952811	0.137086
0.0824609	0.146164
0.0814006	0.136641
0.0754528	0.13499
0.0600413	0.128291
0.0502742	0.125005
0.0511735	0.121658
0.0354122	0.127371
0.0282543	0.131189
0.0282836	0.141671
0.0297974	0.138204
0.0154696	0.154314
0.0279949	0.16564
0.0235367	0.166597
0.0295484	0.143069
0.0289439	0.143931
0.0224696	0.155201
0.0173909	0.161694
0.0120154	0.161056
0.00165265	0.152915
-0.00877146	0.157562
-0.0108122	0.147088
-0.00961799	0.149536
-0.00821321	0.157128
-0.0230588	0.153469
-0.0298075	0.152735
-0.0437	0.169071
-0.0417487	0.163015
-0.0482738	0.161924
-0.047815	0.159193
-0.0475879	0.158
-0.042614	0.157888
-0.0414219	0.152803
-0.038216	0.151629
-0.0378677	0.14303
-0.0353428	0.143347
-0.0386503	0.13356
-0.0377541	0.134945
-0.0342629	0.139713
-0.021394	0.148518
-0.0371864	0.157031
-0.0410287	0.157515
-0.0384329	0.156393
-0.0379187	0.153593
-0.0342713	0.158123
-0.036341	0.150836
-0.0340663	0.146234
-0.0321249	0.145218
-0.0369016	0.157565
-0.0574322	0.155604
-0.0601917	0.1504
-0.064521	0.158231
-0.0740538	0.150507
-0.0829486	0.13932
-0.0937177	0.136642
-0.0878396	0.13544
-0.0853894	0.136159
-0.0885821	0.140171
-0.0935943	0.137804
-0.0922672	0.137336
-0.0821254	0.118813
-0.0789656	0.12178
-0.0776322	0.126062
-0.0771114	0.129668
-0.0773509	0.132442
-0.077113	0.126714
-0.0650377	0.122484
-0.0594706	0.123846
-0.0811353	0.121292
-0.0792173	0.125164
-0.0895489	0.131923
-0.0931266	0.133546
-0.093197	0.134053
-0.0851979	0.137663
-0.0696816	0.126127
-0.0725775	0.146273
-0.0733965	0.143342
-0.0629501	0.150061
-0.0688723	0.143163
-0.0744329	0.152451
-0.0697211	0.151721
-0.0667976	0.160912
-0.0519444	0.165423
-0.0317116	0.160697
-0.0314334	0.157866
-0.0228322	0.172278
-0.0303204	0.170577
-0.0292969	0.168344
-0.0299638	0.160666
-0.0228421	0.145534
-0.0182698	0.14313
-0.0120447	0.139915
-0.0071576	0.142385
-0.0147634	0.140882
-0.00797166	0.148722
-0.00114829	0.157445
0.00645049	0.181714
0.00915867	0.172863
0.00682957	0.169383
0.01119	0.164295
0.0194067	0.148524
0.0302939	0.156696
0.0286419	0.157152
0.0226494	0.156176
0.0148073	0.171283
0.00706408	0.179187
0.00446448	0.171858
0.00177594	0.168006
0.000125058	0.170663
-0.00183291	0.167649
0.00111321	0.162016
-0.000489234	0.161801
-0.0115019	0.163492
-0.0149762	0.152477
-0.0193844	0.152685
-0.0229187	0.15434
-0.0233234	0.154452
-0.0275493	0.148683
-0.0354236	0.142694
-0.0338393	0.145742
-0.0341035	0.146841
-0.0269573	0.152767
-0.0147308	0.165984
-0.0112782	0.169679
-0.0102851	0.172998
-0.00886934	0.174278
-0.000775728	0.171823
-0.00743232	0.17678
-0.00703914	0.169036
-0.0080315	0.167435
-0.0109262	0.166452
-0.0123605	0.163211
-0.0123719	0.162369
-0.011253	0.163052
-0.019361	0.17424
-0.0200125	0.167987
-0.0185046	0.168398
-0.0123956	0.154323
-0.0119223	0.167006
-0.0121967	0.16876
-0.0117652	0.166302
-0.017577	0.168699
-0.0124429	0.163231
-0.0137962	0.162904
-0.0126454	0.163204
-0.0146051	0.171833
-0.0184864	0.168446
-0.0145826	0.163749
-0.0098482	0.163409
0.00196846	0.171225
-0.00751995	0.164026
-0.0154435	0.157362
-0.0127443	0.155283
-0.0141437	0.159052
-0.0182027	0.16606
-0.00925424	0.156202
0.00314186	0.15373
-0.00145752	0.153477
-0.000140848	0.154516
0.0110408	0.141922
0.0117205	0.143011
0.014066	0.145966
0.0208736	0.164496
0.0204576	0.164757
0.0193409	0.163153
0.0158589	0.161028
0.0219552	0.162322
0.00886442	0.167644
0.00790835	0.166064
0.0073429	0.161607
0.00145634	0.160572
0.00256939	0.17083
0.0021287	0.170123
0.0107142	0.177188
0.0119314	0.154588
0.0107605	0.159505
0.0116353	0.157839
0.00754047	0.148932
0.00111007	0.138413
-0.00397258	0.144922
-0.00103084	0.15513
-0.00704856	0.154611
0.00133813	0.153681
0.0131855	0.167138
0.0161515	0.179518
0.0150047	0.17512
0.0282181	0.168113
0.0138104	0.174445
0.00214271	0.172486
0.0022932	0.169564
-0.0120625	0.163605
-0.00551817	0.168483
0.00461113	0.167391
-0.0170036	0.154971
-0.0184109	0.156873
-0.0149525	0.164018
-0.0145379	0.16156
-0.0149293	0.161298
-0.0113551	0.164628
-0.0103804	0.161404
0.00171531	0.154388
-0.000330917	0.157293
-0.00871345	0.164431
-0.00905394	0.161179
-0.0134104	0.155032
-0.0196934	0.161875
-0.0186428	0.169971
-0.00735878	0.141192
-0.00432911	0.149603
-0.0120527	0.15258
0.000321404	0.16214
0.0123814	0.16498
0.00975596	0.161321
-0.00493244	0.16167
-0.00589604	0.158092
-0.0084748	0.158882
-0.000488919	0.165412
0.0029984	0.16703
0.00971582	0.162683
0.00680227	0.1631
0.0098313	0.171627
-0.0099109	0.1553
-0.0109244	0.14285
-0.0191568	0.147864
-0.023761	0.14706
-0.0193556	0.141255
-0.0224599	0.154297
-0.0252357	0.146681
-0.0244168	0.148788
-0.0215113	0.150156
-0.0202274	0.149056
-0.0185036	0.140794
-0.0104973	0.14326
-0.0104103	0.145211
-0.0204163	0.146814
-0.0135537	0.146959
-0.0106837	0.149364
-0.0130124	0.154043
-0.0087509	0.158911
-0.00814455	0.155216
-0.00754358	0.155448
0.00157981	0.148674
-0.000507698	0.148642
0.0187577	0.142114
0.0206394	0.145709
0.0107234	0.139161
0.0051788	0.135563
0.00700423	0.135812
0.00906436	0.155375
0.00617494	0.163159
0.00635506	0.154938
0.0150529	0.153726
0.0191525	0.141596
0.0207551	0.143536
0.0054568	0.14353
0.00695226	0.142998
0.010801	0.143277
0.00515596	0.131886
0.00455439	0.135004
0.011361	0.14415
0.0175384	0.155365
0.0164693	0.15603
0.0159799	0.15589
0.0164542	0.162354
0.00464252	0.152357
0.00122982	0.161224
0.000800597	0.151195
0.00284561	0.153092
0.0117332	0.149621
0.0059209	0.154932
0.0056091	0.153302
0.0337583	0.151009
0.0404869	0.150542
0.0452505	0.126998
0.0458833	0.128349
0.0455027	0.131014
0.0471609	0.129772
0.0301429	0.125524
0.0346695	0.123887
0.0574614	0.128623
0.0514187	0.136497
0.048112	0.144071
0.0293516	0.142478
0.0267406	0.145728
0.0300874	0.145195
0.0216562	0.146259
0.021124	0.14837
0.0264539	0.160584
0.0328178	0.153499
0.0344874	0.146867
0.0402167	0.142137
0.0366248	0.146747
0.040229	0.153942
0.036131	0.161623
0.0368811	0.163597
0.0307913	0.162883
0.0346922	0.167299
0.0318244	0.166061
0.0271057	0.159127
0.0308529	0.161325
0.0268759	0.185273
0.018145	0.174276
0.0124488	0.158595
0.0133666	0.15353
0.0110486	0.149523
0.0160557	0.149284
0.0256499	0.151724
-0.00455122	0.135975
-0.0120087	0.157882
-0.00529581	0.161888
-0.0209853	0.150788
-0.0207436	0.152236
-0.039045	0.137541
-0.0411006	0.138359
-0.0367693	0.145803
-0.0336755	0.147972
-0.0217476	0.149901
-0.027636	0.161908
-0.0331976	0.16282
-0.0318162	0.160762
-0.0344986	0.155557
-0.0419597	0.161712
-0.047741	0.159935
-0.0431199	0.151333
-0.0483104	0.15632
-0.0486185	0.166657
-0.0485073	0.168687
-0.0633747	0.166467
-0.0579155	0.161902
-0.0542188	0.160283
-0.0492539	0.155
-0.0379159	0.159863
-0.0309286	0.1725
-0.0100728	0.182803
-0.00566251	0.175719
-0.00776187	0.176098
-0.00709943	0.167263
-0.00359589	0.174149
-0.00229384	0.17355
-0.00528778	0.169627
-0.0157232	0.16754
-0.0143942	0.162167
-0.0118309	0.160253
-0.0154166	0.155146
-0.0231913	0.141638
-0.0252767	0.148145
-0.0238133	0.150217
-0.0217194	0.153136
-0.00986552	0.15662
-0.000731693	0.168324
0.0194446	0.156882
0.0240608	0.161639
0.0212869	0.159916
0.00708923	0.155022
0.00498159	0.158242
0.00490474	0.158231
0.0154661	0.163442
0.0151277	0.164051
0.0159271	0.15604
0.0171638	0.160998
0.0188018	0.161356
0.0205257	0.160559
0.0230133	0.156309
0.0203785	0.164692
0.0135556	0.156829
0.0120151	0.157315
0.0274093	0.159409
0.0162798	0.138686
0.0217936	0.141913
0.0222638	0.141844
0.0202645	0.147037
0.0347888	0.139564
0.046805	0.13492
0.0316814	0.125537
0.0268511	0.120362
0.0467921	0.133782
0.0594925	0.149228
0.0547068	0.143971
0.0482559	0.15771
0.0422014	0.154207
0.0328561	0.158294
0.0275138	0.149529
0.026055	0.150331
0.0247327	0.14866
0.0255346	0.151572
0.021918	0.152552
0.0225802	0.15207
0.0289201	0.157331
0.0324389	0.161697
0.0350846	0.160034
0.0418383	0.170239
0.0397236	0.167111
0.0371007	0.164452
0.0421728	0.16641
0.0381782	0.165276
0.0388977	0.162884
0.0368129	0.16144
0.0346389	0.164071
0.0340411	0.164814
0.0322828	0.163497
0.0438978	0.166991
0.0391326	0.161638
0.0311467	0.162175
0.0384236	0.167051
0.0328733	0.164955
0.0294591	0.162702
0.0177044	0.166946
0.0156809	0.161855
0.0198472	0.15936
0.0186575	0.158304
0.0139413	0.134995
0.00538145	0.137491
0.0197767	0.129891
0.0160248	0.136022
0.0279948	0.14297
0.0245046	0.140649
0.0229481	0.144355
0.0235916	0.148007
0.0268475	0.145311
0.0417675	0.137845
0.0294575	0.139846
0.0303813	0.149219
0.0388214	0.155177
0.0376443	0.15322
0.037024	0.156008
0.0315499	0.144319
0.0341348	0.146923
0.0345431	0.14877
0.0436463	0.151316
0.0537332	0.147718
0.0547235	0.146543
0.0592856	0.132697
0.0594996	0.135678
0.0477403	0.139667
0.049413	0.148907
0.0509761	0.14283
0.0339793	0.149235
0.0357098	0.16227
0.0360601	0.16844
0.036865	0.171928
0.0220671	0.167088
0.0136766	0.16968
0.00524224	0.167359
0.000604168	0.172574
0.00332195	0.170935
0.000874085	0.163359
0.00138736	0.151864
-0.00672121	0.156963
-0.00686632	0.157744
-0.00126116	0.160203
-0.00333949	0.156966
-0.0059794	0.154855
-0.00692085	0.156491
-0.009766	0.157745
-0.0107929	0.154516
-0.00621644	0.153236
-0.0209622	0.164922
-0.0206042	0.162909
-0.00929522	0.15672
-0.00324235	0.147999
-0.00495948	0.159799
0.00122695	0.156365
-0.0183222	0.173091
-0.0157583	0.169727
-0.0243068	0.159162
-0.0151759	0.156206
-0.0108088	0.152442
-0.00688093	0.155856
-0.000647023	0.149459
0.00904	0.144762
0.0133172	0.16041
0.0133284	0.160679
0.0121989	0.160234
0.0074942	0.157802
0.007401	0.146858
0.00519204	0.14886
0.00291877	0.144787
0.00609376	0.147187
0.00231893	0.148133
0.0100148	0.136262
0.0100109	0.145204
0.0105682	0.157865
0.00389138	0.161251
0.0170143	0.157752
0.00661298	0.16947
0.0118619	0.178786
0.0110089	0.168786
0.00696144	0.169649
0.0252577	0.163507
0.0231968	0.16036
0.0170286	0.157482
0.0174601	0.1586
0.0159755	0.167512
0.0167397	0.159809
0.00864279	0.159847
0.0107593	0.156495
0.0217122	0.163826
0.0256913	0.150646
0.0343771	0.155423
0.0345521	0.151435
0.0339556	0.153012
0.0328049	0.154408
0.029634	0.159147
0.0331905	0.156526
0.0406975	0.164077
0.039548	0.160748
0.0384783	0.158309
0.0308529	0.163512
0.0309731	0.162255
0.0292507	0.154668
0.0344143	0.156664
0.0282348	0.153731
0.0110872	0.142125
0.00376503	0.148957
0.00549819	0.16333
0.00483649	0.160361
0.0156618	0.165367
0.0137816	0.178396
0.0210135	0.173663
0.0196746	0.173561
0.0251449	0.173542
0.044463	0.186718
0.0548245	0.191491
0.0438878	0.180549
0.049889	0.175128
0.0517811	0.165959
0.0541043	0.161832
0.0616799	0.159184
0.0641845	0.156875
0.0682959	0.131758
0.0750581	0.147926
0.0723056	0.141662
0.0855188	0.12675
0.0754594	0.109472
0.0842883	0.112167
0.0880776	0.114597
0.0906938	0.116264
0.0941366	0.118568
0.0955096	0.123711
0.0961657	0.123551
0.0956451	0.121097
0.0827331	0.132719
0.073455	0.127691
0.0726252	0.131573
0.0679049	0.134657
0.0717321	0.133802
0.0926235	0.126
0.0908291	0.126179
0.0996102	0.12035
0.102594	0.113437
0.100395	0.115046
0.091864	0.114872
0.086453	0.124507
0.0857945	0.126891
0.0673412	0.140237
0.0608157	0.13978
0.0627775	0.141093
0.0636653	0.141695
0.0704734	0.133798
0.0762593	0.13953
0.0784114	0.137913
0.0688499	0.134829
0.0875639	0.122441
0.0785211	0.127205
0.08201	0.135186
0.0787062	0.12574
0.0804336	0.127312
0.07038	0.151109
0.0779959	0.137703
0.0790703	0.12658
0.0758233	0.125372
0.0773595	0.129846
0.0739343	0.142781
0.0826428	0.130526
0.0804549	0.113753
0.0851416	0.115581
