-0.100547	0.0907308
-0.101052	0.0912125
-0.0853378	0.094174
-0.0753676	0.0935518
-0.0749823	0.0900741
-0.0867996	0.0926571
-0.103993	0.0946499
-0.11743	0.0855263
-0.11917	0.0825194
-0.117554	0.0801518
-0.136278	0.0775179
-0.132627	0.0855269
-0.10048	0.122689
-0.142315	0.107674
-0.149138	0.106999
-0.162742	0.099978
-0.158337	0.0925088
-0.155828	0.088208
-0.156407	0.0655071
-0.162107	0.0492747
-0.161877	0.0576347
-0.15518	0.0585778
-0.157438	0.0491171
-0.169004	0.0327904
-0.167827	0.0275333
-0.15676	0.00898855
-0.158897	0.00486631
-0.148118	0.00233392
-0.162713	-0.0133576
-0.173979	-0.0176296
-0.172974	-0.0210107
-0.169779	-0.0248417
-0.161756	-0.0233711
-0.162244	-0.0296733
-0.154829	-0.0221459
-0.155404	-0.0251277
-0.158082	-0.0289648
-0.156698	-0.0318787
-0.161266	-0.0352352
-0.159127	-0.039117
-0.133006	-0.0471245
-0.13379	-0.0492345
-0.145539	-0.0454444
-0.145265	-0.0454607
-0.162433	-0.0400197
-0.160295	-0.0438448
-0.151397	-0.0446377
-0.149426	-0.0462006
-0.153059	-0.0512702
-0.145547	-0.0525012
-0.129759	-0.0463296
-0.139776	-0.049309
-0.160224	-0.0535899
-0.158017	-0.0657098
-0.151637	-0.0632647
-0.15047	-0.069706
-0.160792	-0.0697108
-0.152072	-0.0666334
-0.156667	-0.0687456
-0.153885	-0.0688272
-0.152498	-0.0695766
-0.145728	-0.0720854
-0.150409	-0.0822037
-0.149242	-0.0773298
-0.143924	-0.0865747
-0.136038	-0.088539
-0.123783	-0.0950595
-0.12586	-0.103624
-0.126015	-0.094282
-0.111527	-0.0985858
-0.115613	-0.096123
-0.110994	-0.0953756
-0.110958	-0.0948848
-0.0952108	-0.0867421
-0.0992616	-0.090134
-0.11224	-0.0876133
-0.114838	-0.0960167
-0.115934	-0.0967828
-0.10905	-0.0971153
-0.113276	-0.0983077
-0.106942	-0.0952737
-0.110589	-0.0967873
-0.126461	-0.0932944
-0.116911	-0.0858282
-0.119986	-0.0880009
-0.121536	-0.0874473
-0.12327	-0.0931856
-0.129691	-0.0962701
-0.122004	-0.101102
-0.11817	-0.104225
-0.118364	-0.0914061
-0.109885	-0.0945946
-0.113338	-0.0964745
-0.127172	-0.107256
-0.126024	-0.106105
-0.124749	-0.106665
-0.125028	-0.104833
-0.125808	-0.105494
-0.127639	-0.0976583
-0.13434	-0.0859799
-0.133202	-0.0860549
-0.132826	-0.084691
-0.129642	-0.0862022
-0.124071	-0.0846138
-0.136065	-0.0680568
-0.138485	-0.0689642
-0.144227	-0.0560336
-0.132401	-0.06144
-0.137211	-0.0689233
-0.137047	-0.0700364
-0.13774	-0.0690015
-0.135985	-0.0723234
-0.133034	-0.0689251
-0.131103	-0.0606712
-0.130983	-0.063347
-0.136214	-0.0644691
-0.137235	-0.0789195
-0.136041	-0.0772318
-0.144623	-0.0674948
-0.14823	-0.0650554
-0.146949	-0.0661335
-0.14709	-0.0641502
-0.14368	-0.0708862
-0.155781	-0.0774724
-0.14899	-0.0867445
-0.146248	-0.0858606
-0.146634	-0.0903499
-0.142682	-0.0857506
-0.13738	-0.0863299
-0.136485	-0.0797039
-0.135371	-0.0978591
-0.13563	-0.0948171
-0.12138	-0.0928111
-0.127174	-0.111934
-0.125952	-0.109741
-0.125645	-0.110784
-0.12482	-0.108689
-0.118147	-0.11314
-0.11836	-0.111705
-0.123449	-0.107102
-0.124374	-0.108598
-0.121233	-0.0979351
-0.122505	-0.0980665
-0.125017	-0.0952484
-0.129645	-0.098678
-0.128076	-0.0909584
-0.130785	-0.0889428
-0.131215	-0.0900379
-0.131714	-0.0895847
-0.126649	-0.0758635
-0.123497	-0.0756162
-0.125346	-0.0768228
-0.124236	-0.0879157
-0.131277	-0.0930134
-0.127975	-0.0873397
-0.12647	-0.0835146
-0.128783	-0.0842442
-0.120593	-0.0942468
-0.116971	-0.0924504
-0.115775	-0.0901939
-0.117508	-0.0915064
-0.111502	-0.0870382
-0.114668	-0.0859053
-0.1115	-0.0738833
-0.123525	-0.0659496
-0.12146	-0.0760311
-0.118747	-0.0780373
-0.124175	-0.0795616
-0.124001	-0.0738065
-0.119165	-0.078899
-0.123798	-0.082032
-0.126681	-0.0758184
-0.12049	-0.0715432
-0.123364	-0.0740732
-0.126876	-0.0754758
-0.128256	-0.0768612
-0.132778	-0.0535051
-0.132609	-0.0508264
-0.131323	-0.0502624
-0.124115	-0.068425
-0.131169	-0.0638666
-0.124734	-0.0846022
-0.125744	-0.0696216
-0.107123	-0.0636374
-0.115942	-0.0676591
-0.122704	-0.0795344
-0.121779	-0.0820906
-0.12383	-0.0841245
-0.127734	-0.085832
-0.128241	-0.0836595
-0.135212	-0.0830946
-0.14505	-0.0812966
-0.141788	-0.083281
-0.136621	-0.0912385
-0.136746	-0.0899333
-0.133606	-0.0930238
-0.131486	-0.0855157
-0.129245	-0.0928738
-0.128291	-0.0904348
-0.124362	-0.0833143
-0.133484	-0.088275
-0.131621	-0.0872599
-0.13282	-0.0950519
-0.143112	-0.101834
-0.135655	-0.110484
-0.133619	-0.107313
-0.13469	-0.106123
-0.141422	-0.105502
-0.138442	-0.104708
-0.142276	-0.0954474
-0.139063	-0.09452
-0.137471	-0.0990203
-0.127992	-0.0921622
-0.120346	-0.0926249
-0.123112	-0.10263
-0.111327	-0.106576
-0.111699	-0.110681
-0.0957061	-0.106448
-0.103063	-0.100875
-0.108613	-0.0942461
-0.113059	-0.0934903
-0.106793	-0.102993
-0.119953	-0.10476
-0.128156	-0.081052
-0.127463	-0.0815284
-0.142548	-0.0722295
-0.145141	-0.0759814
-0.151808	-0.0687031
-0.171582	-0.0711873
-0.175591	-0.0819123
-0.181904	-0.0835689
-0.170239	-0.0870312
-0.154623	-0.0689988
-0.137705	-0.0598428
-0.142444	-0.0698503
-0.142352	-0.0701712
-0.136204	-0.0674751
-0.1275	-0.0648779
-0.122024	-0.0769765
-0.103643	-0.0717891
-0.1083	-0.0735892
-0.119601	-0.0720727
-0.117802	-0.0748391
-0.122388	-0.0659669
-0.129273	-0.0703929
-0.128734	-0.0773896
-0.118453	-0.0838908
-0.120691	-0.0855746
-0.127288	-0.0738144
-0.130439	-0.0820446
-0.138569	-0.0856362
-0.137371	-0.0848298
-0.144816	-0.0820959
-0.143921	-0.0776696
-0.143267	-0.0955831
-0.145368	-0.084391
-0.128977	-0.0840458
-0.129835	-0.083181
-0.130857	-0.0814582
-0.124171	-0.0823023
-0.125362	-0.0846525
-0.128817	-0.0734025
-0.132598	-0.0723119
-0.149683	-0.0703819
-0.144305	-0.0735453
-0.131241	-0.0692076
-0.139411	-0.0643904
-0.141614	-0.0564244
-0.144454	-0.0588845
-0.143033	-0.0625778
-0.154756	-0.0688143
-0.158689	-0.0698871
-0.158731	-0.0793162
-0.171337	-0.0819996
-0.164824	-0.0764748
-0.170243	-0.0737002
-0.162172	-0.0712254
-0.159315	-0.0987117
-0.154183	-0.0956736
-0.154044	-0.0859741
-0.156778	-0.094854
-0.147229	-0.100009
-0.130538	-0.0938904
-0.122486	-0.0888403
-0.12057	-0.0907796
-0.119015	-0.092515
-0.111816	-0.0882868
-0.117154	-0.082729
-0.11556	-0.0697818
-0.117191	-0.0720889
-0.122998	-0.0752408
-0.10288	-0.0785335
-0.0974763	-0.0821073
-0.103443	-0.0808741
-0.107736	-0.082477
-0.121425	-0.0892116
-0.124536	-0.0952456
-0.130233	-0.0713477
-0.134447	-0.0720381
-0.134958	-0.0729953
-0.13158	-0.0674532
-0.128955	-0.0758988
-0.132395	-0.0767903
-0.131051	-0.079038
-0.137776	-0.075079
-0.134044	-0.0818397
-0.123622	-0.0832771
-0.123235	-0.103318
-0.122216	-0.104193
-0.120154	-0.0989804
-0.121013	-0.101413
-0.121724	-0.0893202
-0.131556	-0.0959484
-0.132355	-0.0920902
-0.133791	-0.0931467
-0.132084	-0.0932213
-0.12889	-0.0932606
-0.120441	-0.0982442
-0.13084	-0.0882872
-0.123471	-0.0892832
-0.115413	-0.0903202
-0.110621	-0.0851193
-0.107326	-0.085944
-0.107358	-0.0940008
-0.11341	-0.100399
-0.126866	-0.11362
-0.140688	-0.116313
-0.138802	-0.110846
-0.149283	-0.105942
-0.141994	-0.104709
-0.143406	-0.100118
-0.146669	-0.0982019
-0.144306	-0.0959436
-0.147735	-0.103744
-0.14389	-0.0971027
-0.15427	-0.0799479
-0.158654	-0.0733799
-0.148826	-0.0785806
-0.156789	-0.0761958
-0.156712	-0.0734101
-0.165691	-0.0869653
-0.157194	-0.10832
-0.157886	-0.0940618
-0.144285	-0.0745338
-0.135718	-0.0841632
-0.130314	-0.0910463
-0.12646	-0.0852364
-0.128176	-0.0913211
-0.129895	-0.088871
-0.123095	-0.0954504
-0.124366	-0.0950808
-0.112308	-0.0786809
-0.110715	-0.0836435
-0.11418	-0.0856829
-0.11895	-0.0858987
-0.119435	-0.0877349
-0.120317	-0.0884188
-0.127557	-0.0837389
-0.121254	-0.0672242
-0.127035	-0.0690937
-0.141425	-0.07091
-0.134666	-0.0703249
-0.138186	-0.076019
-0.140189	-0.065824
-0.143227	-0.0637817
-0.128395	-0.0755534
-0.131277	-0.0744298
-0.132391	-0.0754672
-0.134399	-0.0961447
-0.132076	-0.109801
-0.131601	-0.115019
-0.133381	-0.110065
-0.119687	-0.0952588
-0.108145	-0.104004
-0.108805	-0.104081
-0.117653	-0.11513
-0.103092	-0.10881
-0.10581	-0.110166
-0.113835	-0.106236
-0.11749	-0.0954411
-0.114036	-0.0951377
-0.117729	-0.0975639
-0.120152	-0.0902183
-0.118213	-0.0935416
-0.1247	-0.10041
-0.109049	-0.0921166
-0.120345	-0.100702
-0.11857	-0.0941982
-0.120559	-0.0952616
-0.118021	-0.0928787
-0.11872	-0.0931103
-0.124414	-0.102458
-0.144746	-0.0877179
-0.13768	-0.0961809
-0.142417	-0.0868326
-0.140801	-0.0860158
-0.133812	-0.0871172
-0.135675	-0.0908843
-0.133527	-0.0927505
-0.14306	-0.0819309
-0.135226	-0.0696301
-0.130579	-0.0689648
-0.142418	-0.0863066
-0.139459	-0.0942963
-0.128444	-0.100869
-0.137362	-0.0989067
-0.137219	-0.0997976
-0.132923	-0.0986523
-0.130778	-0.0959011
-0.130683	-0.0949341
-0.115249	-0.0902001
-0.113022	-0.0781957
-0.132606	-0.100314
-0.137707	-0.10601
-0.137611	-0.103855
-0.134666	-0.100419
-0.133236	-0.0982435
-0.134999	-0.0998768
-0.128602	-0.0970964
-0.12837	-0.0966199
-0.132774	-0.0959278
-0.141583	-0.112093
-0.139153	-0.108175
-0.117669	-0.106827
-0.118392	-0.106812
-0.120883	-0.108018
-0.123167	-0.106437
-0.107093	-0.0962358
-0.117712	-0.114249
-0.116463	-0.114323
-0.10325	-0.109041
-0.097812	-0.102736
-0.103719	-0.0974756
-0.103343	-0.088555
-0.106963	-0.0910679
-0.112092	-0.0928562
-0.0886403	-0.1083
-0.0963835	-0.11085
-0.0948266	-0.0939617
-0.0884017	-0.0905868
-0.0956437	-0.0936504
-0.101075	-0.0941792
-0.105863	-0.0916184
-0.107846	-0.0935434
-0.101817	-0.0955577
-0.105662	-0.0969957
-0.10743	-0.0844059
-0.110455	-0.0867049
-0.100019	-0.0972519
-0.0907665	-0.0957815
-0.0945922	-0.0975645
-0.0880655	-0.117812
-0.0882416	-0.0982824
-0.101358	-0.0920901
-0.10445	-0.09227
-0.115893	-0.0885833
-0.118051	-0.0893026
-0.120847	-0.0905589
-0.125625	-0.0832724
-0.119012	-0.0941132
-0.12345	-0.107661
-0.118891	-0.108764
-0.117581	-0.109511
-0.110564	-0.105782
-0.10798	-0.0989275
-0.124911	-0.102986
-0.124493	-0.101773
-0.125221	-0.111608
-0.11456	-0.111281
-0.109287	-0.0950175
-0.111562	-0.0968302
-0.116957	-0.0976493
-0.119457	-0.0973186
-0.127927	-0.115736
-0.138357	-0.111862
-0.146101	-0.119992
-0.155521	-0.121249
-0.149757	-0.115912
-0.141574	-0.11612
-0.128399	-0.11028
-0.128118	-0.092019
-0.125869	-0.0852258
-0.136798	-0.0807601
-0.139578	-0.0806665
-0.138431	-0.0826287
-0.156632	-0.0920613
-0.150974	-0.0912276
-0.150873	-0.0919542
-0.144667	-0.094896
-0.143117	-0.101158
-0.139981	-0.102828
-0.135758	-0.101921
-0.135013	-0.0895797
-0.131893	-0.0872308
-0.142146	-0.0884772
-0.152932	-0.0894361
-0.146571	-0.0970636
-0.139264	-0.0923372
-0.137889	-0.0909718
-0.152756	-0.108439
-0.159979	-0.0985814
-0.154156	-0.0957133
-0.145756	-0.076656
-0.147045	-0.0835094
-0.141233	-0.0844668
-0.123114	-0.0918711
-0.123325	-0.0912666
-0.128676	-0.0934163
-0.119268	-0.0975414
-0.112807	-0.0877888
-0.118371	-0.0852753
-0.123509	-0.093481
-0.124388	-0.0941391
-0.127134	-0.0944388
-0.123688	-0.100624
-0.124119	-0.104638
-0.125337	-0.102261
-0.129242	-0.101345
-0.13083	-0.0994449
-0.13249	-0.0950829
-0.120614	-0.0975588
-0.120256	-0.0937272
-0.121132	-0.0986068
-0.121143	-0.0962823
-0.143383	-0.103373
-0.145587	-0.0917647
-0.142646	-0.0894445
-0.137035	-0.0894999
-0.119699	-0.0852823
-0.121302	-0.0881777
-0.121099	-0.0878812
-0.120699	-0.0937776
-0.126448	-0.0863663
-0.130926	-0.0901621
-0.145183	-0.0982135
-0.140093	-0.0963994
-0.134967	-0.0971478
-0.139775	-0.0898261
-0.139613	-0.0901089
-0.144702	-0.0897026
-0.144526	-0.0968889
-0.14058	-0.0948294
-0.138926	-0.093365
-0.139067	-0.105014
-0.129659	-0.0934223
-0.13126	-0.0936465
-0.128769	-0.0988883
-0.137955	-0.0955389
-0.142704	-0.0913613
-0.139321	-0.0898123
-0.129401	-0.089483
-0.161205	-0.0926381
-0.172771	-0.0852525
-0.176318	-0.0871152
-0.173826	-0.0874093
-0.165782	-0.0865497
-0.165861	-0.0738315
-0.156708	-0.070588
-0.157513	-0.0742432
-0.144925	-0.0673826
-0.140682	-0.0616622
-0.134208	-0.0458305
-0.139649	-0.0497102
-0.136797	-0.0482281
-0.138244	-0.0477105
-0.141695	-0.0485364
-0.148142	-0.050779
-0.147344	-0.0563886
-0.13999	-0.0782158
-0.146006	-0.0873191
-0.143074	-0.0857527
-0.138008	-0.0815179
-0.139376	-0.103413
-0.138307	-0.101738
-0.129587	-0.112235
-0.128255	-0.11053
-0.114912	-0.104162
-0.120109	-0.0925213
-0.129813	-0.0848367
-0.129876	-0.0830869
-0.129186	-0.085156
-0.134649	-0.0830602
-0.135612	-0.0745813
-0.132067	-0.0745206
-0.151469	-0.0701463
-0.149671	-0.0793453
-0.146261	-0.0806755
-0.136569	-0.0815211
-0.125552	-0.0817449
-0.130266	-0.0800856
-0.115631	-0.0896186
-0.0994656	-0.0941782
-0.105548	-0.101912
-0.109944	-0.103198
-0.112558	-0.104886
-0.116434	-0.118643
-0.120236	-0.11374
-0.133185	-0.111011
-0.128496	-0.112718
-0.128526	-0.110222
-0.12371	-0.105837
-0.11928	-0.0985038
-0.121848	-0.102983
-0.140199	-0.115944
-0.120263	-0.119401
-0.118917	-0.109716
-0.134441	-0.116846
-0.127364	-0.111132
-0.11515	-0.108242
-0.115379	-0.108215
-0.101688	-0.0963611
-0.106767	-0.0975802
-0.108682	-0.101287
-0.110138	-0.109987
-0.0973074	-0.102955
-0.0970402	-0.1172
-0.0894941	-0.111887
-0.0848137	-0.110506
-0.0814674	-0.101089
-0.0817851	-0.0946841
-0.0846095	-0.107603
-0.100401	-0.119177
-0.115963	-0.119823
-0.125106	-0.100018
-0.125234	-0.0859652
-0.137631	-0.092431
-0.132827	-0.0891719
-0.131145	-0.0900913
-0.133312	-0.0861169
-0.137212	-0.0708976
-0.135162	-0.0709009
-0.131621	-0.0758749
-0.134571	-0.0802684
-0.133665	-0.0807257
-0.121154	-0.0706136
-0.123792	-0.0715968
-0.13523	-0.0786448
-0.12463	-0.0841999
-0.131624	-0.0784048
-0.133424	-0.0822012
-0.137029	-0.0861537
-0.136744	-0.0857436
-0.133383	-0.102561
-0.131171	-0.0982258
-0.137697	-0.0930786
-0.14246	-0.0852444
-0.140838	-0.0846794
-0.137698	-0.0792645
-0.126038	-0.0812
-0.128272	-0.07502
-0.120866	-0.0900736
-0.120173	-0.0894557
-0.128202	-0.0930207
-0.123755	-0.0929099
-0.127109	-0.092092
-0.116548	-0.0960045
-0.13353	-0.100075
-0.127514	-0.0959957
-0.125764	-0.0942125
-0.136132	-0.0952883
-0.134046	-0.0936521
-0.139867	-0.0829807
-0.139553	-0.0813316
-0.142236	-0.0842052
-0.140567	-0.082599
-0.144236	-0.0832859
-0.14777	-0.0923438
-0.142731	-0.0958763
-0.131243	-0.0883309
-0.118567	-0.0913532
-0.13027	-0.0976502
-0.124538	-0.0966075
-0.121363	-0.0962208
-0.110722	-0.0888708
-0.101688	-0.0957412
-0.106496	-0.0973418
-0.127082	-0.109833
-0.121098	-0.107908
-0.125526	-0.107713
-0.122238	-0.108539
-0.127032	-0.101419
-0.144893	-0.108746
-0.145312	-0.105991
-0.139831	-0.0901182
-0.14039	-0.0899281
-0.136202	-0.0886957
-0.155639	-0.0906038
-0.139575	-0.0898796
-0.138029	-0.0883401
-0.114971	-0.0946129
-0.111553	-0.0938702
-0.106852	-0.103867
-0.111283	-0.107775
-0.110442	-0.121063
-0.102521	-0.114444
-0.0989672	-0.116248
-0.0995022	-0.113321
-0.103336	-0.114219
-0.101153	-0.114131
-0.0971557	-0.100783
-0.100912	-0.103654
-0.117636	-0.108002
-0.113593	-0.119262
-0.128967	-0.108691
-0.136142	-0.120917
-0.138707	-0.111575
-0.137536	-0.10552
-0.131299	-0.109559
-0.144384	-0.106254
-0.152403	-0.0906542
-0.143496	-0.0727817
-0.140906	-0.0670242
-0.152922	-0.0608314
-0.151967	-0.0568426
-0.151797	-0.0551202
-0.14962	-0.0600499
-0.150338	-0.0508995
-0.146196	-0.0495496
-0.146293	-0.0512918
-0.146242	-0.055617
-0.152453	-0.0586541
-0.133578	-0.0750644
-0.142293	-0.0570388
-0.142622	-0.0588576
-0.151602	-0.0805996
-0.145619	-0.0825216
-0.144216	-0.0706477
-0.143254	-0.0801452
-0.131078	-0.0792094
-0.129597	-0.0833158
-0.132714	-0.0836329
-0.12487	-0.0766682
-0.109969	-0.0807084
-0.107425	-0.0817274
-0.101519	-0.0824913
-0.106132	-0.0857267
-0.110262	-0.0914471
-0.105194	-0.091914
-0.112074	-0.0940684
-0.114298	-0.0941646
-0.113939	-0.101907
-0.11715	-0.0984604
-0.118842	-0.0931673
-0.143699	-0.083106
-0.136206	-0.0821906
-0.131764	-0.0819739
-0.134735	-0.0813408
-0.138507	-0.08398
-0.137592	-0.0828343
-0.139449	-0.0733102
-0.141294	-0.0768333
-0.140975	-0.0771788
-0.140465	-0.0764038
-0.152738	-0.0813303
-0.152243	-0.0748104
-0.150023	-0.0731512
-0.148014	-0.0739704
-0.139564	-0.08656
-0.143114	-0.0910569
-0.1456	-0.0992295
-0.141567	-0.0951671
-0.143888	-0.0841125
-0.153439	-0.0960188
-0.149485	-0.0977545
-0.146315	-0.0948997
-0.141132	-0.0991798
-0.1417	-0.0916451
-0.136652	-0.0926393
-0.128146	-0.0991068
-0.127858	-0.0978592
-0.129357	-0.0834102
-0.122178	-0.0871319
-0.124413	-0.0770018
-0.122541	-0.0777083
-0.132206	-0.0867169
-0.131147	-0.0859394
-0.132067	-0.0910793
-0.131682	-0.0927744
-0.126566	-0.100907
-0.125273	-0.101989
-0.125582	-0.100387
-0.125891	-0.101535
-0.125711	-0.101766
-0.125988	-0.0942191
-0.120751	-0.100245
-0.120055	-0.103027
-0.141273	-0.0967937
-0.135213	-0.0969002
-0.126377	-0.0981856
-0.132834	-0.0875681
-0.13756	-0.081277
-0.14028	-0.0815417
-0.140837	-0.0705724
-0.140921	-0.0685671
-0.119407	-0.0811883
-0.129345	-0.0749225
-0.134909	-0.0804035
-0.143063	-0.0786113
-0.152186	-0.0953859
-0.153148	-0.0824356
-0.141859	-0.0779919
-0.139569	-0.0829895
-0.143972	-0.0799053
-0.147534	-0.0806943
-0.152151	-0.0899367
-0.146586	-0.0842525
-0.144269	-0.0769272
-0.158855	-0.074329
-0.155974	-0.076038
-0.154828	-0.0844519
-0.154675	-0.0890651
-0.146784	-0.0874115
-0.15546	-0.091349
-0.151275	-0.0872771
-0.148324	-0.0881829
-0.13684	-0.0820444
-0.140599	-0.0812476
-0.14964	-0.0824726
-0.120424	-0.0901737
-0.124138	-0.0880594
-0.12412	-0.0880017
-0.124006	-0.0913869
-0.125038	-0.0901954
-0.117574	-0.0895923
-0.120339	-0.0862209
-0.119351	-0.089594
-0.120483	-0.0934954
-0.115092	-0.105023
-0.116972	-0.110089
-0.118303	-0.113562
-0.128122	-0.116404
-0.125199	-0.113918
-0.152966	-0.1025
-0.142034	-0.11625
-0.133914	-0.125138
-0.128799	-0.133849
-0.125063	-0.127671
-0.123245	-0.123573
-0.121998	-0.117806
-0.121206	-0.114798
-0.115698	-0.100944
-0.111409	-0.107587
-0.0954324	-0.105718
-0.0958336	-0.101481
-0.103487	-0.101924
-0.106624	-0.103766
-0.101954	-0.115953
-0.107235	-0.12933
-0.094967	-0.121118
-0.098015	-0.131129
-0.101337	-0.110797
-0.108111	-0.108752
-0.107814	-0.10761
-0.108815	-0.106525
-0.112728	-0.106267
-0.110466	-0.115508
-0.110401	-0.103423
-0.121039	-0.0928917
-0.115829	-0.0888567
-0.118353	-0.089775
-0.123204	-0.0935055
-0.1185	-0.0808198
-0.121806	-0.0767094
-0.130385	-0.0775877
-0.130965	-0.0784116
-0.125723	-0.0724406
-0.119363	-0.0826844
-0.116584	-0.0757266
-0.109904	-0.0789213
-0.1102	-0.0893446
-0.10359	-0.09671
-0.102489	-0.0926181
-0.105331	-0.0924358
-0.11004	-0.093727
-0.115927	-0.0894192
-0.129359	-0.0882505
-0.121621	-0.0926817
-0.131898	-0.099161
-0.147408	-0.101019
-0.133692	-0.0921615
-0.133603	-0.0918104
-0.133595	-0.0874787
-0.127875	-0.0917153
-0.124993	-0.0867615
-0.137811	-0.0832984
-0.137585	-0.0907337
-0.139217	-0.0852592
-0.130491	-0.0971906
-0.125372	-0.0896044
-0.125448	-0.0901066
-0.128975	-0.0904023
-0.138592	-0.0866765
-0.138115	-0.0849501
-0.141758	-0.0786361
-0.146054	-0.0741318
-0.14406	-0.076297
-0.146079	-0.0762915
-0.145197	-0.0761299
-0.127226	-0.0865262
-0.122928	-0.0632182
-0.117263	-0.0648143
-0.107545	-0.0830943
-0.113189	-0.104987
-0.112433	-0.112807
-0.121059	-0.113205
-0.124265	-0.11214
-0.111102	-0.101121
-0.11215	-0.07999
-0.114581	-0.0763417
-0.109809	-0.0831653
-0.0955297	-0.0618935
-0.102987	-0.0660678
-0.113979	-0.0773611
-0.114902	-0.0775177
-0.11477	-0.0782136
-0.117836	-0.079985
-0.109963	-0.06955
-0.118741	-0.0685075
-0.120437	-0.0693672
-0.107168	-0.062558
-0.112621	-0.0661327
-0.116116	-0.0801765
-0.125625	-0.0822671
-0.134566	-0.0813095
-0.135178	-0.088872
-0.138136	-0.0897648
-0.137361	-0.0872417
-0.14673	-0.0833544
-0.146185	-0.0866423
-0.141399	-0.0832446
-0.143929	-0.0883267
-0.142201	-0.0875106
-0.140622	-0.0865506
-0.111693	-0.0992085
-0.107641	-0.098694
-0.0961398	-0.100356
-0.102232	-0.0982609
-0.105357	-0.0996144
-0.119747	-0.097848
-0.113118	-0.0881902
-0.117688	-0.0943274
-0.120543	-0.0865567
-0.121938	-0.0878745
-0.133027	-0.0887952
-0.130415	-0.0917165
-0.132179	-0.0870636
-0.129319	-0.0870828
-0.14221	-0.0988816
-0.14276	-0.0851013
-0.150154	-0.0783321
-0.145953	-0.078664
-0.132363	-0.0846486
-0.13354	-0.0858772
-0.135669	-0.0864762
-0.136045	-0.104834
-0.132919	-0.103364
-0.136002	-0.10414
-0.130796	-0.0888285
-0.136713	-0.0873614
-0.131241	-0.0920377
-0.132919	-0.0749273
-0.13137	-0.076549
-0.128682	-0.0959413
-0.124643	-0.0952144
-0.119821	-0.0977684
-0.112756	-0.102698
-0.114246	-0.101734
-0.0958131	-0.105416
-0.104987	-0.114171
-0.10159	-0.10309
-0.105484	-0.103047
-0.106737	-0.10637
-0.102455	-0.0947948
-0.105824	-0.0963767
-0.0962599	-0.106868
-0.100372	-0.108091
-0.107824	-0.107168
-0.107462	-0.109717
-0.101465	-0.105485
-0.0980895	-0.117594
-0.100913	-0.117408
-0.111032	-0.117438
-0.130511	-0.111851
-0.138476	-0.1123
-0.135298	-0.116097
-0.125288	-0.0829315
-0.130881	-0.0885933
-0.1411	-0.0906999
-0.142374	-0.0993175
-0.146695	-0.110715
-0.141543	-0.109089
-0.138923	-0.10486
-0.137766	-0.114242
-0.134444	-0.112819
-0.126472	-0.0934125
-0.135857	-0.0914186
-0.134111	-0.0707757
-0.133802	-0.0710263
-0.132408	-0.0690121
-0.141677	-0.0758015
-0.140654	-0.0763233
-0.140989	-0.0762299
-0.141274	-0.0810338
-0.13092	-0.0645237
-0.129958	-0.0792252
-0.140722	-0.0641327
-0.145405	-0.0780574
-0.146596	-0.0712377
-0.145025	-0.0727916
-0.146913	-0.0781224
-0.14352	-0.0809898
-0.146985	-0.0714142
-0.145504	-0.0719193
-0.147907	-0.0671948
-0.154679	-0.0540442
-0.157992	-0.0468377
-0.164336	-0.0551332
-0.160289	-0.0519017
-0.161402	-0.0546452
-0.138498	-0.0490993
-0.136637	-0.0635945
-0.131076	-0.061667
-0.135057	-0.0647473
-0.132599	-0.0667509
-0.133944	-0.0683505
-0.130902	-0.0652442
-0.137771	-0.063541
-0.139895	-0.0652615
-0.139993	-0.0652521
-0.139233	-0.0720858
-0.14281	-0.0634119
-0.140415	-0.0645567
-0.126804	-0.0646129
-0.132203	-0.0654196
-0.135762	-0.0655354
-0.136805	-0.0669
-0.123637	-0.0625695
-0.130631	-0.056232
-0.139624	-0.0590802
-0.139897	-0.0652002
-0.120889	-0.0698965
-0.126768	-0.0699328
-0.141835	-0.0783256
-0.136993	-0.0692383
-0.135218	-0.0776659
-0.141908	-0.0706266
-0.141868	-0.07044
-0.142685	-0.0858096
-0.155157	-0.0912456
-0.159676	-0.0908604
-0.157473	-0.0756152
-0.1557	-0.0774299
-0.15018	-0.0752172
-0.153232	-0.0636781
-0.155749	-0.066278
-0.152686	-0.0657904
-0.156701	-0.059257
-0.15523	-0.0605721
-0.156928	-0.059427
-0.155082	-0.0449322
-0.153216	-0.0465742
-0.164141	-0.0430143
-0.16731	-0.0394796
-0.164005	-0.0412549
-0.168386	-0.0326205
-0.173144	-0.0385207
-0.154464	-0.0469386
-0.148858	-0.0478434
-0.144426	-0.0749818
-0.141187	-0.071507
-0.137613	-0.0715246
-0.13973	-0.0729953
-0.150036	-0.0709021
-0.151579	-0.0575534
-0.148095	-0.0611877
-0.150164	-0.0568828
-0.138717	-0.064429
-0.133469	-0.070501
-0.134363	-0.0715367
-0.137068	-0.0729086
-0.134434	-0.0742605
-0.128219	-0.0787458
-0.116284	-0.0927592
-0.122281	-0.0963618
-0.108095	-0.113374
-0.111258	-0.112883
-0.114139	-0.12561
-0.124657	-0.120109
-0.1255	-0.115997
-0.129603	-0.123963
-0.123457	-0.124094
-0.135682	-0.114801
-0.138875	-0.111376
-0.139208	-0.105496
-0.136795	-0.102966
-0.146231	-0.12017
-0.137047	-0.102854
-0.139613	-0.101354
-0.141894	-0.0921753
-0.119338	-0.101083
-0.136633	-0.0940736
-0.129961	-0.0917433
-0.138801	-0.0901474
-0.154107	-0.0926623
-0.155883	-0.092201
-0.156862	-0.0892676
-0.146415	-0.0790665
-0.144383	-0.0760477
-0.141336	-0.0619191
-0.141948	-0.0636524
-0.143066	-0.0671643
-0.141833	-0.0665072
-0.139912	-0.0706214
-0.137406	-0.0652139
-0.13428	-0.0662774
-0.13277	-0.0715329
-0.138424	-0.0649962
-0.128257	-0.0693394
-0.12996	-0.0697633
-0.116977	-0.060577
-0.136671	-0.0616651
-0.136394	-0.0603147
-0.139467	-0.0632653
-0.132678	-0.0752255
-0.15068	-0.0747731
-0.145633	-0.0736835
-0.150159	-0.0768922
-0.143268	-0.070014
-0.142	-0.0660471
-0.128358	-0.0682502
-0.130645	-0.0706632
-0.1311	-0.0768897
-0.139336	-0.0852948
-0.140982	-0.0837634
-0.144692	-0.0832642
-0.145603	-0.0784258
-0.14694	-0.0727692
-0.143545	-0.0724031
-0.145474	-0.0664426
-0.143971	-0.0712341
-0.1448	-0.0765933
-0.137452	-0.0721987
-0.138017	-0.0747183
-0.152105	-0.0824277
-0.152668	-0.0855761
-0.13769	-0.0819143
-0.137276	-0.0888681
-0.131441	-0.0867424
-0.134196	-0.085359
-0.132534	-0.08229
-0.145065	-0.0823705
-0.138659	-0.0837876
-0.138903	-0.0793715
-0.146514	-0.069419
-0.134028	-0.0595312
-0.135826	-0.0664555
-0.143417	-0.0700775
-0.131654	-0.0795932
-0.13415	-0.0739745
-0.135074	-0.0793696
-0.12969	-0.0862539
-0.142225	-0.089075
-0.141856	-0.0670133
-0.139777	-0.067828
-0.127258	-0.0650134
-0.119106	-0.0653808
-0.119819	-0.0612285
-0.127932	-0.0620918
-0.120437	-0.0445841
-0.118321	-0.031983
-0.11963	-0.0280463
-0.128359	-0.031468
-0.128218	-0.0568269
-0.136048	-0.0533599
-0.137684	-0.054596
-0.147054	-0.0745526
-0.143577	-0.0848025
-0.151871	-0.0900997
-0.165016	-0.0936906
-0.156251	-0.0903737
-0.148462	-0.0928948
-0.149722	-0.0892071
-0.151127	-0.0784217
-0.147424	-0.0756991
-0.148694	-0.0825063
-0.143045	-0.0690823
-0.129712	-0.0735247
-0.131223	-0.0752719
-0.121986	-0.0815539
-0.128036	-0.0846485
-0.128564	-0.0806715
-0.125127	-0.0790204
-0.120456	-0.0831246
-0.127917	-0.0781677
-0.136299	-0.0880894
-0.136021	-0.0793779
-0.137877	-0.0801975
-0.136802	-0.0797249
-0.131375	-0.0821806
-0.139044	-0.0957184
-0.146991	-0.0935257
-0.151932	-0.0855473
-0.144389	-0.082982
-0.151584	-0.0848609
-0.139153	-0.0811473
-0.139561	-0.0968713
-0.138143	-0.0993518
-0.131715	-0.089456
-0.121591	-0.0982309
-0.129462	-0.108283
-0.129037	-0.107355
-0.128392	-0.102627
-0.1364	-0.0970736
-0.130812	-0.0945232
-0.112243	-0.101683
-0.125584	-0.0993839
-0.116316	-0.0942994
-0.12329	-0.089593
-0.135038	-0.0984122
-0.143314	-0.102307
-0.152485	-0.104377
-0.146257	-0.102074
-0.148336	-0.0920755
-0.139029	-0.076335
-0.138061	-0.0767745
-0.138744	-0.0785784
-0.137688	-0.0774108
-0.127958	-0.0703673
-0.128697	-0.0657803
-0.124031	-0.0751427
-0.129722	-0.0697998
-0.128404	-0.0675537
-0.131695	-0.0680899
-0.124839	-0.0705051
-0.125179	-0.0756638
-0.127221	-0.0777409
-0.122288	-0.07691
-0.129157	-0.0787
-0.13532	-0.0784548
-0.134172	-0.0799155
-0.146276	-0.07312
-0.152861	-0.0715111
-0.145851	-0.0762033
-0.128263	-0.0817243
-0.136239	-0.0840809
-0.133885	-0.0855543
-0.141684	-0.0775725
-0.136988	-0.0820844
-0.137747	-0.0825208
-0.143573	-0.0812528
-0.143378	-0.0792574
-0.137558	-0.080614
-0.131534	-0.0670879
-0.118756	-0.067618
-0.121767	-0.0704589
-0.124424	-0.0699734
-0.136939	-0.0710063
-0.124662	-0.0677874
-0.122961	-0.0692958
-0.146759	-0.0865531
-0.140893	-0.0902646
-0.136692	-0.0768293
-0.133598	-0.0820884
-0.124014	-0.0800543
-0.137184	-0.104944
-0.130543	-0.106277
-0.132591	-0.122791
-0.130537	-0.120299
-0.126522	-0.113831
-0.119929	-0.113762
-0.120656	-0.109153
-0.112441	-0.115872
-0.108879	-0.118199
-0.105153	-0.115542
-0.100743	-0.110604
-0.110601	-0.10619
-0.123233	-0.0941861
-0.126823	-0.0948211
-0.137494	-0.0902049
-0.134232	-0.0997378
-0.135181	-0.116169
-0.134294	-0.0972392
-0.141628	-0.097245
-0.148356	-0.0992249
-0.144626	-0.103435
-0.148361	-0.10777
-0.172736	-0.101521
-0.169196	-0.105893
-0.162517	-0.0956807
-0.18427	-0.0884446
-0.174158	-0.0855074
-0.173469	-0.0714181
-0.167747	-0.0702552
-0.170849	-0.0504803
-0.168468	-0.0521241
-0.15139	-0.0567175
-0.148393	-0.0422826
-0.150645	-0.0339091
-0.158912	-0.0321475
-0.162312	-0.0239983
-0.154518	-0.0342133
-0.153782	-0.0303653
-0.149126	-0.033826
-0.149549	-0.0341711
-0.135891	-0.0346257
-0.122963	-0.0370236
-0.121469	-0.0436446
-0.12212	-0.0444214
-0.1173	-0.0472241
-0.103901	-0.0609854
-0.0964671	-0.0744588
-0.102822	-0.0822842
-0.108787	-0.0824281
-0.111252	-0.0853472
-0.101987	-0.0901479
-0.115341	-0.0979709
-0.109775	-0.104816
-0.119052	-0.110112
-0.120198	-0.104085
-0.131088	-0.109181
-0.134597	-0.108182
-0.132847	-0.106353
-0.132813	-0.0912594
-0.139825	-0.0873189
-0.140285	-0.086505
-0.140497	-0.0854206
-0.139709	-0.0864626
-0.148792	-0.092757
-0.145447	-0.0977854
-0.147779	-0.0978032
-0.152535	-0.0838412
-0.147623	-0.0799283
-0.144474	-0.0800435
-0.130736	-0.0750228
-0.135212	-0.0682232
-0.118382	-0.0663542
-0.112209	-0.050898
-0.122354	-0.046024
-0.128569	-0.0464013
-0.128301	-0.0497126
-0.139892	-0.0610645
-0.14042	-0.0622339
-0.151843	-0.0563158
-0.148849	-0.0591791
-0.14291	-0.069888
-0.140601	-0.0630712
-0.139384	-0.0597092
-0.127974	-0.0581803
-0.131277	-0.0629437
-0.131063	-0.0591169
-0.133791	-0.0605651
-0.135631	-0.0617759
-0.136856	-0.0643149
-0.123552	-0.0679999
-0.125699	-0.0697725
-0.127811	-0.0806718
-0.134874	-0.0926766
-0.133462	-0.0903762
-0.128757	-0.0883525
-0.133087	-0.0870458
-0.134523	-0.0842865
-0.133629	-0.089988
-0.125323	-0.0881415
-0.121745	-0.0816457
-0.106771	-0.0785382
-0.109819	-0.0795161
-0.104546	-0.0743483
-0.103228	-0.0783095
-0.0941278	-0.0763245
-0.105525	-0.0688282
-0.112707	-0.0615758
-0.119158	-0.0649194
-0.121506	-0.0675299
-0.132015	-0.0654184
-0.136771	-0.0732739
-0.138236	-0.0749719
-0.128057	-0.0906517
-0.141003	-0.088647
-0.136119	-0.0840315
-0.147127	-0.0825637
-0.148271	-0.0766542
-0.152254	-0.0868222
-0.149954	-0.085059
-0.166341	-0.109794
-0.15546	-0.089026
-0.151233	-0.0933012
-0.141651	-0.0834592
-0.139527	-0.0818534
-0.128424	-0.0831501
-0.128769	-0.0769751
-0.125279	-0.0788769
-0.128183	-0.0908513
-0.12351	-0.0841269
-0.119903	-0.0814366
-0.129258	-0.0887378
-0.147755	-0.0888848
-0.156544	-0.0981877
-0.152459	-0.0903332
-0.140312	-0.0937177
-0.14221	-0.0912098
-0.145597	-0.0783471
-0.153206	-0.0839126
-0.148178	-0.0886111
-0.129995	-0.0983634
-0.127386	-0.089452
-0.126929	-0.0871434
-0.125471	-0.0820638
-0.124999	-0.0816275
-0.147197	-0.0724143
-0.150922	-0.0755943
-0.146531	-0.0664968
-0.144224	-0.0678811
-0.143519	-0.0684024
-0.141761	-0.0635146
-0.150612	-0.0633341
-0.137318	-0.0676198
-0.146526	-0.0695968
-0.149347	-0.0772624
-0.149183	-0.0761225
-0.147824	-0.0754335
-0.143001	-0.0718363
-0.145744	-0.0725228
-0.144086	-0.0722698
-0.142005	-0.0720674
-0.143409	-0.0744172
-0.140532	-0.0576612
-0.156453	-0.0636419
-0.146104	-0.0530174
-0.141054	-0.057981
-0.138097	-0.0799474
-0.127967	-0.0790308
-0.122594	-0.0760668
-0.123135	-0.0714471
-0.132193	-0.079413
-0.135818	-0.0832346
-0.13835	-0.0954281
-0.137622	-0.0953022
-0.136177	-0.0937818
-0.130111	-0.0690613
-0.130842	-0.0668483
-0.133976	-0.0718049
-0.141537	-0.0703074
-0.137592	-0.0491289
-0.134526	-0.0534468
-0.140384	-0.0606124
-0.144401	-0.050577
-0.141587	-0.0546876
-0.137578	-0.0563341
-0.142828	-0.059202
-0.136059	-0.050322
-0.142646	-0.0485816
-0.144416	-0.0509055
-0.141706	-0.0549846
-0.1426	-0.0571176
-0.157545	-0.049763
-0.159563	-0.0285192
-0.150038	-0.0289682
-0.166953	-0.0340273
-0.167583	-0.0342438
-0.169935	-0.031505
-0.175131	-0.0364176
-0.170047	-0.0377939
-0.165295	-0.0396606
-0.164515	-0.0384303
-0.147946	-0.043376
-0.148411	-0.0498926
-0.155344	-0.049999
-0.154994	-0.0487184
-0.154131	-0.0490134
-0.148402	-0.0484284
-0.15499	-0.0471082
-0.163788	-0.058609
-0.165677	-0.0577804
-0.156236	-0.0598935
-0.130176	-0.0639486
-0.119663	-0.0771656
-0.12812	-0.0751015
-0.129395	-0.0592238
-0.140003	-0.0717976
-0.149774	-0.0865286
-0.146091	-0.0954332
-0.138738	-0.0898868
-0.133045	-0.0982055
-0.128616	-0.0910557
-0.121177	-0.0927754
-0.118943	-0.07852
-0.128093	-0.0909483
-0.125644	-0.0935294
-0.130112	-0.0891002
-0.134445	-0.0862879
-0.1286	-0.0846079
-0.126635	-0.0993856
-0.137148	-0.0994356
-0.158176	-0.0977725
-0.150314	-0.0946079
-0.1467	-0.0926863
-0.152279	-0.0897411
-0.148522	-0.0866251
-0.148341	-0.0833249
-0.146397	-0.0810658
-0.14626	-0.0710343
