-0.0892861	0.10979
-0.066108	0.137286
-0.0589999	0.142483
-0.0612748	0.139453
-0.0535491	0.139647
-0.0482082	0.151491
-0.0403207	0.160897
-0.0456249	0.152318
-0.0434139	0.159816
-0.0311063	0.164498
-0.0234615	0.157104
-0.0149949	0.158488
-0.00986314	0.175119
0.00610999	0.172223
0.0138234	0.157525
0.0121076	0.165738
0.0179509	0.166495
0.0322844	0.171407
0.0342219	0.166968
0.0326287	0.160324
0.0250368	0.160928
0.0315638	0.156241
0.0210382	0.158886
0.0176954	0.152894
0.0168951	0.150526
0.0271715	0.144986
0.0255167	0.155621
0.0342293	0.164972
0.0350979	0.158961
0.0394389	0.159192
0.0474781	0.162204
0.0512458	0.159505
0.0506504	0.163872
0.0540869	0.160712
0.056739	0.157905
0.0525775	0.154349
0.0581543	0.145427
0.0571038	0.169262
0.0555893	0.16754
0.0574684	0.162122
0.0562812	0.154808
0.0562003	0.172775
0.0669836	0.150454
0.0681831	0.148818
0.066991	0.146815
0.0414618	0.137273
0.0480637	0.127168
0.0607934	0.11972
0.0624266	0.128391
0.0555125	0.125881
0.0635958	0.121273
0.0658356	0.128982
0.0677713	0.130313
0.0694869	0.131941
0.0685078	0.136359
0.0653171	0.126685
0.0670631	0.132888
0.0729196	0.130066
0.0605259	0.10656
0.0666258	0.110145
0.0839666	0.114025
0.0872933	0.115969
0.0917606	0.11682
0.0926939	0.121038
0.0962084	0.110494
0.0966437	0.107264
0.0984084	0.109393
0.100768	0.111088
0.10076	0.113332
0.103158	0.113157
0.101456	0.119088
0.10289	0.119099
0.101499	0.11754
0.108608	0.118993
0.106423	0.126669
0.083616	0.123983
0.0849318	0.126119
0.0840823	0.130035
0.0832875	0.132001
0.0892115	0.127198
0.0779396	0.124845
0.0747459	0.122075
0.0781729	0.130353
0.0860485	0.115559
0.0889054	0.117871
0.0898552	0.120384
0.0953342	0.122326
0.0931976	0.123411
0.0935848	0.132057
0.097731	0.11733
0.0966882	0.11863
0.096454	0.117691
0.10596	0.136853
0.105805	0.131184
0.116483	0.131831
0.106783	0.1192
0.104594	0.129328
0.104322	0.132925
0.0925549	0.129836
0.0864687	0.11923
0.0745276	0.114138
0.0762412	0.117923
0.0800561	0.120333
0.0802316	0.117607
0.0807033	0.122404
0.0768462	0.135832
0.0736473	0.136768
0.0695488	0.134754
0.068581	0.132066
0.0636253	0.143917
0.0665978	0.14646
0.0815511	0.140377
0.0762742	0.139013
0.0779922	0.141692
0.0661246	0.14114
0.0506933	0.138214
0.0545761	0.133535
0.0551496	0.13622
0.0533911	0.132447
0.048669	0.143545
0.0486649	0.144652
0.039405	0.156916
0.0396631	0.156017
0.0362572	0.155223
0.0377819	0.153561
0.0437985	0.15207
0.0395222	0.152309
0.0558861	0.1431
0.0501327	0.15122
0.0501705	0.156827
0.0496002	0.164202
0.0449768	0.152187
0.0483664	0.145497
0.0485317	0.15656
0.0455876	0.154373
0.0327295	0.166463
0.0306193	0.164688
0.0376876	0.164454
0.0444575	0.166961
0.0391071	0.156154
0.0419202	0.154542
0.0598767	0.148538
0.0524809	0.148759
0.0475065	0.147806
0.0525861	0.154193
0.057537	0.149352
0.0538125	0.154366
0.0460643	0.158138
0.0476725	0.171394
0.0447015	0.165126
0.0427344	0.164332
0.0391524	0.162757
0.039639	0.16131
0.0314599	0.162424
0.0326579	0.163625
0.0298416	0.162134
0.0246679	0.15944
0.0294451	0.173797
0.0238545	0.168698
0.0370866	0.166717
0.0377746	0.170564
0.0348356	0.166241
0.0347044	0.170673
0.0339641	0.168503
0.0409966	0.162003
0.0282735	0.156516
0.0285527	0.154767
0.0307037	0.15991
0.0271818	0.156742
0.0377839	0.161166
0.0413517	0.151317
0.03804	0.140809
0.0498206	0.154542
0.0502957	0.148437
0.0457805	0.150113
0.0296384	0.14854
0.0215421	0.152623
0.0152929	0.155176
0.0123221	0.154821
0.00759446	0.163545
0.00480897	0.163946
0.00475665	0.160329
-0.0244304	0.179343
-0.0286454	0.176612
-0.0427047	0.17052
-0.0523071	0.1613
-0.0584592	0.176341
-0.0560928	0.182833
-0.055942	0.175846
-0.0459769	0.172054
-0.0322365	0.164879
-0.0373549	0.170332
-0.0395278	0.166778
-0.0442303	0.165031
-0.045126	0.162285
-0.0419142	0.164406
-0.0435388	0.161812
-0.0451325	0.156826
-0.0560211	0.147854
-0.0581726	0.147238
-0.0656095	0.146887
-0.0818912	0.141873
-0.0825067	0.133324
-0.0908365	0.137875
-0.0929151	0.13239
-0.0883025	0.126586
-0.0822573	0.127137
-0.0722363	0.12535
-0.0660483	0.107251
-0.0707723	0.119265
-0.0808005	0.141221
-0.0792202	0.139676
-0.0765095	0.141223
-0.0758748	0.146043
-0.0757978	0.143402
-0.0661631	0.135719
-0.0630523	0.134487
-0.0726713	0.138074
-0.0715808	0.134761
-0.0588145	0.140849
-0.0606526	0.14271
-0.0627713	0.14378
-0.0601677	0.139918
-0.0709556	0.150398
-0.0825063	0.155822
-0.0853241	0.156225
-0.0865684	0.153947
-0.083313	0.148869
-0.0851406	0.142592
-0.0824358	0.144274
-0.0794245	0.138601
-0.0806032	0.125407
-0.0729579	0.100306
-0.0844113	0.101193
-0.0987416	0.117467
-0.0972768	0.111389
-0.0997528	0.116365
-0.105237	0.113504
-0.106183	0.113853
-0.107754	0.113647
-0.104903	0.11342
-0.105764	0.115202
-0.108525	0.109213
-0.102299	0.104379
-0.0947282	0.105051
-0.0974407	0.107827
-0.0905053	0.10256
-0.10038	0.101771
-0.106214	0.105504
-0.109869	0.105589
-0.106421	0.104958
-0.108316	0.108215
-0.112492	0.107571
-0.104864	0.116567
-0.107271	0.127022
-0.0999551	0.131237
-0.100813	0.128049
-0.0913439	0.128427
-0.0949612	0.126624
-0.0935034	0.123597
-0.0945857	0.130408
-0.0911126	0.120594
-0.0922173	0.123207
-0.0930394	0.120785
-0.0856786	0.117089
-0.09042	0.130298
-0.0933863	0.13329
-0.102625	0.143884
-0.101564	0.144547
-0.103537	0.140062
-0.0965692	0.139349
-0.0884168	0.140617
-0.0892177	0.138088
-0.0932431	0.132853
-0.0978496	0.129566
-0.0970511	0.131396
-0.0928522	0.126511
-0.101639	0.129457
-0.102679	0.130644
-0.090968	0.130999
-0.0955026	0.132253
-0.0946275	0.122106
-0.0949325	0.124151
-0.094055	0.139526
-0.096269	0.133025
-0.11177	0.123233
-0.103809	0.127823
-0.107514	0.126678
-0.102247	0.126176
-0.0947583	0.126298
-0.0996957	0.126083
-0.0955295	0.119154
-0.0952663	0.109625
-0.100311	0.0973292
-0.10012	0.101901
-0.105696	0.103361
-0.120124	0.109022
-0.119691	0.106224
-0.120198	0.106872
-0.123041	0.105056
-0.121044	0.10575
-0.120865	0.102443
-0.119504	0.106088
-0.117354	0.0837683
-0.120811	0.0794739
-0.115837	0.0757419
-0.119025	0.0779792
-0.129622	0.0854211
-0.127749	0.0884243
-0.127148	0.0898104
-0.116355	0.0955609
-0.0965516	0.100652
-0.11138	0.0913802
-0.109928	0.08951
-0.110801	0.0912162
-0.12488	0.0813452
-0.134644	0.090953
-0.122682	0.104704
-0.123895	0.105534
-0.126375	0.10414
-0.130425	0.102774
-0.12146	0.0880248
-0.128853	0.0926613
-0.133948	0.0957886
-0.133835	0.0945731
-0.129609	0.0944264
-0.128182	0.0828293
-0.127413	0.100204
-0.129207	0.0949889
-0.125083	0.101367
-0.124639	0.104594
-0.134118	0.100527
-0.129111	0.0923737
-0.132681	0.0915086
-0.142015	0.0897083
-0.150328	0.0898215
-0.147919	0.0890325
-0.150777	0.0866786
-0.148308	0.0844822
-0.138627	0.0767164
-0.139306	0.0764682
-0.137215	0.08699
-0.142251	0.0868762
-0.13779	0.083951
-0.132679	0.0859416
-0.131775	0.0744493
-0.134173	0.0760311
-0.134731	0.0817247
-0.124693	0.111555
-0.135982	0.0929741
-0.133508	0.0882736
-0.138407	0.0791458
-0.142763	0.0729544
-0.14607	0.0680756
-0.147389	0.0564533
-0.146312	0.0560827
-0.156154	0.0539348
-0.156795	0.0478931
-0.156822	0.0443721
-0.156779	0.040427
-0.16233	0.0217344
-0.160125	0.0180197
-0.154964	0.0153977
-0.154872	0.00326918
-0.172295	0.00452879
-0.167534	-0.00272582
-0.152971	-0.0102465
-0.164041	-0.0124327
-0.169565	-0.00462781
-0.175884	-0.0210734
-0.170905	-0.0190401
-0.158179	-0.0139905
-0.159644	-0.0104463
-0.160882	-0.00422274
-0.160173	-0.00612999
-0.161762	-0.010744
-0.163022	-0.0117877
-0.159488	-0.0162062
-0.156824	-0.0230634
-0.158318	-0.023893
-0.152891	-0.0239656
-0.135946	-0.0229519
-0.134936	-0.0210481
-0.136852	-0.0120345
-0.142192	-0.0104045
-0.143895	-0.0127136
-0.13935	-0.0117448
-0.141601	-0.00851786
-0.16526	0.00020898
-0.172413	0.00259429
-0.163789	0.00832317
-0.162743	0.00638196
-0.162168	0.0039054
-0.162007	0.00408878
-0.182854	0.00952035
-0.177111	0.0125687
-0.172659	0.00949657
-0.170415	0.00614207
-0.168689	0.00552383
-0.166188	0.00324451
-0.166892	-0.00975976
-0.164272	-0.0197844
-0.173568	-0.0179617
-0.162011	-0.0167147
-0.161434	-0.0118577
-0.160783	-0.0119978
-0.165496	-0.0114358
-0.166808	-0.0140613
-0.150813	-0.0218578
-0.151473	-0.023752
-0.153492	-0.0263534
-0.157094	-0.0338612
-0.156203	-0.0349619
-0.156376	-0.0298365
-0.152595	-0.0321273
-0.139396	-0.0346575
-0.146743	-0.0296732
-0.146287	-0.0294048
-0.159287	-0.0389057
-0.150088	-0.0242119
-0.145209	-0.0292496
-0.148431	-0.0333949
-0.135537	-0.0410612
-0.134019	-0.0410275
-0.138267	-0.0378678
-0.140503	-0.0400618
-0.154022	-0.0421887
-0.140205	-0.0613918
-0.140504	-0.0630435
-0.141314	-0.0634717
-0.123631	-0.0581293
-0.11739	-0.0630424
-0.12907	-0.0646965
-0.133029	-0.0679092
-0.129775	-0.0698909
-0.126254	-0.0614591
-0.141909	-0.0587372
-0.142243	-0.0597262
-0.14435	-0.0635691
-0.13936	-0.0593388
-0.15217	-0.0462392
-0.151896	-0.0490947
-0.150364	-0.0472512
-0.150325	-0.0450831
-0.150708	-0.0423147
-0.160732	-0.0414391
-0.16226	-0.04412
-0.166767	-0.050977
-0.157694	-0.0506612
-0.165654	-0.0517461
-0.171837	-0.067117
-0.175312	-0.0746386
-0.164302	-0.0845161
-0.17231	-0.0750828
-0.13999	-0.0633266
-0.138863	-0.0798359
-0.133038	-0.0934272
-0.133072	-0.0910681
-0.128143	-0.0862687
-0.133149	-0.088984
-0.121397	-0.0847462
-0.111813	-0.080799
-0.114186	-0.0890812
-0.109392	-0.092582
-0.114258	-0.0919173
-0.104516	-0.101915
-0.104947	-0.100415
-0.113963	-0.0869903
-0.117788	-0.0940676
-0.121629	-0.0888338
-0.12164	-0.0925752
-0.122609	-0.0926797
-0.12402	-0.0980017
-0.125932	-0.0830887
-0.117477	-0.0849569
-0.11898	-0.0863657
-0.12625	-0.0888385
-0.123668	-0.0905882
-0.123636	-0.0905066
-0.124382	-0.0933739
-0.1288	-0.0906103
-0.130058	-0.0876242
-0.116835	-0.0849849
-0.130583	-0.0968969
-0.13685	-0.0893172
-0.129477	-0.0908846
-0.149777	-0.096391
-0.135352	-0.09669
-0.124234	-0.0961577
-0.122962	-0.105397
-0.130596	-0.101941
-0.133477	-0.0969961
-0.132237	-0.0962899
-0.140465	-0.0939905
-0.133616	-0.106717
-0.132252	-0.104937
-0.135003	-0.104768
-0.128718	-0.100902
-0.122135	-0.105092
-0.123389	-0.09566
-0.123135	-0.0879348
-0.128623	-0.0792083
-0.13697	-0.0738291
-0.152222	-0.0780714
-0.145918	-0.077491
-0.145414	-0.0808119
-0.13877	-0.0822799
-0.140441	-0.0732664
-0.139667	-0.0745343
-0.14855	-0.0544189
-0.144261	-0.0570876
-0.14383	-0.0540093
-0.140167	-0.0693373
-0.141966	-0.0646684
-0.138088	-0.0846293
-0.13369	-0.110594
-0.126233	-0.113094
-0.132962	-0.106786
-0.136312	-0.115433
-0.133068	-0.104458
-0.127316	-0.109586
-0.139457	-0.101532
-0.133616	-0.111641
-0.132109	-0.0981894
-0.107502	-0.0966811
-0.106297	-0.102899
-0.108413	-0.103951
-0.0916016	-0.0981548
-0.0951168	-0.101846
-0.093353	-0.10236
-0.103319	-0.105888
-0.0991022	-0.102544
-0.100018	-0.0942281
-0.103084	-0.0907073
-0.106563	-0.0922522
-0.106811	-0.0813297
-0.110359	-0.0979253
-0.112086	-0.0976497
-0.109676	-0.0992705
-0.110715	-0.100962
-0.102779	-0.10054
-0.0945164	-0.110716
-0.103873	-0.108461
-0.111128	-0.112209
-0.107405	-0.12483
-0.0902941	-0.116332
-0.0973219	-0.125326
-0.0999995	-0.122947
-0.108798	-0.121213
-0.111771	-0.123065
-0.110755	-0.127034
-0.109551	-0.12487
-0.107963	-0.123701
-0.106249	-0.124508
-0.106141	-0.123637
-0.11382	-0.116221
-0.107616	-0.116352
-0.103429	-0.105421
-0.0941114	-0.111128
-0.0866648	-0.109047
-0.0976656	-0.104306
-0.0991196	-0.0912761
-0.102963	-0.0961884
-0.105685	-0.0903903
-0.117195	-0.1028
-0.135073	-0.0960663
-0.138848	-0.098312
-0.13762	-0.096555
-0.138786	-0.089916
-0.136354	-0.108528
-0.126851	-0.116469
-0.121938	-0.125173
-0.111294	-0.137376
-0.10025	-0.139683
-0.0992889	-0.140604
-0.0861239	-0.164069
-0.084586	-0.158743
-0.0915951	-0.161676
-0.0856037	-0.158077
-0.0875931	-0.149708
-0.0848449	-0.1396
-0.0793751	-0.13987
-0.0845567	-0.135211
-0.0867603	-0.127136
-0.0870217	-0.129895
-0.0906085	-0.144773
-0.0986029	-0.144625
-0.0973204	-0.134058
-0.0949896	-0.132857
-0.100931	-0.130494
-0.0897608	-0.127824
-0.092744	-0.12382
-0.0848077	-0.130972
-0.0760988	-0.128851
-0.0778495	-0.122634
-0.0941426	-0.118739
-0.0686776	-0.103078
-0.0725914	-0.106536
-0.0762104	-0.111546
-0.0614759	-0.117691
-0.0622631	-0.127351
-0.0595643	-0.130445
-0.0603469	-0.136064
-0.0637934	-0.139481
-0.0423187	-0.140788
-0.044236	-0.137643
-0.0445392	-0.146619
-0.0330319	-0.145618
-0.0273047	-0.152518
-0.032373	-0.162141
-0.0313106	-0.160371
-0.0532816	-0.178656
-0.0520946	-0.169295
-0.054158	-0.167442
-0.0531957	-0.164871
-0.0526494	-0.164933
-0.051349	-0.153343
-0.0542777	-0.15476
-0.0649381	-0.167326
-0.0638728	-0.163239
-0.0668407	-0.148691
-0.0701608	-0.144521
-0.0697875	-0.144296
-0.0659768	-0.149255
-0.0656431	-0.14754
-0.0643683	-0.146366
-0.0698402	-0.148699
-0.0587792	-0.153243
-0.0527421	-0.154057
-0.0537672	-0.155003
-0.0382462	-0.168326
-0.0371335	-0.169995
-0.0404382	-0.168935
-0.0301935	-0.15523
-0.0323577	-0.157696
-0.0318829	-0.162809
-0.030642	-0.16145
-0.0219546	-0.1497
-0.023639	-0.161315
-0.0334972	-0.159498
-0.0327	-0.172575
-0.0280535	-0.169
-0.0232087	-0.161717
-0.0230237	-0.160143
-0.0206724	-0.164806
-0.0102629	-0.15192
-0.0108938	-0.152984
-0.0210089	-0.149904
-0.0205934	-0.143288
-0.0146183	-0.142451
-0.0130804	-0.150009
-0.00464722	-0.142265
0.00108797	-0.152538
-0.0002294	-0.159263
-0.0037227	-0.156526
-0.0187027	-0.16001
-0.00257951	-0.150894
0.00186178	-0.142736
-0.00270395	-0.14311
-0.0055527	-0.14686
-0.0070967	-0.147779
-0.0190637	-0.163832
-0.0436594	-0.171405
-0.0420337	-0.161442
-0.0450962	-0.163542
-0.0371334	-0.169108
-0.0363268	-0.171902
-0.043487	-0.163154
-0.0431663	-0.166999
-0.0338397	-0.176566
-0.0310412	-0.175758
-0.0432413	-0.169344
-0.0441173	-0.159879
-0.0441873	-0.158222
-0.0437119	-0.15821
-0.0389317	-0.167231
-0.0460724	-0.164743
-0.0277331	-0.185409
-0.0270266	-0.180021
-0.0198591	-0.17564
-0.0163683	-0.16854
-0.01414	-0.167262
-0.0182481	-0.170113
-0.0181985	-0.166422
-0.0165719	-0.174742
-0.0200319	-0.172346
-0.0087951	-0.169173
-0.0141057	-0.159014
-0.0133604	-0.156276
-0.0177226	-0.166081
-0.0244011	-0.162511
-0.0227475	-0.166034
-0.0233002	-0.162557
-0.016778	-0.171801
-0.0188605	-0.163241
-0.0432534	-0.171216
-0.0433051	-0.16084
-0.0364138	-0.155274
-0.0320884	-0.149343
-0.0347148	-0.150675
-0.0354968	-0.155555
-0.0338574	-0.155367
-0.0236029	-0.167227
-0.0226322	-0.166624
-0.0224975	-0.160841
-0.0250491	-0.159146
-0.0290588	-0.154827
-0.0442121	-0.151603
-0.0315879	-0.163831
-0.0251618	-0.154228
-0.0275872	-0.155701
-0.026659	-0.160306
-0.0216386	-0.151893
-0.0249939	-0.159872
-0.0245234	-0.159057
-0.0388049	-0.165162
-0.0317085	-0.169226
-0.0312395	-0.172351
-0.0329839	-0.157797
-0.0260127	-0.173565
-0.025391	-0.170076
-0.0285278	-0.167078
-0.0106845	-0.165153
-0.0112434	-0.163538
-0.00761025	-0.161884
-0.0112128	-0.1621
0.00858788	-0.174522
0.00947144	-0.177664
0.0148512	-0.173795
0.00374177	-0.180697
-0.0112863	-0.175489
-0.0200328	-0.177055
-0.0368863	-0.181872
-0.0412749	-0.176386
-0.0415078	-0.164662
-0.03825	-0.171543
-0.0282063	-0.176135
-0.0239826	-0.167479
-0.0292894	-0.159341
-0.0430021	-0.156854
-0.0394419	-0.163375
-0.0393884	-0.161229
-0.0422209	-0.156711
-0.0317433	-0.149861
-0.0454348	-0.160859
-0.0422202	-0.155094
-0.0482498	-0.158822
-0.0303824	-0.164164
-0.0266819	-0.150085
-0.0376493	-0.153778
-0.0462534	-0.155785
-0.0454637	-0.153922
-0.0467588	-0.154332
-0.0546919	-0.165882
-0.0543854	-0.15869
-0.0747783	-0.159496
-0.074496	-0.153177
-0.0764352	-0.150907
-0.0775469	-0.148557
-0.0752176	-0.13627
-0.0726655	-0.137549
-0.0721697	-0.138298
-0.0678052	-0.140131
-0.0673519	-0.141311
-0.066866	-0.150043
-0.0522336	-0.161441
-0.0435399	-0.156166
-0.0456961	-0.152887
-0.0457115	-0.131321
-0.048437	-0.142517
-0.0392918	-0.153361
-0.0390202	-0.151123
-0.0403323	-0.150765
-0.0371081	-0.152482
-0.0358167	-0.152633
-0.0354436	-0.149784
-0.036749	-0.150477
-0.0383813	-0.148877
-0.0419016	-0.155079
-0.0597561	-0.171614
-0.061618	-0.17868
-0.0445201	-0.172966
-0.0451381	-0.151501
-0.053609	-0.142334
-0.0421203	-0.144498
-0.04197	-0.156689
-0.0427472	-0.155392
-0.0436713	-0.155309
-0.0350702	-0.164406
-0.0429387	-0.155945
-0.0464121	-0.154155
-0.0504981	-0.151239
-0.0396624	-0.134196
-0.0476683	-0.132771
-0.051318	-0.122861
-0.0350361	-0.130792
-0.0345111	-0.134174
-0.039147	-0.138527
-0.0491582	-0.142983
-0.0441218	-0.154188
-0.0432186	-0.148985
-0.0403014	-0.155039
-0.0446253	-0.165018
-0.0444829	-0.164021
-0.0448435	-0.160449
-0.05343	-0.156443
-0.0596144	-0.142663
-0.0538157	-0.143713
-0.0681585	-0.141213
-0.0733418	-0.140584
-0.088291	-0.12588
-0.0839613	-0.121545
-0.0831212	-0.120937
-0.0828054	-0.122925
-0.0805397	-0.126646
-0.0929439	-0.132369
-0.0947739	-0.11134
-0.113192	-0.111904
-0.113712	-0.111015
-0.100625	-0.10773
-0.0974608	-0.102332
-0.104644	-0.0961962
-0.103554	-0.0923
-0.10263	-0.0950714
-0.104218	-0.101147
-0.106309	-0.0960699
-0.104336	-0.0992352
-0.0980008	-0.117186
-0.0874578	-0.130242
-0.0881719	-0.135096
-0.0859003	-0.12654
-0.0857104	-0.127688
-0.0786548	-0.127502
-0.0788837	-0.129855
-0.0784699	-0.137352
-0.0773235	-0.137849
-0.0665355	-0.121831
-0.0681953	-0.12726
-0.0621815	-0.132863
-0.0612731	-0.146837
-0.0521741	-0.141945
-0.0530299	-0.143062
-0.0425217	-0.134997
-0.0408842	-0.139354
-0.0449223	-0.141377
-0.0401667	-0.149888
-0.0388171	-0.152837
-0.0391039	-0.152432
-0.0291384	-0.156724
-0.027112	-0.159988
-0.017106	-0.153206
-0.026616	-0.151469
-0.031167	-0.161018
-0.027972	-0.157768
-0.0366914	-0.158485
-0.0385476	-0.156448
-0.044543	-0.157776
-0.0400599	-0.150335
-0.0436713	-0.150873
-0.0515909	-0.141777
-0.0429187	-0.138591
-0.0477689	-0.148685
-0.0560845	-0.142901
-0.057967	-0.145319
-0.0582669	-0.145468
-0.0618528	-0.146841
-0.0584343	-0.148341
-0.0622603	-0.143727
-0.06079	-0.142399
-0.065075	-0.146215
-0.0648633	-0.1505
-0.0703976	-0.146361
-0.0836972	-0.145143
-0.0918861	-0.140338
-0.092049	-0.135936
-0.0918067	-0.131066
-0.0913705	-0.128746
-0.0881771	-0.123452
-0.0860369	-0.128996
-0.0874383	-0.129497
-0.0875202	-0.130705
-0.0871634	-0.124918
-0.0887418	-0.129044
-0.0956502	-0.122843
-0.103274	-0.131234
-0.101857	-0.133647
-0.0993343	-0.134605
-0.0961199	-0.134362
-0.0986435	-0.120681
-0.107784	-0.121989
-0.0868561	-0.132213
-0.0858879	-0.128882
-0.0883456	-0.134603
-0.0857961	-0.136495
-0.0836607	-0.139099
-0.0823296	-0.13959
-0.0791701	-0.151045
-0.0767439	-0.148955
-0.0736255	-0.148003
-0.0724528	-0.151446
-0.089738	-0.141139
-0.0712225	-0.13708
-0.0650006	-0.148915
-0.0830862	-0.134078
-0.0820921	-0.135745
-0.0800791	-0.135833
-0.0795024	-0.137556
-0.0777017	-0.133687
-0.0731299	-0.132619
-0.0668954	-0.140562
-0.0656478	-0.138976
-0.0657534	-0.139641
-0.0591091	-0.143458
-0.0574271	-0.136634
-0.0571351	-0.137807
-0.0559789	-0.139712
-0.0603709	-0.143736
-0.0690716	-0.136928
-0.0674527	-0.13879
-0.0749472	-0.144472
-0.0894589	-0.134001
-0.0859514	-0.130131
-0.071287	-0.136815
-0.073473	-0.131914
-0.0728026	-0.133808
-0.0707478	-0.136731
-0.0711678	-0.140451
-0.0656892	-0.145935
-0.0746973	-0.146021
-0.0734254	-0.153507
-0.0671193	-0.153026
-0.0592777	-0.153141
-0.0564844	-0.153456
-0.067748	-0.174296
-0.0637538	-0.17248
-0.0628768	-0.186039
-0.0589473	-0.178865
-0.0562866	-0.17293
-0.0791836	-0.157238
-0.074802	-0.165674
-0.0753903	-0.161492
-0.0717652	-0.15634
-0.0697546	-0.148297
-0.0672893	-0.157563
-0.0710624	-0.149522
-0.063067	-0.149603
-0.0729623	-0.144032
-0.0539544	-0.139338
-0.061731	-0.134582
-0.0614548	-0.139493
-0.064302	-0.130086
-0.0750034	-0.148368
-0.0730094	-0.14747
-0.0709489	-0.146672
-0.0730199	-0.14546
-0.0817213	-0.145571
-0.0797697	-0.145044
-0.0739062	-0.149139
-0.0696757	-0.14664
-0.0664409	-0.143783
-0.0574138	-0.133461
-0.060928	-0.150073
-0.0601101	-0.148828
-0.0632562	-0.153689
-0.0464455	-0.150815
-0.0435841	-0.157455
-0.0459774	-0.166796
-0.0412633	-0.157539
-0.0477128	-0.153714
-0.0459778	-0.159182
-0.043384	-0.161677
-0.0364813	-0.159964
-0.00665416	-0.169944
-0.00970129	-0.165734
-0.0147528	-0.171787
-0.0136404	-0.169605
0.00172997	-0.166042
-2.33133e-05	-0.147918
-0.00564002	-0.165666
-0.00652906	-0.164283
0.000369665	-0.151576
-0.0131808	-0.162743
-0.0156312	-0.162077
-0.0276934	-0.159004
-0.0402658	-0.158887
-0.0413763	-0.157377
-0.0523199	-0.15982
-0.0536306	-0.162242
-0.0324363	-0.166355
-0.0404512	-0.158373
-0.0320971	-0.16049
-0.0349401	-0.157293
-0.0382679	-0.15981
-0.041576	-0.159095
-0.0195512	-0.154415
-0.0238489	-0.154254
-0.0402818	-0.14429
-0.0419875	-0.14422
-0.0421105	-0.147274
-0.0300144	-0.134191
-0.027625	-0.140981
-0.0302986	-0.14305
-0.0415599	-0.15257
-0.0364485	-0.162439
-0.0382265	-0.160211
-0.0499602	-0.158384
-0.046857	-0.145802
-0.051877	-0.133371
-0.0571172	-0.133434
-0.0600884	-0.143906
-0.057438	-0.149053
-0.0579742	-0.152583
-0.061143	-0.170819
-0.0595324	-0.176207
-0.0548091	-0.174552
-0.0544961	-0.169875
-0.0439177	-0.151993
-0.0340066	-0.144164
-0.0426057	-0.152132
-0.0407981	-0.143832
-0.0466295	-0.151616
-0.0372105	-0.155178
-0.0379487	-0.145154
-0.0425605	-0.153321
-0.0445477	-0.15749
-0.0445546	-0.157734
-0.0468273	-0.161105
-0.0554791	-0.160394
-0.0445023	-0.168226
-0.0448343	-0.172843
-0.0627344	-0.167629
-0.0547601	-0.155276
-0.0530322	-0.153889
-0.0597076	-0.145221
-0.0520771	-0.139324
-0.0575171	-0.147597
-0.0697413	-0.141015
-0.0504468	-0.142623
-0.0492934	-0.157759
-0.0566788	-0.1552
-0.0532911	-0.153212
-0.0582937	-0.150487
-0.0504386	-0.160978
-0.0490361	-0.165423
-0.0474082	-0.162504
-0.0423599	-0.159007
-0.0396211	-0.149751
-0.0541962	-0.131973
-0.0566561	-0.137403
-0.0608137	-0.137847
-0.0591795	-0.124052
-0.0650884	-0.127454
-0.0660746	-0.129807
-0.0659587	-0.133454
-0.0686104	-0.1346
-0.0680616	-0.142673
-0.0678517	-0.142597
-0.0760854	-0.149054
-0.0869712	-0.153971
-0.0755308	-0.160311
-0.0724239	-0.153835
-0.0702705	-0.143405
-0.0643977	-0.133992
-0.0610791	-0.141702
-0.0882685	-0.140985
-0.0805214	-0.117986
-0.0814178	-0.124263
-0.0890766	-0.123341
-0.0875515	-0.125564
-0.103883	-0.125101
-0.108811	-0.125601
-0.10545	-0.126205
-0.111882	-0.153938
-0.0970573	-0.148221
-0.102475	-0.15292
-0.0972263	-0.160169
-0.101326	-0.159674
-0.095072	-0.161279
-0.0983928	-0.162642
-0.0975912	-0.145295
-0.0785479	-0.150724
-0.0802196	-0.149654
-0.0725466	-0.150499
-0.0661147	-0.148436
-0.0745771	-0.145948
-0.0778936	-0.148387
-0.0806223	-0.14943
-0.0620695	-0.145904
-0.0597672	-0.147026
-0.0559643	-0.148651
-0.0487752	-0.147076
-0.0513548	-0.161892
-0.0465994	-0.154824
-0.0438384	-0.157631
-0.0428606	-0.166478
-0.0334931	-0.157533
-0.0280019	-0.161338
-0.025957	-0.161411
-0.0139888	-0.153091
-0.0164754	-0.152422
-0.0155647	-0.151848
-0.0172812	-0.152112
-0.0223979	-0.168326
-0.00874885	-0.177256
-0.0106007	-0.182228
-0.0116848	-0.174101
-0.01804	-0.180229
-0.00860988	-0.164602
-0.00295859	-0.161586
0.00408384	-0.165848
0.00377758	-0.160924
-0.00848438	-0.166484
-0.0112004	-0.172112
-0.0111572	-0.176295
-0.0122376	-0.178391
-0.021856	-0.171694
-0.0185195	-0.176697
-0.0157777	-0.174604
-0.00834304	-0.171764
-0.0125453	-0.1687
-0.0155178	-0.161814
-0.00386592	-0.154393
-0.0136735	-0.16421
-0.00470924	-0.169883
0.00475463	-0.165752
0.0053566	-0.155319
0.000693314	-0.149317
0.0089728	-0.148242
0.0173704	-0.145889
0.0139187	-0.147276
0.0163174	-0.156199
0.00976031	-0.155195
0.00921918	-0.155083
0.00756962	-0.146682
0.0061013	-0.145444
0.00863672	-0.146146
0.0122576	-0.141663
0.0116686	-0.144833
0.0310958	-0.143888
0.0286109	-0.143595
0.0387066	-0.165402
0.0413143	-0.17566
0.0442511	-0.159074
0.0348679	-0.159602
0.0338746	-0.157077
0.0279771	-0.156758
0.0280139	-0.151861
0.0288068	-0.150412
0.0275999	-0.151538
0.0262133	-0.141118
0.00738009	-0.155011
0.00829025	-0.155319
0.012243	-0.160644
0.0103226	-0.166769
0.000367503	-0.159085
-0.00630539	-0.161097
-0.0094488	-0.152943
-0.0099932	-0.153151
-0.0134836	-0.144099
-0.0377754	-0.139803
-0.0366796	-0.140404
-0.0643841	-0.140874
-0.063055	-0.142982
-0.0554503	-0.148619
-0.0529156	-0.149359
-0.0516901	-0.155022
-0.0528707	-0.156515
-0.0531412	-0.152589
-0.0515975	-0.152767
-0.0646047	-0.136983
-0.061415	-0.139881
-0.0636836	-0.146169
-0.065093	-0.148351
-0.0522643	-0.137216
-0.0520251	-0.137203
-0.050566	-0.135626
-0.0540766	-0.136048
-0.0462234	-0.129317
-0.0546191	-0.142537
-0.0409562	-0.144021
-0.037748	-0.144424
-0.0381896	-0.147154
-0.0272877	-0.150034
-0.0125292	-0.156939
-0.0167903	-0.146207
-0.0244997	-0.149876
-0.0221266	-0.151885
-0.02481	-0.149792
-0.0244778	-0.148794
-0.0195711	-0.150266
-0.0213159	-0.155691
-0.0213435	-0.156016
-0.0182207	-0.15852
-0.0161726	-0.159466
-0.0135424	-0.160308
-0.018613	-0.15893
-0.0108813	-0.166464
-0.00193299	-0.163591
-0.0140855	-0.155732
-0.0125986	-0.156057
-0.00846702	-0.153821
-0.0139103	-0.147183
-0.0138938	-0.142957
-0.00960834	-0.138179
-0.0136998	-0.134299
-0.00545148	-0.144927
-0.0206291	-0.150024
-0.00895788	-0.145766
0.0152508	-0.141204
0.00919465	-0.157589
0.0169722	-0.164038
0.0175002	-0.168733
0.0158027	-0.166657
0.0158362	-0.157385
0.0224279	-0.155609
0.0224105	-0.155898
0.0234111	-0.152037
0.0248318	-0.153173
0.0115923	-0.134493
0.0126088	-0.135116
0.0217676	-0.133474
0.0212532	-0.126339
0.0232553	-0.129853
0.0233918	-0.146411
0.0231851	-0.148076
0.0298745	-0.144026
0.0378112	-0.147651
0.0388123	-0.150758
0.0293775	-0.153397
0.04939	-0.148488
0.0458381	-0.155813
0.0465803	-0.15124
0.028013	-0.150208
0.0301335	-0.159969
0.0348224	-0.154246
0.0362308	-0.166835
0.0421601	-0.152892
0.0443167	-0.157517
0.0506827	-0.162388
0.0497496	-0.159763
0.0490041	-0.158061
0.0367181	-0.159705
0.0393906	-0.15763
0.0331833	-0.17474
0.0241377	-0.176186
0.0359659	-0.169058
0.0275114	-0.164467
0.0283255	-0.162015
0.0228506	-0.170044
0.0242555	-0.167174
0.0272374	-0.153209
0.0284375	-0.148125
0.0244309	-0.145987
0.0127407	-0.140154
0.0124049	-0.125351
0.0148059	-0.133741
0.00825562	-0.132304
0.00504016	-0.145639
0.0150154	-0.143961
0.0145341	-0.148682
0.0427507	-0.147704
0.0423151	-0.146239
0.0456416	-0.148327
0.0428795	-0.145512
0.0439786	-0.15109
0.0570964	-0.146312
0.0499877	-0.148677
0.0435205	-0.151793
0.0461001	-0.150417
0.0483953	-0.159002
0.0508729	-0.159952
0.0575803	-0.156255
0.0620406	-0.154001
0.0546556	-0.139476
0.0520481	-0.120741
0.0567381	-0.124718
0.0604233	-0.123476
0.0486642	-0.135196
0.0515134	-0.137581
0.0495369	-0.132751
0.054921	-0.131197
0.0522342	-0.15112
0.0460407	-0.148194
0.0359368	-0.146218
0.0333705	-0.142638
0.0396838	-0.145081
0.0405709	-0.141111
0.0455841	-0.151252
0.0349985	-0.150244
0.0421055	-0.150338
0.048208	-0.149561
0.0481392	-0.144398
0.0378058	-0.140921
0.0386725	-0.142902
0.0361133	-0.145744
0.0400344	-0.154488
0.0317939	-0.161542
0.0404106	-0.163481
0.0361039	-0.162045
0.039356	-0.162667
0.0401495	-0.169611
0.0389947	-0.164701
0.0471616	-0.160105
0.048014	-0.158871
0.0299526	-0.152327
0.0169611	-0.152909
0.0157519	-0.143178
0.0121329	-0.15009
0.0185597	-0.149296
0.0189655	-0.154872
0.0202245	-0.154139
0.0207833	-0.15172
0.0160493	-0.139697
0.0188817	-0.147353
0.0283043	-0.157493
0.00145679	-0.164437
-0.00561937	-0.162273
0.00181303	-0.167944
0.0149636	-0.174457
0.0172524	-0.17145
0.0154615	-0.179704
0.0191659	-0.167787
0.022333	-0.169076
0.0178243	-0.168782
0.0161267	-0.160757
0.00620886	-0.167962
0.0185781	-0.171978
0.019728	-0.161667
0.0203496	-0.163424
0.016432	-0.159643
0.0197214	-0.172371
0.0246567	-0.162051
0.0298476	-0.164601
0.0305646	-0.160784
0.0369071	-0.168388
0.0502162	-0.161742
0.0528355	-0.158279
0.0450144	-0.156507
0.0511151	-0.144847
0.054862	-0.12436
0.0639426	-0.122017
0.0726176	-0.104545
0.0769381	-0.108365
0.0860056	-0.119298
0.0863954	-0.12132
0.100783	-0.12532
0.105245	-0.125467
0.0903953	-0.117445
0.0924157	-0.121914
0.099822	-0.119583
0.0928603	-0.11003
0.0773274	-0.10605
0.0756007	-0.0959017
0.0818421	-0.0987077
0.0833246	-0.10163
0.080158	-0.0938774
0.0830697	-0.0936296
0.0910897	-0.105271
0.0982017	-0.101873
0.094836	-0.0984784
0.107132	-0.109185
0.110544	-0.110084
0.124437	-0.0943621
0.129158	-0.0887516
0.142545	-0.0904874
0.142503	-0.0790037
0.130185	-0.0841894
0.120754	-0.0640166
0.117428	-0.0551831
0.124453	-0.0673646
0.127247	-0.0677221
0.134351	-0.0668611
0.138406	-0.0656215
0.132688	-0.0444938
0.135339	-0.0387463
0.139306	-0.0369755
0.138532	-0.0311001
0.146536	-0.0375081
0.145996	-0.0388941
0.155655	-0.0169782
0.155125	-0.020799
0.173799	-0.0115746
0.162397	-0.00783973
0.171126	0.00571991
0.166194	0.00780251
0.160774	0.00300431
0.172189	0.00318041
0.157118	0.0137629
0.154668	0.0228929
0.1375	0.0178517
0.143425	0.0266246
0.148009	0.0314165
0.151256	0.0315331
0.150269	0.0351092
0.150051	0.0386229
0.145735	0.0411377
0.145471	0.0497237
0.144591	0.0528549
0.155345	0.0527686
0.148908	0.0682081
0.147862	0.0796985
0.140682	0.0763758
0.134216	0.0776001
0.132104	0.0820429
0.130478	0.085754
0.140709	0.0890129
0.137533	0.0925051
0.132168	0.0899858
0.126345	0.0989066
0.126277	0.10727
0.110237	0.0872525
0.0945781	0.0892001
0.0957042	0.0960453
0.0951053	0.102776
0.0870385	0.0996184
0.0873623	0.0978506
0.090228	0.103808
0.0877918	0.110712
0.0868815	0.126102
0.0863163	0.129979
0.0806291	0.143446
0.0698548	0.147727
0.0739444	0.14796
0.0716119	0.141286
0.070388	0.142472
0.0659622	0.141917
0.0576487	0.143171
0.0552613	0.144674
0.0403003	0.1471
0.0335465	0.145048
0.0324097	0.147271
0.0296305	0.147972
0.0271996	0.150764
0.0254862	0.151793
0.0333383	0.147564
0.0272911	0.141625
0.0269411	0.153646
0.020453	0.159448
0.0220844	0.161364
0.0306535	0.152297
0.0225366	0.155308
0.0199435	0.1568
0.0193854	0.149152
0.00887952	0.148674
0.00750195	0.146586
0.0229698	0.14364
0.019155	0.147273
0.0179784	0.141233
0.00807165	0.137864
-0.00177005	0.134971
0.0146306	0.122804
0.0127629	0.130293
0.0184619	0.142812
0.00517103	0.139546
0.0107638	0.144503
0.00779881	0.148158
-0.00511298	0.148
8.31308e-05	0.137881
-0.0121612	0.133496
-0.0259977	0.139493
-0.0391397	0.154738
-0.0443141	0.152822
-0.056793	0.157164
-0.0407068	0.149664
-0.0348785	0.152234
-0.0331817	0.15623
-0.034303	0.155212
-0.0358843	0.154874
-0.0405834	0.148974
-0.0412285	0.147704
-0.0443024	0.151822
-0.0425999	0.14851
-0.0458808	0.150793
-0.0504773	0.16143
-0.0501297	0.15851
-0.048166	0.132899
-0.0382406	0.126031
-0.0399065	0.124588
-0.0472623	0.119137
-0.0501135	0.129727
-0.0407076	0.139923
-0.0376348	0.139451
-0.0403152	0.139799
-0.0357782	0.135575
-0.0224725	0.145833
-0.0288715	0.13699
-0.0332509	0.143411
-0.0263173	0.151346
-0.0318786	0.151421
-0.031711	0.151541
-0.0321281	0.150747
-0.0294413	0.160452
-0.0326317	0.151444
-0.0418894	0.149733
-0.0422096	0.150578
-0.0402881	0.143093
-0.0445524	0.144064
-0.0422299	0.143705
-0.0367136	0.144881
-0.0260226	0.159726
-0.0358562	0.159114
-0.0368117	0.167096
-0.0367892	0.164042
-0.0349618	0.16512
-0.0344428	0.159546
-0.0296848	0.17231
-0.0366592	0.170899
-0.0441299	0.159977
-0.0465129	0.173459
-0.0464829	0.168228
-0.0379702	0.147932
-0.02774	0.143462
-0.0368393	0.146052
-0.0491818	0.154601
-0.0419279	0.150802
-0.0404109	0.148029
-0.0396891	0.137223
-0.0458304	0.141524
-0.0378317	0.140624
-0.0364813	0.139597
-0.0434356	0.135254
-0.0430167	0.139765
-0.0544741	0.129648
-0.0552357	0.134832
-0.058126	0.135663
-0.0616469	0.135999
-0.0569063	0.123822
-0.0569055	0.128043
-0.0572763	0.131724
-0.0613247	0.13777
-0.0570898	0.13896
-0.0580815	0.140781
-0.0398031	0.146376
-0.0333633	0.143722
-0.0208634	0.141889
-0.0200573	0.153873
-0.0221955	0.150936
-0.0261866	0.153001
-0.0282948	0.14262
-0.01468	0.140557
-0.0152857	0.139202
-0.00850863	0.148266
-0.00588346	0.156292
-0.0123825	0.15039
-0.0162137	0.152866
-0.000739264	0.151179
-0.0111114	0.139691
-0.01384	0.144521
-0.0137142	0.150333
-0.0145116	0.16033
-0.0299434	0.138048
-0.023184	0.151816
-0.0212033	0.152374
-0.0198881	0.15036
-0.0172631	0.154423
-0.0118565	0.157904
-0.00943996	0.159136
-0.00977334	0.159811
-0.0128639	0.157482
-0.0153357	0.144825
-0.0165193	0.140819
-0.0202612	0.147449
-0.0181916	0.156521
0.00181881	0.159508
0.00387477	0.172134
-0.000411647	0.172146
-0.00890662	0.153725
-0.00999732	0.151603
-0.00879489	0.153502
-0.00826709	0.154441
0.000466917	0.158578
0.00106651	0.152128
0.00307061	0.151118
-0.0175845	0.151368
-0.0156918	0.159174
-0.0241668	0.145674
-0.0161216	0.145002
-0.0223116	0.156924
-0.0192764	0.160373
-0.0192988	0.157023
-0.0252589	0.152564
-0.0293803	0.164976
-0.0276175	0.162981
-0.0273916	0.164927
-0.0282929	0.164809
-0.0371419	0.167573
-0.0354066	0.160505
-0.0346661	0.159122
-0.048464	0.149292
-0.0556655	0.159891
-0.0474426	0.156514
-0.0463254	0.14892
-0.0413042	0.151572
-0.0358156	0.154484
-0.0277566	0.156171
-0.0223323	0.158613
-0.0211007	0.158149
-0.0161659	0.160863
0.000122314	0.154966
0.0138513	0.160751
0.00961961	0.154793
0.00863685	0.154851
0.00785679	0.155409
0.00981198	0.167491
0.00555411	0.172988
-0.000400106	0.175816
-0.00589124	0.172299
0.0013828	0.178729
0.00150843	0.174501
0.00671629	0.169479
0.0176803	0.172876
0.0185782	0.170786
0.00880943	0.180614
0.0206342	0.173544
0.026487	0.177013
0.0398316	0.189977
0.0367627	0.18479
0.0422503	0.184027
0.0516076	0.167752
0.0475502	0.167158
0.0474273	0.152057
0.0441645	0.147935
0.0252176	0.132681
0.0285068	0.133871
0.0257674	0.138979
0.0204121	0.137423
0.0225341	0.153072
0.0209021	0.178111
0.00191877	0.190798
0.00180158	0.189407
-0.000154154	0.194941
-0.00493996	0.190145
-0.00325109	0.183412
-0.00599601	0.16532
-0.00631487	0.163034
-0.00799991	0.161693
-0.00346925	0.155095
-0.00615369	0.157049
-0.0160099	0.153857
-0.0176715	0.159802
-0.0154825	0.164489
-0.0243129	0.181768
-0.0323256	0.176995
-0.030171	0.16466
-0.0166675	0.163851
-0.00155023	0.156885
-0.00784468	0.161832
-0.0111226	0.158938
-0.0054118	0.170953
0.000666533	0.151512
-0.0116876	0.169535
-0.0120952	0.165118
-0.0080292	0.162658
0.00130806	0.158735
-0.000153121	0.159914
0.00150269	0.158261
-0.000576877	0.171526
-0.00246629	0.174223
-0.00153424	0.173269
-0.00178853	0.169716
-0.00467946	0.164942
-0.0031243	0.164388
-0.00460504	0.174519
-0.00382111	0.181815
-0.00617419	0.167663
-0.00674448	0.166619
-0.0113863	0.170664
0.00558538	0.159646
-0.00616912	0.182993
-0.0129171	0.175124
-0.0239397	0.171519
-0.0255254	0.170608
-0.0305116	0.17862
-0.0270967	0.16861
-0.026906	0.163521
-0.0156707	0.167528
-0.0237666	0.164704
-0.0215317	0.155198
-0.0210679	0.153528
-0.0176976	0.150987
-0.0109985	0.16418
-0.00219004	0.158396
0.0107166	0.150248
0.0149538	0.142587
0.00220283	0.154715
0.002547	0.152501
0.00282532	0.156865
-0.0122929	0.154665
-0.0107491	0.148994
-0.00892021	0.151037
-0.0040916	0.148952
-0.00838512	0.146598
-0.0172148	0.149654
-0.0254139	0.153493
-0.0254164	0.153023
-0.0244175	0.153604
-0.0299165	0.150779
-0.0308717	0.135482
-0.0304039	0.142711
-0.024151	0.146471
-0.0330752	0.147084
-0.0316228	0.149597
-0.0411873	0.159128
-0.043351	0.159316
-0.0383013	0.152031
-0.0401595	0.158185
-0.0367343	0.157629
-0.0442285	0.172285
-0.0465329	0.166613
-0.0459042	0.147887
-0.0470456	0.151572
-0.0364725	0.151171
-0.0264296	0.152053
-0.0349905	0.164086
-0.0380612	0.165986
-0.0383006	0.154917
-0.0368472	0.155095
-0.0333362	0.155815
-0.0333272	0.155204
-0.0327379	0.155449
-0.0325936	0.155294
-0.0304014	0.154993
-0.0238263	0.163196
-0.023862	0.159186
-0.00712161	0.150209
-0.0154269	0.166014
-0.0167226	0.167486
-0.0155907	0.163596
-0.0143229	0.161566
-0.00332357	0.152843
-0.00327283	0.15872
0.00121063	0.165052
-0.00322827	0.166374
-0.00275627	0.169109
-0.00246128	0.161038
0.00252279	0.1568
-0.0062783	0.16166
-0.00541007	0.16081
-0.0102445	0.159657
-0.00541963	0.176711
-0.00445223	0.173038
0.00253767	0.156614
0.00101225	0.151458
0.0154655	0.149436
0.0278289	0.150394
0.0313223	0.152915
0.029568	0.14806
0.0198688	0.130368
0.0221223	0.132362
0.0325614	0.131943
0.0304692	0.137322
0.0353001	0.162721
0.0364438	0.160479
0.0281867	0.157894
0.0291607	0.154179
0.0288412	0.15489
0.0358807	0.163375
0.0329092	0.163241
0.0378432	0.137631
0.0559147	0.134994
0.0525594	0.110681
0.0529213	0.118035
0.0474926	0.12495
0.0479503	0.131722
0.0431635	0.129603
0.0400358	0.133645
0.0360015	0.133654
0.0293516	0.139888
0.0292448	0.142433
0.0152387	0.141989
0.0206075	0.134438
0.0224745	0.139226
0.0222359	0.144239
0.0217984	0.143562
0.0221085	0.147477
0.0083288	0.153765
0.00913984	0.157184
0.00926089	0.156599
0.0141496	0.158201
0.0224297	0.162026
0.0237155	0.159754
0.0301337	0.164621
0.0268211	0.144059
0.0235803	0.146294
0.0350325	0.133459
0.039893	0.126516
0.0456795	0.139283
0.0398088	0.132115
0.0392298	0.141789
0.0537724	0.15432
0.0527827	0.173841
0.0467444	0.17858
0.0424795	0.174811
0.038766	0.170232
0.0350434	0.163167
0.0374715	0.159443
0.0343841	0.158411
0.0334408	0.157829
0.0376652	0.149687
0.0604582	0.146563
0.0523865	0.150146
0.0353798	0.158563
0.0296651	0.146009
0.0268912	0.158163
0.0265404	0.158887
0.0236917	0.161407
0.0237769	0.174626
0.00681625	0.169333
0.00382073	0.16746
0.00281139	0.152657
0.0101508	0.155897
0.012585	0.159422
0.0139911	0.162525
0.0179468	0.145933
0.0169484	0.148253
0.0138668	0.172942
0.00895246	0.157741
0.0019454	0.157886
0.0053451	0.150676
0.0198474	0.138869
0.0213215	0.144264
0.0167548	0.147074
0.0129874	0.146747
0.0122952	0.152504
0.016636	0.155291
0.0155393	0.152847
0.01871	0.164282
0.0233355	0.168399
0.0278109	0.175376
0.0263061	0.171067
0.0208463	0.165609
0.0200899	0.163611
0.0222089	0.169108
0.0208732	0.166834
0.0201208	0.166354
0.00852535	0.162749
0.00631985	0.163685
0.00192672	0.149952
-0.000208973	0.137739
0.00813536	0.149573
0.00345262	0.156937
0.00612111	0.155462
-0.00991464	0.153656
-0.0152976	0.154411
-0.0245549	0.147929
-0.0205492	0.150769
-0.0141807	0.152972
-0.00653024	0.159138
-0.00663428	0.158604
-0.00568983	0.158674
-0.00586538	0.158353
-0.00758586	0.168221
-0.00709545	0.166639
-0.00773251	0.16476
-0.00729077	0.16508
0.00384466	0.160583
0.00214689	0.159451
0.00541241	0.157397
0.0336946	0.140185
0.0272647	0.137422
0.0285649	0.146938
0.0212928	0.164501
0.0231015	0.178865
0.0194003	0.178779
0.0195532	0.176356
0.01814	0.172193
0.0268783	0.149465
0.0231226	0.153513
0.0184938	0.151831
0.0207914	0.169561
0.0292483	0.166691
0.0282682	0.14573
0.0280333	0.113765
0.0282748	0.131496
0.0458424	0.125031
0.0532725	0.121881
0.0716429	0.130703
0.0703846	0.141664
0.0765992	0.143722
0.0737732	0.142401
0.0751907	0.141589
0.0693192	0.142839
0.0808625	0.147628
0.0741626	0.150354
0.0708763	0.149665
0.0660425	0.157795
0.0528037	0.153851
0.0497463	0.148769
0.0611045	0.13908
0.0570221	0.14308
0.0632072	0.136418
0.0684389	0.135169
0.0795561	0.142595
0.0792063	0.143625
0.0804427	0.153855
0.0683884	0.15679
0.0658358	0.156648
0.0603094	0.154727
0.041237	0.146251
0.045316	0.136457
0.041876	0.140534
0.0400315	0.144128
0.0391736	0.146853
0.0429905	0.140709
0.0612939	0.155703
0.0568862	0.154734
0.0484656	0.154325
0.0457915	0.164286
0.0336652	0.155596
0.0388998	0.154182
0.0278013	0.170895
0.0333228	0.161151
0.0247108	0.151853
0.0264783	0.159347
0.0226786	0.162592
0.0206429	0.161531
0.0145958	0.153675
0.00619543	0.163371
0.00800115	0.158663
0.0041253	0.157619
0.0061956	0.142695
0.00236284	0.148806
-0.00611576	0.146761
-0.00921982	0.152963
-0.00612607	0.1532
-0.00575104	0.155718
-0.0104154	0.153946
-0.0151282	0.152251
-0.0152677	0.14692
-0.0108131	0.147937
-0.000713381	0.151422
-0.00110152	0.157559
-0.00153278	0.157402
-0.00977865	0.152131
-0.0128405	0.156875
-0.0144756	0.15378
-0.0227145	0.153296
-0.0194873	0.142546
-0.0239445	0.14596
-0.0227994	0.153878
-0.0116093	0.145151
-0.0194218	0.146752
-0.0195322	0.1459
-0.0162674	0.14747
-0.0133353	0.154145
-0.00604979	0.157951
-0.00359114	0.162011
-0.00214594	0.160702
-0.00147662	0.167086
-0.00494838	0.158111
-0.00137924	0.157292
0.00820278	0.157854
0.0065125	0.156739
0.0335516	0.170976
0.0321319	0.168294
0.0250156	0.158266
0.0264208	0.148251
0.0275434	0.149627
0.030943	0.146549
0.0301969	0.142442
0.0305358	0.143759
0.0375699	0.142803
0.0598	0.127192
0.054719	0.124001
0.0646804	0.129331
0.0647513	0.13059
0.0578099	0.141019
0.0619595	0.141375
0.0635139	0.141693
0.0637393	0.142841
0.0669835	0.149023
0.0684749	0.143135
0.0624729	0.13488
0.0647058	0.146
0.067707	0.157043
0.0596792	0.140482
0.0647312	0.141401
0.057124	0.146466
0.0582706	0.14037
0.0653888	0.128774
0.0656397	0.126291
0.0598386	0.127893
0.0637975	0.138548
0.0668876	0.138196
0.0635901	0.143459
0.0517973	0.152274
0.0542268	0.150769
0.045464	0.154777
0.0479749	0.153998
0.0464395	0.150822
0.0629231	0.178234
0.0643233	0.170866
0.0657671	0.158639
0.0702578	0.158226
0.0765054	0.173234
0.0868324	0.160841
0.0819931	0.151193
0.0838473	0.147177
0.091424	0.150405
0.0932143	0.132386
0.0873242	0.132143
