-0.0956751	0.0987398
-0.0937105	0.101355
-0.0911249	0.109875
-0.0870962	0.111441
-0.0934562	0.116298
-0.0771961	0.107996
-0.0778229	0.11674
-0.0740232	0.110049
-0.0669544	0.125052
-0.0653841	0.131655
-0.0646453	0.132603
-0.0429366	0.155918
-0.0294265	0.159365
-0.032742	0.163994
-0.026999	0.180302
-0.0109291	0.164428
0.0145912	0.165736
0.00777335	0.146622
0.00214412	0.133812
-0.00144535	0.140822
0.00341818	0.145385
0.000596018	0.144312
0.0181677	0.143731
0.0169038	0.136451
0.0221232	0.1399
0.0312125	0.143383
0.0347407	0.144221
0.0442234	0.1379
0.0484995	0.137667
0.0501247	0.131302
0.0548373	0.13245
0.0794468	0.146042
0.0792802	0.167488
0.0634778	0.151994
0.0721594	0.148895
0.0675957	0.144876
0.0725637	0.1453
0.0822779	0.146852
0.0831481	0.145477
0.0883526	0.146054
0.0906587	0.147255
0.0954392	0.135397
0.0942783	0.143151
0.0938307	0.138486
0.0945607	0.130389
0.0821577	0.128439
0.0839992	0.128577
0.0857785	0.13188
0.0930989	0.135616
0.101282	0.149665
0.099873	0.145317
0.0999186	0.139972
0.111036	0.136366
0.0956238	0.145098
0.0977122	0.143698
0.0849672	0.131468
0.0860679	0.127146
0.0942183	0.132451
0.0959891	0.127439
0.090176	0.112675
0.0922898	0.0966018
0.0938601	0.102661
0.103483	0.120643
0.104245	0.119643
0.111275	0.118676
0.111797	0.123923
0.109212	0.130938
0.10066	0.12565
0.104786	0.115863
0.114643	0.121871
0.129882	0.113027
0.125317	0.109623
0.120393	0.111932
0.115039	0.100574
0.121192	0.0898827
0.119764	0.0956437
0.13297	0.0851045
0.144716	0.0907977
0.139763	0.0998487
0.137776	0.0949634
0.131328	0.100943
0.126023	0.0992006
0.12554	0.101502
0.126336	0.100718
0.135482	0.0981376
0.134506	0.0969901
0.136491	0.100068
0.134692	0.0989854
0.130521	0.11299
0.127097	0.115161
0.122226	0.11009
0.112188	0.1029
0.112125	0.100953
0.118391	0.108538
0.115152	0.112077
0.115396	0.111258
0.118683	0.102644
0.125513	0.100617
0.115153	0.099444
0.111993	0.100164
0.112931	0.102956
0.102556	0.0949309
0.103338	0.0972061
0.104742	0.102664
0.115343	0.101579
0.116405	0.101167
0.117386	0.101015
0.114618	0.118966
0.113912	0.117442
0.106472	0.116572
0.110511	0.120065
0.110592	0.118241
0.133391	0.114951
0.132985	0.103525
0.143127	0.101528
0.143248	0.10479
0.157812	0.110735
0.152036	0.106593
0.137248	0.117629
0.131242	0.113949
0.135917	0.113226
0.133783	0.111446
0.123724	0.112885
0.12652	0.10749
0.125108	0.101756
0.135418	0.0974297
0.139902	0.0858312
0.141141	0.0831623
0.141217	0.0762106
0.129611	0.0834083
0.127109	0.0849394
0.126574	0.0892291
0.149193	0.0963159
0.145631	0.0937429
0.151323	0.100936
0.154001	0.094647
0.14989	0.0926972
0.146673	0.0906564
0.138269	0.10313
0.142585	0.0906412
0.140081	0.089714
0.139751	0.0951316
0.153334	0.0950755
0.148663	0.0926588
0.156652	0.0728079
0.158099	0.0712658
0.154152	0.0676928
0.156942	0.0680523
0.164512	0.0639965
0.158956	0.0711707
0.160417	0.081177
0.160195	0.0854427
0.160142	0.0793427
0.155255	0.0795623
0.138751	0.0843813
0.138316	0.0811997
0.141491	0.0774841
0.140474	0.068028
0.132247	0.0718933
0.12938	0.0709714
0.102604	0.0739202
0.099831	0.0839861
0.090124	0.0746393
0.11227	0.0854908
0.124152	0.0946283
0.121688	0.0951621
0.121533	0.0891026
0.127393	0.0866624
0.136745	0.0875821
0.152809	0.0806786
0.145135	0.0956504
0.133928	0.0912971
0.140546	0.0855272
0.139514	0.0832689
0.147311	0.0737357
0.140987	0.069612
0.143877	0.0708679
0.137768	0.0740879
0.129767	0.0669146
0.134449	0.0834572
0.131144	0.0821016
0.132093	0.0799174
0.137302	0.0745246
0.133192	0.0754351
0.134059	0.0763419
0.125187	0.0660905
0.122865	0.0693125
0.127538	0.072368
0.122054	0.0755197
0.12366	0.078822
0.12773	0.07091
0.129647	0.0724116
0.130948	0.0735746
0.129107	0.076096
0.128818	0.0625509
0.131117	0.064547
0.137725	0.0668239
0.127812	0.0659172
0.131535	0.0709056
0.114256	0.0726997
0.11902	0.0769691
0.103896	0.0954479
0.10486	0.0840902
0.109056	0.0863414
0.124297	0.0852218
0.101438	0.0858024
0.108293	0.071272
0.113405	0.0732232
0.112535	0.065161
0.117781	0.0706002
0.119235	0.0741525
0.117133	0.0770447
0.12364	0.0774352
0.122199	0.0887533
0.119657	0.0950978
0.120323	0.0938838
0.113073	0.0848199
0.1051	0.0852408
0.109203	0.0785799
0.120794	0.0890037
0.13258	0.0963302
0.133007	0.0977384
0.135631	0.115024
0.126115	0.106774
0.100159	0.103694
0.0985135	0.112152
0.103019	0.0998813
0.109853	0.0959306
0.113953	0.0966399
0.116233	0.0951838
0.116721	0.0883804
0.123263	0.0910563
0.128513	0.100327
0.122244	0.0995919
0.102655	0.104079
0.10494	0.0870357
0.104026	0.0921104
0.108678	0.0959986
0.107133	0.104086
0.107335	0.106814
0.114643	0.104035
0.120435	0.0907159
0.123726	0.0867853
0.147604	0.0863979
0.152143	0.0824047
0.150892	0.0829935
0.148429	0.0820596
0.149976	0.0789046
0.151612	0.0838027
0.146688	0.0887223
0.118823	0.0963174
0.118755	0.0851531
0.119903	0.0838096
0.122287	0.0714593
0.128782	0.0760653
0.128326	0.0828282
0.123912	0.0897256
0.127144	0.0882881
0.129376	0.104292
0.131557	0.124481
0.12777	0.121355
0.126415	0.112721
0.125387	0.110288
0.134136	0.109761
0.121439	0.099897
0.115687	0.105227
0.122803	0.115019
0.121468	0.1226
0.120598	0.122077
0.119426	0.120553
0.121782	0.112387
0.121841	0.110536
0.118145	0.105699
0.124958	0.106388
0.113568	0.1043
0.117831	0.119385
0.111309	0.120185
0.111596	0.118476
0.0887313	0.122617
0.0966594	0.130785
0.10914	0.116259
0.108486	0.111241
0.0998016	0.113972
0.102423	0.114078
0.0995586	0.115494
0.113632	0.1107
0.116197	0.109607
0.109918	0.0972236
0.117592	0.111491
0.120015	0.1161
0.134021	0.118943
0.134322	0.121793
0.134425	0.118805
0.128506	0.12743
0.123054	0.12501
0.133744	0.119951
0.131363	0.115987
0.125169	0.0971871
0.12566	0.0958553
0.12427	0.0948525
0.123467	0.0984504
0.107343	0.0976765
0.112866	0.102164
0.129982	0.0864771
0.123538	0.0902786
0.123065	0.087926
0.12939	0.0837402
0.128421	0.0942337
0.123987	0.0951199
0.13625	0.102362
0.132584	0.103577
0.129117	0.106133
0.116067	0.0937998
0.115063	0.0965243
0.108187	0.100412
0.102086	0.107553
0.103338	0.109822
0.105943	0.113961
0.110733	0.1081
0.108054	0.0965816
0.11113	0.0969085
0.133871	0.0918238
0.133102	0.0923166
0.118248	0.0906653
0.119918	0.0911656
0.112879	0.103139
0.113492	0.0958513
0.115547	0.0929979
0.118329	0.0959755
0.124415	0.090418
0.126107	0.0876341
0.129069	0.0852344
0.12908	0.088042
0.125722	0.0887851
0.108138	0.0942537
0.106802	0.0928834
0.130161	0.0965517
0.130537	0.0881752
0.133036	0.0890706
0.128641	0.0866719
0.133512	0.0876142
0.14288	0.0839244
0.14597	0.0848752
0.157681	0.0757513
0.155967	0.0727886
0.168271	0.0750983
0.159868	0.084356
0.144717	0.0856565
0.321338	-0.224922
0.282343	-0.200731
0.250171	-0.177391
0.222404	-0.144768
0.201982	-0.136407
0.189511	-0.137616
0.176	-0.130777
0.168009	-0.126325
0.148293	-0.132382
0.148355	-0.119513
0.150175	-0.12358
0.13905	-0.11992
0.124408	-0.121117
0.125976	-0.0950157
0.138614	-0.108706
0.131467	-0.105768
0.129482	-0.107562
0.12716	-0.101379
0.127331	-0.104513
0.123718	-0.118885
0.123558	-0.129184
0.117487	-0.131954
0.0913108	-0.1303
0.0834317	-0.129762
0.0827944	-0.13723
0.0849101	-0.133531
0.0836336	-0.133971
0.0856675	-0.150975
0.0770443	-0.127327
0.090116	-0.134494
0.0982849	-0.132577
0.113372	-0.134152
0.110113	-0.127315
0.107352	-0.127924
0.105612	-0.12824
0.105385	-0.133266
0.107545	-0.137043
0.104834	-0.136658
0.100288	-0.133829
0.095746	-0.103809
0.0974281	-0.104839
0.0949999	-0.110413
0.100852	-0.124176
0.102599	-0.119248
0.106499	-0.123693
0.106827	-0.109409
0.109266	-0.110259
0.109854	-0.111656
0.10811	-0.113448
0.106853	-0.113572
0.106773	-0.115381
0.10577	-0.11818
0.0984411	-0.116203
0.104709	-0.114284
0.107605	-0.105768
0.105783	-0.108336
0.104885	-0.104481
0.108088	-0.117874
0.107275	-0.117525
0.0881502	-0.119347
0.0876145	-0.12646
0.0921213	-0.123362
0.0893009	-0.108332
0.0915591	-0.121372
0.0896467	-0.116895
0.093972	-0.111348
0.0944891	-0.114015
0.092242	-0.119936
0.0989215	-0.131605
0.0983184	-0.129915
0.0953239	-0.136549
0.0946986	-0.134946
0.0882022	-0.145166
0.0896458	-0.157364
0.0860242	-0.152514
0.0771597	-0.144004
0.076735	-0.149964
0.0730419	-0.149639
0.0667064	-0.144049
0.0675855	-0.145652
0.0728157	-0.147924
0.0716913	-0.145684
0.0632734	-0.140054
0.0561387	-0.14311
0.0571538	-0.143854
0.0540226	-0.144558
0.0559021	-0.143512
0.0574857	-0.143777
0.0545887	-0.139463
0.0582266	-0.144732
0.0560122	-0.153522
0.0520406	-0.155474
0.0527251	-0.155236
0.0529213	-0.154531
0.0564402	-0.153567
0.0546156	-0.153186
0.0555091	-0.151194
0.0470828	-0.145928
0.0462517	-0.141406
0.0451631	-0.141239
0.0441248	-0.143737
0.0428328	-0.142836
0.0411604	-0.151385
0.035635	-0.159991
0.0425406	-0.166237
0.044581	-0.158319
0.043182	-0.162906
0.0464106	-0.158611
0.0453349	-0.15815
0.0405104	-0.150593
0.0265329	-0.160095
0.0184664	-0.140324
0.0251935	-0.149243
0.0275393	-0.153253
0.0326302	-0.149582
0.0470832	-0.138927
0.0540144	-0.135821
0.0569544	-0.135959
0.0546915	-0.130969
0.0610731	-0.137493
0.068286	-0.133249
0.0672132	-0.120874
0.0788705	-0.12754
0.0844278	-0.118837
0.0867049	-0.121639
0.0752544	-0.123804
0.0881325	-0.123858
0.082587	-0.115378
0.0862176	-0.118786
0.0876401	-0.120794
0.0911922	-0.12238
0.0890771	-0.123189
0.0899753	-0.127893
0.0877103	-0.128982
0.0870016	-0.122013
0.0697264	-0.121252
0.0768928	-0.121758
0.0810717	-0.124273
0.080262	-0.122191
0.0891228	-0.126641
0.101823	-0.117388
0.103873	-0.104432
0.105724	-0.105369
0.114014	-0.111211
0.114116	-0.110852
0.114344	-0.108988
0.101173	-0.107546
0.0906457	-0.0978946
0.105897	-0.101924
0.115553	-0.0931436
0.121885	-0.0989161
0.124707	-0.0993508
0.126614	-0.0985053
0.124476	-0.102086
0.126326	-0.091122
0.122871	-0.0908354
0.10753	-0.0887284
0.111019	-0.0872804
0.120849	-0.089147
0.122641	-0.0918931
0.119001	-0.0938928
0.131221	-0.0849649
0.137621	-0.0935757
0.137251	-0.0905623
0.135744	-0.0882033
0.137355	-0.0680254
0.140147	-0.0756476
0.14783	-0.0709659
0.152724	-0.0606928
0.158829	-0.0587818
0.152314	-0.0682968
0.146957	-0.0703486
0.146437	-0.0704486
0.144308	-0.0858347
0.146359	-0.0836172
0.139016	-0.0757123
0.136946	-0.0752379
0.130943	-0.0846061
0.131533	-0.0823273
0.134643	-0.0814063
0.137128	-0.08243
0.134893	-0.0843338
0.13381	-0.0838127
0.140116	-0.0691002
0.157283	-0.0851053
0.153695	-0.0914995
0.139305	-0.09932
0.120799	-0.100438
0.120724	-0.098143
0.126091	-0.110348
0.128865	-0.120667
0.123956	-0.115291
0.132109	-0.114873
0.136529	-0.112038
0.12028	-0.112686
0.116723	-0.106757
0.107824	-0.103536
0.111422	-0.102595
0.119266	-0.110454
0.0997265	-0.116147
0.09813	-0.115101
0.0966937	-0.106662
0.0923327	-0.0880913
0.101635	-0.0908026
0.0896888	-0.105593
0.110465	-0.113353
0.119345	-0.108191
0.117897	-0.108199
0.114877	-0.113637
0.116395	-0.111846
0.117674	-0.111249
0.119629	-0.109972
0.120068	-0.108125
0.122096	-0.0962897
0.135022	-0.0871412
0.140417	-0.0786739
0.13754	-0.0522167
0.138583	-0.048436
0.138459	-0.043084
0.143716	-0.04358
0.147791	-0.0394492
0.149564	-0.0361588
0.157055	-0.0158419
0.156868	-0.00602446
0.151866	0.00655731
0.155931	0.0150478
0.148685	0.0218137
0.147632	0.0260205
0.148368	0.0455698
0.14774	0.0495286
0.145348	0.0544976
0.144069	0.0595373
0.148311	0.0634488
0.138075	0.0736707
0.136542	0.0761982
0.136412	0.0769697
0.160391	0.0911562
0.131695	0.0806302
0.133546	0.0798272
0.1352	0.0818998
0.135624	0.0816605
0.134814	0.0823847
0.135178	0.0852805
0.135769	0.0623918
0.126035	0.0563632
0.128393	0.0579041
0.131548	0.0577425
0.145161	0.0468079
0.140684	0.0453207
0.140275	0.027081
0.155556	0.0225192
0.154402	0.0199971
0.149788	0.00448256
0.144828	-0.0122487
0.151421	-0.0346864
0.154187	-0.0402177
0.143681	-0.0394627
0.149963	-0.0641019
0.149801	-0.0781441
0.154394	-0.0752544
0.14756	-0.0817964
0.137597	-0.0888269
0.133461	-0.0915237
0.135898	-0.0837035
0.130221	-0.0861493
0.126138	-0.0873695
0.123178	-0.0891014
0.119276	-0.0934177
0.115592	-0.0982694
0.113322	-0.0987159
0.0988348	-0.111303
0.109675	-0.118704
0.111662	-0.121104
0.107201	-0.116729
0.102148	-0.11292
0.11469	-0.124604
0.124397	-0.128214
0.116318	-0.128568
0.111767	-0.129368
0.112636	-0.128299
0.109295	-0.13201
0.101277	-0.131676
0.0983761	-0.134364
0.0949673	-0.138159
0.0963335	-0.143438
0.0889815	-0.143313
0.0837623	-0.144306
0.0824704	-0.136041
0.0727068	-0.129559
0.0699434	-0.120775
0.0676469	-0.126727
0.0605988	-0.133874
0.0565705	-0.137066
0.0546699	-0.141873
0.0612048	-0.146741
0.0551413	-0.1482
0.0396306	-0.144263
0.0369881	-0.148023
0.0264395	-0.150553
0.0317795	-0.154894
0.0315667	-0.157505
0.0237661	-0.163055
0.0151048	-0.162426
0.0145148	-0.176323
0.0075055	-0.171712
-0.00879593	-0.170797
-0.0145207	-0.172426
-0.0162337	-0.160626
-0.0195565	-0.161693
-0.017816	-0.137113
-0.0146085	-0.138237
-0.0214604	-0.136123
-0.0250915	-0.140445
-0.0237496	-0.138901
-0.021617	-0.141362
-0.0283052	-0.135519
-0.039252	-0.124476
-0.0471924	-0.125515
-0.0494282	-0.125848
-0.0419936	-0.127859
-0.0425135	-0.126444
-0.0431343	-0.122167
-0.0412121	-0.125903
-0.0383689	-0.12606
-0.0578702	-0.150583
-0.0563321	-0.151857
-0.0527202	-0.150202
-0.0579664	-0.148507
-0.0622077	-0.147226
-0.0615331	-0.147165
-0.0758144	-0.149463
-0.080727	-0.13423
-0.0802547	-0.130732
-0.0693937	-0.135208
-0.0469504	-0.139116
-0.0521459	-0.146062
-0.0532637	-0.158538
-0.0528306	-0.165427
-0.0435988	-0.16062
-0.0359325	-0.150752
-0.0342191	-0.155674
-0.0364265	-0.160484
-0.0284275	-0.156932
-0.0290612	-0.156454
-0.0298902	-0.151672
-0.030027	-0.15209
-0.0379348	-0.156823
-0.0379092	-0.15741
-0.0422224	-0.147708
-0.0399608	-0.157735
-0.0377117	-0.142658
-0.0333823	-0.156292
-0.0387221	-0.15817
-0.040416	-0.153455
-0.0391757	-0.141103
-0.0436953	-0.141865
-0.0377499	-0.138818
-0.0412288	-0.139693
-0.0417864	-0.150748
-0.0291176	-0.136055
-0.0306369	-0.145272
-0.0311755	-0.145891
-0.0294381	-0.148891
-0.0359875	-0.151156
-0.0293072	-0.152269
-0.0234048	-0.149929
-0.0279622	-0.149611
-0.0354899	-0.153837
-0.0353969	-0.153278
-0.0398041	-0.169843
-0.0441547	-0.177322
-0.0539618	-0.157633
-0.0555074	-0.165327
-0.0551665	-0.169642
-0.0544306	-0.16378
-0.0571524	-0.161815
-0.0483331	-0.159973
-0.0507152	-0.158154
-0.0504193	-0.15657
-0.0705251	-0.16976
-0.077059	-0.151237
-0.0849026	-0.150384
-0.0780019	-0.146389
-0.0765098	-0.141421
-0.0640704	-0.138175
-0.0783717	-0.135106
-0.0804021	-0.125404
-0.0821066	-0.126979
-0.0851205	-0.128093
-0.0946855	-0.126508
-0.0934859	-0.12723
-0.088208	-0.116654
-0.0831668	-0.12491
-0.0999272	-0.139188
-0.0996704	-0.147036
-0.104554	-0.146209
-0.0858634	-0.137406
-0.0834915	-0.137161
-0.0777602	-0.132889
-0.0777291	-0.133656
-0.0845197	-0.132693
-0.0827609	-0.124304
-0.08255	-0.123466
-0.0828512	-0.125614
-0.0839743	-0.123231
-0.0871939	-0.125496
-0.0954622	-0.122575
-0.0932343	-0.12754
-0.090065	-0.140566
-0.0907876	-0.14058
-0.0880037	-0.128644
-0.089122	-0.134562
-0.0812231	-0.120712
-0.0926122	-0.125932
-0.0922994	-0.123977
-0.0924863	-0.118287
-0.0851047	-0.124961
-0.0845688	-0.125871
-0.084246	-0.132494
-0.0786086	-0.132117
-0.0793231	-0.137666
-0.0747633	-0.133719
-0.0779552	-0.12681
-0.0744973	-0.104312
-0.0765959	-0.101686
-0.0900234	-0.110054
-0.087703	-0.0975589
-0.0975039	-0.108008
-0.0905712	-0.107803
-0.0815351	-0.108297
-0.0796339	-0.108248
-0.0805262	-0.116166
-0.0904832	-0.108044
-0.0935099	-0.116303
-0.0913672	-0.119563
-0.0938457	-0.117978
-0.0884289	-0.129346
-0.103043	-0.129735
-0.100657	-0.136752
-0.0990728	-0.135403
-0.09151	-0.131241
-0.106314	-0.143452
-0.10419	-0.143117
-0.0922187	-0.148718
-0.0853365	-0.147099
-0.0886371	-0.143899
-0.0910929	-0.150888
-0.0820939	-0.151653
-0.0848553	-0.143338
-0.0816082	-0.136531
-0.081645	-0.135798
-0.0776342	-0.131435
-0.0885603	-0.13727
-0.0719611	-0.131752
-0.0763565	-0.154926
-0.0704532	-0.151959
-0.0606685	-0.156359
-0.0544181	-0.15922
-0.0772366	-0.159688
-0.0691719	-0.162299
-0.0708883	-0.178435
-0.0660738	-0.174256
-0.0544063	-0.184179
-0.0542636	-0.176896
-0.0530727	-0.172251
-0.0531012	-0.168095
-0.0399172	-0.162316
-0.0380808	-0.163763
-0.0369421	-0.154818
-0.0308551	-0.157649
-0.032366	-0.156315
-0.019911	-0.150054
-0.0312688	-0.153122
-0.0363395	-0.139948
-0.0407456	-0.143107
-0.0371504	-0.147386
-0.0398982	-0.142545
-0.0505496	-0.137199
-0.0616283	-0.169898
-0.0605971	-0.165194
-0.067068	-0.155049
-0.0656836	-0.15385
-0.0674232	-0.160037
-0.0690109	-0.156355
-0.0662795	-0.156322
-0.0653227	-0.151477
-0.0728383	-0.151696
-0.0742854	-0.147425
-0.0824845	-0.151081
-0.0886708	-0.158288
-0.0871277	-0.155443
-0.0881498	-0.149227
-0.0794173	-0.145291
-0.0761679	-0.149051
-0.0740731	-0.154733
-0.0723324	-0.142218
-0.0735854	-0.15156
-0.0686148	-0.145167
-0.0685835	-0.154331
-0.066734	-0.155532
-0.0679702	-0.144633
-0.0664117	-0.151172
-0.0664192	-0.152949
-0.0701731	-0.1538
-0.0661846	-0.167908
-0.0769969	-0.15565
-0.0747338	-0.154606
-0.0824977	-0.145252
-0.0851732	-0.148839
-0.0847799	-0.151635
-0.0832281	-0.152436
-0.0792381	-0.14829
-0.0746548	-0.137034
-0.0737327	-0.132565
-0.0638578	-0.118835
-0.051546	-0.131747
-0.0708003	-0.127029
-0.0716007	-0.127964
-0.0920823	-0.135788
-0.0977553	-0.131422
-0.0947135	-0.134409
-0.0966588	-0.147394
-0.0959066	-0.144949
-0.0837287	-0.148748
-0.0822388	-0.148223
-0.0867309	-0.141543
-0.086581	-0.14118
-0.0722516	-0.130564
-0.0632815	-0.124342
-0.0705606	-0.113875
-0.0526544	-0.130152
-0.0573532	-0.125009
-0.0500512	-0.1315
-0.0547835	-0.134504
-0.0573887	-0.141456
-0.0643898	-0.151394
-0.0644048	-0.149729
-0.0651067	-0.150035
-0.0569303	-0.161629
-0.0640331	-0.162421
-0.0634209	-0.159603
-0.0627764	-0.156727
-0.0645995	-0.152
-0.0651682	-0.150868
-0.0594396	-0.150086
-0.059687	-0.150773
-0.0568819	-0.149742
-0.0583128	-0.151368
-0.0436878	-0.132606
-0.0465013	-0.133811
-0.0483497	-0.127118
-0.0545441	-0.12613
-0.057207	-0.129227
-0.0612067	-0.130877
-0.0573973	-0.145156
-0.0525872	-0.144654
-0.0447773	-0.165025
-0.0427864	-0.157661
-0.0479159	-0.167685
-0.0480356	-0.164057
-0.0490417	-0.152206
-0.0542073	-0.157464
-0.0558492	-0.155445
-0.0553036	-0.154485
-0.0582532	-0.156205
-0.0760237	-0.160045
-0.073381	-0.157077
-0.0756803	-0.154337
-0.0820784	-0.160984
-0.0724372	-0.160835
-0.0857156	-0.168311
-0.0808749	-0.180814
-0.0782598	-0.173238
-0.0728185	-0.164089
-0.0645091	-0.158717
-0.0722713	-0.160374
-0.0549208	-0.151399
-0.0483125	-0.151917
-0.0503273	-0.150714
-0.0490511	-0.145167
-0.0540191	-0.142997
-0.0555101	-0.146642
-0.0617091	-0.150226
-0.0497293	-0.165233
-0.0455616	-0.161039
-0.0483655	-0.162065
-0.0566152	-0.136486
-0.054329	-0.132777
-0.0503168	-0.139703
-0.0534676	-0.138858
-0.048234	-0.137127
-0.0611688	-0.142357
-0.060743	-0.144259
-0.0565827	-0.148735
-0.0581161	-0.14306
-0.0771555	-0.159393
-0.0761737	-0.159438
-0.0596714	-0.168407
-0.0531096	-0.15839
-0.0558312	-0.156878
-0.0457246	-0.149211
-0.0447106	-0.146873
-0.042796	-0.144305
-0.0388393	-0.166585
-0.0367339	-0.163128
-0.0533073	-0.159711
-0.0504841	-0.156346
-0.0555012	-0.147736
-0.0620335	-0.151008
-0.0561025	-0.152526
-0.0618654	-0.156491
-0.0626459	-0.151691
-0.0501778	-0.140822
-0.0540185	-0.132976
-0.076739	-0.134824
-0.0759171	-0.135882
-0.0776906	-0.139424
-0.0802926	-0.13884
-0.0791715	-0.141932
-0.0909985	-0.153463
-0.0896772	-0.148919
-0.0852704	-0.148941
-0.0814458	-0.136631
-0.0714562	-0.126753
-0.0714495	-0.126945
-0.0653947	-0.123472
-0.0664621	-0.123565
-0.0716979	-0.12608
-0.0735587	-0.12705
-0.072032	-0.128367
-0.06587	-0.125853
-0.0610535	-0.120514
-0.0647917	-0.131092
-0.0649359	-0.149124
-0.0540093	-0.153304
-0.0526477	-0.147304
-0.0562936	-0.147417
-0.0448064	-0.158994
-0.0486405	-0.160082
-0.0486234	-0.153993
-0.0393294	-0.154733
-0.0381729	-0.155547
-0.0385295	-0.155936
-0.0353164	-0.165495
-0.028506	-0.164927
-0.0373114	-0.16198
-0.0312134	-0.170128
-0.0235849	-0.171546
-0.0198713	-0.16973
-0.0192791	-0.166878
-0.0162059	-0.162551
-0.0177705	-0.157736
-0.0197586	-0.157509
-0.0134125	-0.153817
-0.00942119	-0.155977
-0.0154237	-0.1637
-0.012192	-0.17215
-0.00466647	-0.177792
-0.0170274	-0.178601
-0.0153627	-0.163455
-0.0149941	-0.162934
-0.0229257	-0.160517
-0.0197174	-0.145039
-0.0191332	-0.146543
-0.0287749	-0.141554
-0.0315328	-0.158163
-0.0314962	-0.157171
-0.0427824	-0.147424
-0.0392284	-0.147162
-0.0291889	-0.150331
-0.0442543	-0.161242
-0.0467087	-0.164463
-0.0501593	-0.16754
-0.0406598	-0.177493
-0.0491354	-0.172216
-0.0449334	-0.167868
-0.0420496	-0.160826
-0.0413694	-0.159829
-0.0344984	-0.161546
-0.0315908	-0.167236
-0.0328154	-0.158072
-0.0309196	-0.161994
-0.0304021	-0.157512
-0.0269282	-0.159111
-0.0217838	-0.159183
-0.0131638	-0.165587
-0.0108626	-0.160291
-0.00912739	-0.162217
-0.0280448	-0.156813
-0.0259526	-0.158096
-0.0278086	-0.170312
-0.0320591	-0.156909
-0.0388811	-0.159566
-0.0226345	-0.169181
-0.0285576	-0.1459
-0.0269006	-0.145962
-0.0285107	-0.14708
-0.0304363	-0.148932
-0.024963	-0.163819
-0.0222868	-0.150236
-0.0255685	-0.156691
-0.0255864	-0.156761
-0.0248353	-0.157305
-0.0236535	-0.160959
-0.0281167	-0.157671
-0.0283687	-0.157331
-0.0299123	-0.159012
-0.0343487	-0.15845
-0.0348706	-0.154938
-0.0270074	-0.150335
-0.0163759	-0.141278
0.000846588	-0.142792
-0.0120737	-0.154313
0.0100569	-0.156605
0.00699395	-0.156739
0.00447269	-0.146904
0.00516892	-0.157625
0.00523392	-0.157629
0.00611527	-0.153831
0.0104282	-0.157767
0.00584056	-0.15831
0.0156921	-0.164926
0.0183194	-0.165791
0.0296064	-0.15797
0.0259691	-0.159687
0.0246621	-0.149067
0.0138977	-0.145138
0.00105454	-0.161456
-0.00112971	-0.166802
-0.0236056	-0.158844
-0.024832	-0.158982
-0.0387581	-0.169737
-0.0372876	-0.166209
-0.0261366	-0.162021
-0.0173363	-0.182914
-0.0169027	-0.174918
-0.00615925	-0.167768
-0.00634998	-0.16809
0.00820801	-0.16835
-0.00339927	-0.177038
0.0117871	-0.173181
0.00789895	-0.171606
0.0101261	-0.167839
0.0121806	-0.16007
0.0243106	-0.162276
0.0251794	-0.153236
0.046404	-0.169896
0.0571323	-0.166681
0.0614572	-0.182063
0.0627176	-0.175493
0.061804	-0.170878
0.0487815	-0.17204
0.0376714	-0.164654
0.0477946	-0.160726
0.0577194	-0.153688
0.0599088	-0.155478
0.0401934	-0.162175
0.0434111	-0.148236
0.0486355	-0.133696
0.0510553	-0.139715
0.0500772	-0.143083
0.0492497	-0.134497
0.0549886	-0.13586
0.0501488	-0.132894
0.0534111	-0.12087
0.0541545	-0.12694
0.0512652	-0.136686
0.0540443	-0.130872
0.0540648	-0.137669
0.0764381	-0.134147
0.0745685	-0.13579
0.0724791	-0.137364
0.0623587	-0.12423
0.0598552	-0.123941
0.067152	-0.131313
0.0658979	-0.12613
0.0725876	-0.146355
0.0723705	-0.150113
0.0732812	-0.148819
0.0664981	-0.153811
0.0617143	-0.153226
0.0594378	-0.152327
0.0796467	-0.150473
0.0804739	-0.139606
0.0827722	-0.147496
0.0702742	-0.157094
0.0740076	-0.147444
0.0870018	-0.137399
0.0734765	-0.142541
0.0662174	-0.139924
0.0578429	-0.147615
0.063979	-0.16288
0.0428993	-0.167059
0.0320745	-0.171495
0.034986	-0.159689
0.0414351	-0.168859
0.0436841	-0.174856
0.0412455	-0.167511
0.0354212	-0.158842
0.0148149	-0.159557
0.0145819	-0.170492
0.0182725	-0.161499
0.025376	-0.161493
0.0314558	-0.159875
0.0358349	-0.153483
0.0365129	-0.157034
0.0297019	-0.144709
0.0312209	-0.144979
0.0330288	-0.136002
0.0331421	-0.142659
0.0296392	-0.153892
0.0362616	-0.148967
0.0329042	-0.137907
0.0256714	-0.139064
0.0265532	-0.142164
0.0223865	-0.140452
0.0224913	-0.144067
0.0244965	-0.147635
0.0379666	-0.140118
0.0429793	-0.139984
0.048843	-0.142355
0.0486773	-0.145254
0.0526546	-0.154871
0.0571112	-0.161101
0.0504369	-0.159121
0.0406587	-0.16581
0.0410244	-0.16246
0.0405803	-0.162182
0.0364025	-0.162885
0.0356405	-0.168874
0.0364202	-0.161249
0.0343683	-0.174388
0.0242288	-0.174812
0.0290132	-0.178466
0.0233499	-0.172401
0.0106548	-0.174747
0.0214302	-0.18433
0.0150906	-0.161834
0.0160981	-0.161103
0.0232322	-0.149864
0.0239981	-0.156141
0.0250065	-0.14692
0.0231777	-0.153303
0.0141945	-0.154058
0.0118183	-0.164281
0.00891258	-0.158369
0.0082849	-0.158345
0.00747508	-0.151986
0.0115893	-0.146753
0.00973395	-0.136537
0.018911	-0.139519
0.0205437	-0.142739
0.0170804	-0.144999
0.012892	-0.15152
0.0177045	-0.142336
0.0217778	-0.145471
0.0231074	-0.140918
0.0251522	-0.143413
0.0222986	-0.151243
0.0215173	-0.151518
0.0241627	-0.144806
-0.00170345	-0.158703
-0.00868941	-0.184388
0.00137504	-0.18847
0.00508882	-0.18271
0.0148046	-0.177006
0.0254833	-0.152873
0.0409476	-0.139259
0.0465187	-0.137925
0.0530894	-0.141387
0.0584667	-0.147255
0.0533895	-0.13723
0.0653874	-0.134667
0.0659448	-0.133262
0.0513118	-0.135384
0.0475989	-0.147294
0.0471793	-0.147553
0.0466957	-0.149673
0.0302956	-0.164099
0.0327781	-0.159109
0.0472291	-0.13958
0.0388243	-0.15628
0.0415017	-0.157456
0.0412734	-0.148649
0.0429344	-0.150926
0.052564	-0.153388
0.0215241	-0.137058
0.0341582	-0.13158
0.0267506	-0.130216
0.0299316	-0.129323
0.0313748	-0.138405
0.0326872	-0.141849
0.0401022	-0.145799
0.0382569	-0.155945
0.0420281	-0.161885
0.0388549	-0.156929
0.0327563	-0.161142
0.0168123	-0.161144
0.0314544	-0.182382
0.0478444	-0.1741
0.052093	-0.170329
0.0451798	-0.174455
0.0454435	-0.157669
0.0455212	-0.157674
0.0428838	-0.157129
0.0477848	-0.149373
0.0504159	-0.148963
0.0774018	-0.150532
0.0796536	-0.153389
0.0712187	-0.148952
0.0504324	-0.129725
0.0542199	-0.134715
0.0574547	-0.114696
0.0683421	-0.122475
0.0614303	-0.129479
0.0698585	-0.12861
0.0687162	-0.129879
0.0691248	-0.13176
0.0634093	-0.131541
0.0742934	-0.149032
0.078378	-0.152288
0.0773327	-0.148153
0.0802403	-0.142147
0.0822921	-0.145774
0.0818103	-0.133209
0.0691285	-0.138612
0.0765842	-0.142196
0.0693915	-0.140439
0.0730501	-0.139801
0.0740027	-0.14005
0.0860135	-0.131152
0.0858437	-0.132028
0.0880934	-0.138593
0.0851845	-0.144139
0.0771737	-0.141758
0.0861613	-0.139123
0.0843946	-0.147735
0.0835054	-0.132833
0.0804736	-0.135308
0.0738333	-0.117448
0.0877492	-0.12826
0.0880225	-0.124928
0.0879946	-0.125779
0.0866461	-0.126831
0.0856934	-0.120146
0.0831925	-0.121883
0.083205	-0.122016
0.0894443	-0.129757
0.0635763	-0.149705
0.0696707	-0.148484
0.0692305	-0.123206
0.0850373	-0.110799
0.0934778	-0.104964
0.110153	-0.0933896
0.132119	-0.0744041
0.146073	-0.0528635
0.153923	-0.0475684
0.157601	-0.039973
0.155117	-0.0416521
0.152733	-0.0356768
0.159178	-0.0247836
0.155394	-0.0110151
0.141109	0.00739385
0.1359	0.021154
0.120621	0.0250259
0.121191	0.0255787
0.127214	0.0313535
0.130942	0.0392576
0.129064	0.0605902
0.12628	0.0624628
0.123444	0.0658726
0.122936	0.0671122
0.141008	0.0648483
0.147349	0.0659362
0.142696	0.0745766
0.122101	0.0684479
0.123862	0.0869569
0.109685	0.0909966
0.119872	0.100999
0.120637	0.117256
0.110133	0.123182
0.119692	0.126826
0.110134	0.127434
0.0965873	0.119534
0.0924628	0.123595
0.0893625	0.128774
0.0760401	0.120242
0.0685256	0.113683
0.0689118	0.120296
0.0769676	0.107373
0.0846803	0.120074
0.0841014	0.125938
0.0759437	0.112361
0.0732026	0.123591
0.0731692	0.128744
0.0781339	0.150439
0.0777904	0.148489
0.0736484	0.140455
0.0685539	0.13767
0.0742283	0.13746
0.0565303	0.147316
0.0487912	0.153828
0.0517615	0.148198
0.049312	0.168537
0.0480591	0.165575
0.0489282	0.145881
0.0419977	0.15694
0.0396765	0.160047
0.0278968	0.168851
0.0270801	0.166239
0.0315137	0.170512
0.0316516	0.168471
0.0323236	0.166139
0.03061	0.163166
0.0226067	0.178683
0.0233909	0.174876
0.0206811	0.165956
0.0206335	0.154255
0.011021	0.157781
0.0120266	0.157942
0.0126104	0.157399
0.00134443	0.139834
-0.00282826	0.150034
-0.00209445	0.151906
-0.00155485	0.153055
-0.000349817	0.154329
0.00303117	0.158145
-0.000591948	0.157554
-0.00238208	0.155681
0.00557179	0.161878
-0.0131556	0.164345
-0.0150185	0.1643
-0.0269242	0.167072
-0.0220452	0.156989
-0.0262038	0.172371
-0.0212451	0.172313
-0.0403364	0.162682
-0.0394329	0.161247
-0.0332225	0.168083
-0.0409331	0.173487
-0.0467007	0.165916
-0.0547306	0.163469
-0.043441	0.164796
-0.0509408	0.157859
-0.0570616	0.154855
-0.0490894	0.168061
-0.0461987	0.161026
-0.0449713	0.158114
-0.0477238	0.160486
-0.0522399	0.151241
-0.0438859	0.146513
-0.0350295	0.145481
-0.0295642	0.150671
-0.0297707	0.159072
-0.0291899	0.157066
-0.0255611	0.165065
-0.0197453	0.162982
-0.0110829	0.185579
-0.0286787	0.169349
-0.0262	0.168713
-0.0235482	0.165423
-0.0266844	0.165772
-0.0373685	0.165521
-0.0408592	0.166467
-0.0396297	0.168894
-0.0341968	0.168123
-0.0373937	0.166291
-0.037331	0.152806
-0.0432775	0.154207
-0.0394652	0.155191
-0.0424262	0.154262
-0.0388987	0.15444
-0.0427254	0.150327
-0.0422091	0.153745
-0.0413696	0.156184
-0.0375801	0.160222
-0.0430623	0.153117
-0.0517453	0.15569
-0.0525241	0.156439
-0.0503189	0.154049
-0.0484056	0.144739
-0.0524135	0.146789
-0.0466408	0.137387
-0.0442912	0.144893
-0.0366132	0.141272
-0.038012	0.14399
-0.0295186	0.149618
-0.0234607	0.15167
-0.021263	0.142835
-0.00918172	0.137914
-0.00960327	0.145612
-0.00994537	0.147651
-0.00204748	0.164897
-0.00677186	0.1684
0.0066804	0.162904
0.00978792	0.175338
-0.000345985	0.177838
-0.0105687	0.174838
-0.0121925	0.171415
-0.0158751	0.170768
-0.0160087	0.166068
-0.0149753	0.166732
-0.00771257	0.160981
-0.0198324	0.170425
-0.0105104	0.176905
-0.00791992	0.164444
-0.0153092	0.143885
-0.0238369	0.151283
-0.021026	0.155446
-0.0247214	0.169174
-0.0250396	0.166457
-0.0254619	0.160551
-0.0427317	0.156934
-0.0436385	0.154203
-0.0402725	0.14542
-0.041673	0.146465
-0.0378915	0.139852
-0.0324585	0.141586
-0.0357489	0.139783
-0.0433162	0.132374
-0.0440272	0.123607
-0.0492352	0.132855
-0.0467184	0.127243
-0.0496592	0.126876
-0.0650667	0.139579
-0.0680112	0.141741
-0.0510522	0.155975
-0.042148	0.136211
-0.0451352	0.14063
-0.0355332	0.140456
-0.0387493	0.1309
-0.0420556	0.137415
-0.0586622	0.149589
-0.0520447	0.14556
-0.0444908	0.143332
-0.0454497	0.145745
-0.042843	0.148954
-0.0573308	0.154385
-0.065121	0.151679
-0.0556757	0.171553
-0.054957	0.16383
-0.0471461	0.168279
-0.0451438	0.166694
-0.0421157	0.161647
-0.0456439	0.160291
-0.0450685	0.160491
-0.0452124	0.153729
-0.0432767	0.150794
-0.0431097	0.143378
-0.0391068	0.129955
-0.038256	0.139173
-0.0370248	0.139464
-0.0414427	0.138224
-0.0364302	0.147
-0.0361032	0.147965
-0.0348995	0.148782
-0.0317088	0.149759
-0.0353412	0.161433
-0.0353726	0.161214
-0.0356465	0.159288
-0.0318186	0.160256
-0.0318553	0.159934
-0.0324102	0.175515
-0.0250304	0.179175
-0.0201415	0.166357
-0.036177	0.157824
-0.0371367	0.163446
-0.0439688	0.163834
-0.0521009	0.148852
-0.0559842	0.142771
-0.0505529	0.136118
-0.0518703	0.139064
-0.0505288	0.140391
-0.0499224	0.128223
-0.0496842	0.132423
-0.0405775	0.134656
-0.0522128	0.136973
-0.0596305	0.143467
-0.0709412	0.154648
-0.0691001	0.153973
-0.0613195	0.151724
-0.0548855	0.148616
-0.0445299	0.137344
-0.0646612	0.131644
-0.0515575	0.141353
-0.0773409	0.146465
-0.0721947	0.147521
-0.0703907	0.157625
-0.0692108	0.156223
-0.0767798	0.157648
-0.0655201	0.164397
-0.0506747	0.16579
-0.048991	0.16965
-0.0543012	0.16789
-0.0486661	0.156928
-0.047717	0.163839
-0.050198	0.170381
-0.0515109	0.164628
-0.0572667	0.157559
-0.0588596	0.162221
-0.0589712	0.160629
-0.0550176	0.149094
-0.0524992	0.152804
-0.0480167	0.152501
-0.0479832	0.154469
-0.0424688	0.168752
-0.0338197	0.175938
-0.0283991	0.171484
-0.0222568	0.172015
-0.0195451	0.166129
-0.0208431	0.160581
-0.0201312	0.159936
0.00809574	0.159293
0.00965253	0.165038
0.00912526	0.166462
0.00557709	0.168346
0.00679379	0.164059
0.01121	0.170838
0.00925471	0.166541
0.00900786	0.16434
0.00771583	0.161518
0.0160347	0.161905
0.0137475	0.151929
0.0113052	0.146579
0.0151067	0.139421
0.00987415	0.152515
-0.00606614	0.145524
-0.00364513	0.146549
-0.00744684	0.155081
-0.00357017	0.152033
-0.00187244	0.14809
0.0124377	0.157251
0.0156599	0.154099
0.0154806	0.157121
0.0176997	0.15939
0.0143297	0.166258
0.00698101	0.150194
0.01472	0.140475
0.0177432	0.145974
0.026005	0.156734
0.0277847	0.155986
0.0262106	0.146182
0.0239742	0.146234
0.00890146	0.156015
0.0058275	0.151103
0.018108	0.147195
0.0112877	0.137871
0.00858151	0.147525
0.00797386	0.144944
0.0111805	0.148472
-0.00520718	0.166815
-0.00340142	0.17269
-0.00913368	0.161201
-0.0150569	0.154747
-0.0171721	0.155431
-0.0126727	0.150906
-0.0096215	0.153684
-0.00513896	0.151962
-0.00767452	0.14533
-0.00438402	0.155387
-0.0205113	0.162704
-0.0131899	0.172019
-0.0118588	0.167299
-0.0106107	0.170633
-0.00285772	0.164796
-0.0026437	0.163025
-0.00198212	0.16118
-0.00436067	0.16046
-0.00331695	0.163342
-0.00267517	0.161973
-0.00196739	0.160794
-0.00125645	0.16034
-0.0159203	0.173044
-0.0132394	0.153235
-0.00690048	0.156309
-0.0113289	0.158438
-0.0074034	0.160536
-0.00715947	0.160064
0.00167498	0.157587
-0.000557952	0.150849
0.00420083	0.152688
-0.00260849	0.150226
0.00102407	0.153149
0.00672557	0.156634
0.00776344	0.156914
0.0143306	0.160289
0.0197127	0.153637
0.0190837	0.154046
0.00127941	0.142747
-0.00278274	0.147702
-0.00330497	0.144215
-0.00108553	0.148058
-0.00103646	0.154578
0.00035395	0.160705
0.000793102	0.160434
0.00158281	0.159994
-0.0107771	0.15352
-0.00212756	0.153731
0.00116987	0.156971
0.000684235	0.156858
0.00165264	0.153643
-0.00350924	0.151469
0.000285611	0.167698
0.0177936	0.152775
0.0297129	0.151699
0.0402518	0.154788
0.0435896	0.167802
0.0375064	0.164553
0.0264196	0.165331
0.0416394	0.173638
0.0389832	0.169123
0.0373798	0.166259
0.0372967	0.166914
0.0387255	0.15937
0.0344662	0.162022
0.0336188	0.16064
0.0367131	0.167007
0.0334257	0.163627
0.0337731	0.161188
0.0270261	0.169592
0.0402119	0.156001
0.0332042	0.152923
0.024859	0.166522
0.0158826	0.168943
0.0116616	0.167664
0.0043716	0.155965
0.00489813	0.159536
0.00474668	0.163489
0.013078	0.183624
0.012695	0.179391
0.00962698	0.180754
0.0068725	0.173774
0.00709194	0.173596
0.00986106	0.172237
0.0158495	0.171512
0.0155576	0.162393
0.00231804	0.165664
-0.00555824	0.179202
-0.0158972	0.173547
-0.0331951	0.171438
-0.0282234	0.170153
-0.0133285	0.170027
-0.00612854	0.166999
-0.00589991	0.155582
0.00235223	0.161838
-0.0112784	0.153128
-0.00876203	0.154263
-0.00764299	0.154888
-0.0014158	0.157794
0.00138795	0.157038
0.00218578	0.157184
0.00429428	0.160837
0.00446719	0.162664
0.00237014	0.162653
0.00615896	0.162326
0.0103826	0.16046
0.0120208	0.163699
0.0249244	0.139355
0.0296918	0.137732
0.0146151	0.13963
0.0115739	0.13626
0.017383	0.147953
0.0109258	0.140667
0.020787	0.141432
0.0177541	0.144642
0.0158107	0.147031
0.00640466	0.148004
0.00729492	0.144708
0.00682799	0.159565
0.0185271	0.164783
0.0187453	0.165116
0.0427445	0.146048
0.0420406	0.146789
0.0435593	0.142166
0.0449531	0.144223
0.035603	0.136606
0.0311969	0.137344
0.0258185	0.139291
0.0330307	0.149893
0.0196829	0.150558
0.0229979	0.155864
0.0272026	0.15787
0.0230045	0.160113
0.0288383	0.159788
0.0280767	0.157234
0.0221788	0.153861
0.0241752	0.150548
0.0248797	0.160231
0.0230961	0.163846
0.0165197	0.141739
0.0169689	0.144795
0.0291245	0.14038
0.0201594	0.14081
0.0101555	0.152867
0.011839	0.158226
-0.00245009	0.152082
-0.00652391	0.145378
-0.00498979	0.147004
-0.00951651	0.146198
-0.00889163	0.149187
-0.0132645	0.146002
-0.0147982	0.148605
-0.0166037	0.147434
-0.0149201	0.149618
-0.0135514	0.151113
-0.0208367	0.147961
-0.0042	0.143666
-0.0139578	0.155381
-0.0154353	0.153997
-0.0161207	0.156646
-0.0112258	0.155039
-0.00190426	0.153921
0.0101468	0.166905
0.0182797	0.172689
0.0240384	0.169008
0.0203137	0.167152
0.0271378	0.164792
0.0201199	0.169873
0.0192437	0.169664
0.0330159	0.167218
0.0366888	0.16139
0.0379769	0.163002
0.0429794	0.172017
0.0383172	0.169274
0.0197162	0.170246
0.0182787	0.163637
0.00576877	0.16013
0.0141291	0.157921
0.0228116	0.146505
0.0328405	0.15533
0.02194	0.155593
0.021288	0.156397
0.020978	0.154673
0.00927532	0.153822
0.0146417	0.149553
0.0173601	0.148401
0.0113489	0.141176
0.0118998	0.144227
0.021374	0.136556
0.0221734	0.144626
0.0265694	0.150188
0.0261918	0.151374
0.0366364	0.151009
0.0359248	0.152487
0.0322176	0.153783
0.030903	0.149842
0.0316718	0.149369
0.0310525	0.150812
0.0204594	0.147764
0.0296468	0.159608
0.0286437	0.156857
0.0233698	0.157753
0.0350802	0.167589
0.0304336	0.152712
0.0247248	0.174477
0.0198732	0.167551
0.0329279	0.143811
0.0321731	0.14776
0.0375985	0.148013
0.0317974	0.147892
0.0358052	0.162711
0.0367229	0.160172
0.0344616	0.158733
0.0341055	0.157934
0.029819	0.160944
0.0242236	0.149027
0.0252002	0.152316
0.0284235	0.153243
0.024443	0.150978
0.0196062	0.150495
0.0173933	0.155174
0.0177066	0.173174
0.0118208	0.175529
0.0120942	0.168602
0.0153959	0.182266
0.0158193	0.193723
0.0209347	0.192417
0.029963	0.182106
0.030979	0.174777
0.0303389	0.170516
0.0259851	0.162546
0.0280705	0.163659
0.0069566	0.181829
0.000475623	0.184425
0.00815502	0.18581
-0.00116077	0.168183
-0.00208269	0.14815
-0.00169687	0.142574
0.0106345	0.138448
0.0126611	0.139234
0.031658	0.148318
0.0308492	0.151923
0.0345106	0.160926
0.0407421	0.171119
0.0393762	0.156812
0.0346259	0.155524
0.0325979	0.1559
0.0330278	0.152376
0.033022	0.153204
0.0294732	0.145914
0.0290409	0.154218
0.028128	0.154444
0.0125057	0.150334
-0.00410326	0.160114
-0.00132626	0.159909
-0.00339407	0.156202
-0.0041744	0.142137
-0.000139121	0.15047
0.00322616	0.155172
0.0120738	0.156418
0.00537457	0.168577
0.0154991	0.168328
0.0120855	0.167288
0.0175531	0.142767
0.0294062	0.147272
0.0353529	0.164976
0.0408147	0.162646
0.0380477	0.159646
0.0556715	0.150951
0.0566539	0.159291
0.0611827	0.159189
0.0638492	0.15725
0.0535318	0.153042
0.0520564	0.151305
0.0442814	0.148619
0.0395032	0.163981
0.0489186	0.161006
0.0420604	0.152328
0.0260266	0.155111
0.0437462	0.151884
0.0441033	0.151927
0.0453179	0.15148
0.0518941	0.163095
0.0481238	0.158407
0.0562963	0.165771
0.0608245	0.171107
0.0582741	0.166483
0.0596995	0.164033
0.0541661	0.166847
0.064102	0.15801
0.0552595	0.154646
0.0566345	0.155934
0.0798469	0.167827
0.083542	0.171792
0.0755927	0.16838
0.0793492	0.149516
0.0787265	0.147555
0.0757912	0.142768
0.0716477	0.142095
0.0719087	0.144382
0.0735599	0.147027
0.0863656	0.129941
0.0829606	0.132669
0.0875099	0.124163
0.0948957	0.122401
0.0940053	0.125854
0.0873789	0.138573
0.0804086	0.134428
0.0878876	0.133419
0.083242	0.133222
0.0790439	0.124599
0.0781678	0.12705
0.0717804	0.142891
0.0674287	0.141423
0.0729643	0.144682
0.0857359	0.141026
0.0734139	0.152067
0.070222	0.150909
0.0619189	0.153979
0.0604193	0.161609
0.0626586	0.153837
0.0656246	0.159995
0.0655861	0.157092
0.0640502	0.158604
0.0501689	0.152757
0.0579916	0.157318
0.0678603	0.153906
0.0681426	0.151599
0.0870936	0.146461
0.0797063	0.139047
0.0785603	0.138112
0.070712	0.13687
0.0716855	0.137587
0.0785144	0.135353
0.0789053	0.135819
0.0726024	0.140402
0.0916286	0.131857
0.0780805	0.141404
0.077689	0.144225
0.0777127	0.144228
0.0705933	0.150613
0.0708439	0.148878
0.0780476	0.153339
0.0721624	0.153466
0.0662703	0.163903
0.0682735	0.162537
0.0707294	0.157721
0.0686184	0.165158
0.0643143	0.159401
0.0651146	0.154085
0.0686357	0.154536
0.0704627	0.153238
0.0629371	0.15819
0.0671593	0.150586
0.0665203	0.14704
0.0729018	0.133469
0.0790039	0.132091
0.0702513	0.141394
0.0708108	0.139431
0.069294	0.138483
0.0665961	0.137063
0.0673798	0.134546
0.0651583	0.129969
0.0515973	0.111693
0.0557411	0.114421
0.059952	0.126007
0.0531297	0.131541
0.0489286	0.126227
0.0431219	0.138719
0.0479755	0.138643
0.0466554	0.140844
0.0677873	0.13931
0.0501086	0.140464
0.0536084	0.135882
0.0482602	0.137006
0.0440915	0.138498
0.0401902	0.137871
0.0269488	0.14031
0.0360424	0.1398
0.0310764	0.152471
0.0468844	0.154841
0.0496406	0.153459
0.0508328	0.1541
0.0550486	0.14866
0.0352222	0.146178
0.0361633	0.147611
0.0394095	0.148839
0.0341282	0.158048
0.035355	0.154079
0.0456781	0.165846
0.043771	0.162196
0.0348721	0.16114
0.0217265	0.148896
0.0233856	0.154318
0.01157	0.164592
0.0298958	0.162978
0.0304411	0.150393
0.0250368	0.153925
0.0429087	0.146984
0.0419617	0.1484
0.0363451	0.164698
0.0325033	0.156623
0.0224466	0.164774
